0 -0.182108 -3.73639e-39 -1.72888e-39
1 -0.182108 -3.73639e-39 -1.728877204e-39
11 -0.1821080111 -3.736390694e-39 -1.728877204e-39
21 -0.1821080111 -3.736390694e-39 -1.728877204e-39
31 -0.1821080111 -3.736390694e-39 -1.728877204e-39
41 -0.1821080111 -3.736390694e-39 -1.728877204e-39
51 -0.1821080111 -3.736390694e-39 -1.728877204e-39
61 -0.1821080111 -3.736390694e-39 -1.728877204e-39
71 -0.1821080111 -3.736390694e-39 -1.728877204e-39
81 -0.1821080111 -3.736390694e-39 -1.728877204e-39
91 -0.1821080111 -3.736390694e-39 -1.728877204e-39
101 -0.1821080111 -3.736390694e-39 -1.728877204e-39
111 -0.1821080111 -3.736390694e-39 -1.728877204e-39
121 -0.1821080111 -3.736390694e-39 -1.728877204e-39
131 -0.1821080111 -3.736390694e-39 -1.728877204e-39
141 -0.1821080111 -3.736390694e-39 -1.728877204e-39
151 -0.1821080111 -3.736390694e-39 -1.728877204e-39
161 -0.1821080111 -3.736390694e-39 -1.728877204e-39
171 -0.1821080111 -3.736390694e-39 -1.728877204e-39
181 -0.1821080111 -3.736390694e-39 -1.728877204e-39
191 -0.1821080111 -3.736390694e-39 -1.728877204e-39
201 -0.1821080111 -3.736390694e-39 -1.728877204e-39
211 -0.1821080111 -3.736390694e-39 -1.728877204e-39
221 -0.1821080111 -3.736390694e-39 -1.728877204e-39
231 -0.1821080111 -3.736390694e-39 -1.728877204e-39
241 -0.1821080111 -3.736390694e-39 -1.728877204e-39
251 -0.1821080111 -3.736390694e-39 -1.728877204e-39
261 -0.1821080111 -3.736390694e-39 -1.728877204e-39
271 -0.1821080111 -3.736390694e-39 -1.728877204e-39
281 -0.1821080111 -3.736390694e-39 -1.728877204e-39
291 -0.1821080111 -3.736390694e-39 -1.728877204e-39
301 -0.1821080111 -3.736390694e-39 -1.728877204e-39
311 -0.1821080111 -3.736390694e-39 -1.728877204e-39
321 -0.1821080111 -3.736390694e-39 -1.728877204e-39
331 -0.1821080111 -3.736390694e-39 -1.728877204e-39
341 -0.1821080111 -3.736390694e-39 -1.728877204e-39
351 -0.1821080111 -3.736390694e-39 -1.728877204e-39
361 -0.1821080111 -3.736390694e-39 -1.728877204e-39
371 -0.1821080111 -3.736390694e-39 -1.728877204e-39
381 -0.1821080111 -3.736390694e-39 -1.728877204e-39
391 -0.1821080111 -3.736390694e-39 -1.728877204e-39
401 -0.1821080111 -3.736390694e-39 -1.728877204e-39
411 -0.1821080111 -3.736390694e-39 -1.728877204e-39
421 -0.1821080111 -3.736390694e-39 -1.728877204e-39
431 -0.1821080111 -3.736390694e-39 -1.728877204e-39
441 -0.1821080111 -3.736390694e-39 -1.728877204e-39
451 -0.1821080111 -3.736390694e-39 -1.728877204e-39
461 -0.1821080111 -3.736390694e-39 -1.728877204e-39
471 -0.1821080111 -3.736390694e-39 -1.728877204e-39
481 -0.1821080111 -3.736390694e-39 -1.728877204e-39
491 -0.1821080111 -3.736390694e-39 -1.728877204e-39
501 -0.1821080111 -3.736390694e-39 -1.728877204e-39
511 -0.1821080111 -3.736390694e-39 -1.728877204e-39
521 -0.1821080111 -3.736390694e-39 -1.728877204e-39
531 -0.1821080111 -3.736390694e-39 -1.728877204e-39
541 -0.1821080111 -3.736390694e-39 -1.728877204e-39
551 -0.1821080111 -3.736390694e-39 -1.728877204e-39
561 -0.1821080111 -3.736390694e-39 -1.728877204e-39
571 -0.1821080111 -3.736390694e-39 -1.728877204e-39
581 -0.1821080111 -3.736390694e-39 -1.728877204e-39
591 -0.1821080111 -3.736390694e-39 -1.728877204e-39
601 -0.1821080111 -3.736390694e-39 -1.728877204e-39
611 -0.1821080111 -3.736390694e-39 -1.728877204e-39
621 -0.1821080111 -3.736390694e-39 -1.728877204e-39
631 -0.1821080111 -3.736390694e-39 -1.728877204e-39
641 -0.1821080111 -3.736390694e-39 -1.728877204e-39
651 -0.1821080111 -3.736390694e-39 -1.728877204e-39
661 -0.1821080111 -3.736390694e-39 -1.728877204e-39
671 -0.1821080111 -3.736390694e-39 -1.728877204e-39
681 -0.1821080111 -3.736390694e-39 -1.728877204e-39
691 -0.1821080111 -3.736390694e-39 -1.728877204e-39
701 -0.1821080111 -3.736390694e-39 -1.728877204e-39
711 -0.1821080111 -3.736390694e-39 -1.728877204e-39
721 -0.1821080111 -3.736390694e-39 -1.728877204e-39
731 -0.1821080111 -3.736390694e-39 -1.728877204e-39
741 -0.1821080111 -3.736390694e-39 -1.728877204e-39
751 -0.1821080111 -3.736390694e-39 -1.728877204e-39
761 -0.1821080111 -3.736390694e-39 -1.728877204e-39
771 -0.1821080111 -3.736390694e-39 -1.728877204e-39
781 -0.1821080111 -3.736390694e-39 -1.728877204e-39
791 -0.1821080111 -3.736390694e-39 -1.728877204e-39
801 -0.1821080111 -3.736390694e-39 -1.728877204e-39
811 -0.1821080111 -3.736390694e-39 -1.728877204e-39
821 -0.1821080111 -3.736390694e-39 -1.728877204e-39
831 -0.1821080111 -3.736390694e-39 -1.728877204e-39
841 -0.1821080111 -3.736390694e-39 -1.728877204e-39
851 -0.1821080111 -3.736390694e-39 -1.728877204e-39
861 -0.1821080111 -3.736390694e-39 -1.728877204e-39
871 -0.1821080111 -3.736390694e-39 -1.728877204e-39
881 -0.1821080111 -3.736390694e-39 -1.728877204e-39
891 -0.1821080111 -3.736390694e-39 -1.728877204e-39
901 -0.1821080111 -3.736390694e-39 -1.728877204e-39
911 -0.1821080111 -3.736390694e-39 -1.728877204e-39
921 -0.1821080111 -3.736390694e-39 -1.728877204e-39
931 -0.1821080111 -3.736390694e-39 -1.728877204e-39
941 -0.1821080111 -3.736390694e-39 -1.728877204e-39
951 -0.1821080111 -3.736390694e-39 -1.728877204e-39
961 -0.1821080111 -3.736390694e-39 -1.728877204e-39
971 -0.1821080111 -3.736390694e-39 -1.728877204e-39
981 -0.1821080111 -3.736390694e-39 -1.728877204e-39
991 -0.1821080111 -3.736390694e-39 -1.728877204e-39
1001 -0.1821080111 -3.736390694e-39 -1.728877204e-39
1011 -0.1821080111 -3.736390694e-39 -1.728877204e-39
1021 -0.1821080111 -3.736390694e-39 -1.728877204e-39
1031 -0.1821080111 -3.736390694e-39 -1.728877204e-39
1041 -0.1821080111 -3.736390694e-39 -1.728877204e-39
1051 -0.1821080111 -3.736390694e-39 -1.728877204e-39
1061 -0.1821080111 -3.736390694e-39 -1.728877204e-39
1071 -0.1821080111 -3.736390694e-39 -1.728877204e-39
1081 -0.1821080111 -3.736390694e-39 -1.728877204e-39
1091 -0.1821080111 -3.736390694e-39 -1.728877204e-39
1101 -0.1821080111 -3.736390694e-39 -1.728877204e-39
1111 -0.1821080111 -3.736390694e-39 -1.728877204e-39
1121 -0.1821080111 -3.736390694e-39 -1.728877204e-39
1131 -0.1821080111 -3.736390694e-39 -1.728877204e-39
1141 -0.1821080111 -3.736390694e-39 -1.728877204e-39
1151 -0.1821080111 -3.736390694e-39 -1.728877204e-39
1161 -0.1821080111 -3.736390694e-39 -1.728877204e-39
1171 -0.1821080111 -3.736390694e-39 -1.728877204e-39
1181 -0.1821080111 -3.736390694e-39 -1.728877204e-39
1191 -0.1821080111 -3.736390694e-39 -1.728877204e-39
1201 -0.1821080111 -3.736390694e-39 -1.728877204e-39
1211 -0.1821080111 -3.736390694e-39 -1.728877204e-39
1221 -0.1821080111 -3.736390694e-39 -1.728877204e-39
1231 -0.1821080111 -3.736390694e-39 -1.728877204e-39
1241 -0.1821080111 -3.736390694e-39 -1.728877204e-39
1251 -0.1821080111 -3.736390694e-39 -1.728877204e-39
1261 -0.1821080111 -3.736390694e-39 -1.728877204e-39
1271 -0.1821080111 -3.736390694e-39 -1.728877204e-39
1281 -0.1821080111 -3.736390694e-39 -1.728877204e-39
1291 -0.1821080111 -3.736390694e-39 -1.728877204e-39
1301 -0.1821080111 -3.736390694e-39 -1.728877204e-39
1311 -0.1821080111 -3.736390694e-39 -1.728877204e-39
1321 -0.1821080111 -3.736390694e-39 -1.728877204e-39
1331 -0.1821080111 -3.736390694e-39 -1.728877204e-39
1341 -0.1821080111 -3.736390694e-39 -1.728877204e-39
1351 -0.1821080111 -3.736390694e-39 -1.728877204e-39
1361 -0.1821080111 -3.736390694e-39 -1.728877204e-39
1371 -0.1821080111 -3.736390694e-39 -1.728877204e-39
1381 -0.1821080111 -3.736390694e-39 -1.728877204e-39
1391 -0.1821080111 -3.736390694e-39 -1.728877204e-39
1401 -0.1821080111 -3.736390694e-39 -1.728877204e-39
1411 -0.1821080111 -3.736390694e-39 -1.728877204e-39
1421 -0.1821080111 -3.736390694e-39 -1.728877204e-39
1431 -0.1821080111 -3.736390694e-39 -1.728877204e-39
1441 -0.1821080111 -3.736390694e-39 -1.728877204e-39
1451 -0.1821080111 -3.736390694e-39 -1.728877204e-39
1461 -0.1821080111 -3.736390694e-39 -1.728877204e-39
1471 -0.1821080111 -3.736390694e-39 -1.728877204e-39
1481 -0.1821080111 -3.736390694e-39 -1.728877204e-39
1491 -0.1821080111 -3.736390694e-39 -1.728877204e-39
1501 -0.1821080111 -3.736390694e-39 -1.728877204e-39
1511 -0.1821080111 -3.736390694e-39 -1.728877204e-39
1521 -0.1821080111 -3.736390694e-39 -1.728877204e-39
1531 -0.1821080111 -3.736390694e-39 -1.728877204e-39
1541 -0.1821080111 -3.736390694e-39 -1.728877204e-39
1551 -0.1821080111 -3.736390694e-39 -1.728877204e-39
1561 -0.1821080111 -3.736390694e-39 -1.728877204e-39
1571 -0.1821080111 -3.736390694e-39 -1.728877204e-39
1581 -0.1821080111 -3.736390694e-39 -1.728877204e-39
1591 -0.1821080111 -3.736390694e-39 -1.728877204e-39
1601 -0.1821080111 -3.736390694e-39 -1.728877204e-39
1611 -0.1821080111 -3.736390694e-39 -1.728877204e-39
1621 -0.1821080111 -3.736390694e-39 -1.728877204e-39
1631 -0.1821080111 -3.736390694e-39 -1.728877204e-39
1641 -0.1821080111 -3.736390694e-39 -1.728877204e-39
1651 -0.1821080111 -3.736390694e-39 -1.728877204e-39
1661 -0.1821080111 -3.736390694e-39 -1.728877204e-39
1671 -0.1821080111 -3.736390694e-39 -1.728877204e-39
1681 -0.1821080111 -3.736390694e-39 -1.728877204e-39
1691 -0.1821080111 -3.736390694e-39 -1.728877204e-39
1701 -0.1821080111 -3.736390694e-39 -1.728877204e-39
1711 -0.1821080111 -3.736390694e-39 -1.728877204e-39
1721 -0.1821080111 -3.736390694e-39 -1.728877204e-39
1731 -0.1821080111 -3.736390694e-39 -1.728877204e-39
1741 -0.1821080111 -3.736390694e-39 -1.728877204e-39
1751 -0.1821080111 -3.736390694e-39 -1.728877204e-39
1761 -0.1821080111 -3.736390694e-39 -1.728877204e-39
1771 -0.1821080111 -3.736390694e-39 -1.728877204e-39
1781 -0.1821080111 -3.736390694e-39 -1.728877204e-39
1791 -0.1821080111 -3.736390694e-39 -1.728877204e-39
1801 -0.1821080111 -3.736390694e-39 -1.728877204e-39
1811 -0.1821080111 -3.736390694e-39 -1.728877204e-39
1821 -0.1821080111 -3.736390694e-39 -1.728877204e-39
1831 -0.1821080111 -3.736390694e-39 -1.728877204e-39
1841 -0.1821080111 -3.736390694e-39 -1.728877204e-39
1851 -0.1821080111 -3.736390694e-39 -1.728877204e-39
1861 -0.1821080111 -3.736390694e-39 -1.728877204e-39
1871 -0.1821080111 -3.736390694e-39 -1.728877204e-39
1881 -0.1821080111 -3.736390694e-39 -1.728877204e-39
1891 -0.1821080111 -3.736390694e-39 -1.728877204e-39
1901 -0.1821080111 -3.736390694e-39 -1.728877204e-39
1911 -0.1821080111 -3.736390694e-39 -1.728877204e-39
1921 -0.1821080111 -3.736390694e-39 -1.728877204e-39
1931 -0.1821080111 -3.736390694e-39 -1.728877204e-39
1941 -0.1821080111 -3.736390694e-39 -1.728877204e-39
1951 -0.1821080111 -3.736390694e-39 -1.728877204e-39
1961 -0.1821080111 -3.736390694e-39 -1.728877204e-39
1971 -0.1821080111 -3.736390694e-39 -1.728877204e-39
1981 -0.1821080111 -3.736390694e-39 -1.728877204e-39
1991 -0.1821080111 -3.736390694e-39 -1.728877204e-39
2001 -0.1821080111 -3.736390694e-39 -1.728877204e-39
2011 -0.1821080111 -3.736390694e-39 -1.728877204e-39
2021 -0.1821080111 -3.736390694e-39 -1.728877204e-39
2031 -0.1821080111 -3.736390694e-39 -1.728877204e-39
2041 -0.1821080111 -3.736390694e-39 -1.728877204e-39
2051 -0.1821080111 -3.736390694e-39 -1.728877204e-39
2061 -0.1821080111 -3.736390694e-39 -1.728877204e-39
2071 -0.1821080111 -3.736390694e-39 -1.728877204e-39
2081 -0.1821080111 -3.736390694e-39 -1.728877204e-39
2091 -0.1821080111 -3.736390694e-39 -1.728877204e-39
2101 -0.1821080111 -3.736390694e-39 -1.728877204e-39
2111 -0.1821080111 -3.736390694e-39 -1.728877204e-39
2121 -0.1821080111 -3.736390694e-39 -1.728877204e-39
2131 -0.1821080111 -3.736390694e-39 -1.728877204e-39
2141 -0.1821080111 -3.736390694e-39 -1.728877204e-39
2151 -0.1821080111 -3.736390694e-39 -1.728877204e-39
2161 -0.1821080111 -3.736390694e-39 -1.728877204e-39
2171 -0.1821080111 -3.736390694e-39 -1.728877204e-39
2181 -0.1821080111 -3.736390694e-39 -1.728877204e-39
2191 -0.1821080111 -3.736390694e-39 -1.728877204e-39
2201 -0.1821080111 -3.736390694e-39 -1.728877204e-39
2211 -0.1821080111 -3.736390694e-39 -1.728877204e-39
2221 -0.1821080111 -3.736390694e-39 -1.728877204e-39
2231 -0.1821080111 -3.736390694e-39 -1.728877204e-39
2241 -0.1821080111 -3.736390694e-39 -1.728877204e-39
2251 -0.1821080111 -3.736390694e-39 -1.728877204e-39
2261 -0.1821080111 -3.736390694e-39 -1.728877204e-39
2271 -0.1821080111 -3.736390694e-39 -1.728877204e-39
2281 -0.1821080111 -3.736390694e-39 -1.728877204e-39
2291 -0.1821080111 -3.736390694e-39 -1.728877204e-39
2301 -0.1821080111 -3.736390694e-39 -1.728877204e-39
2311 -0.1821080111 -3.736390694e-39 -1.728877204e-39
2321 -0.1821080111 -3.736390694e-39 -1.728877204e-39
2331 -0.1821080111 -3.736390694e-39 -1.728877204e-39
2341 -0.1821080111 -3.736390694e-39 -1.728877204e-39
2351 -0.1821080111 -3.736390694e-39 -1.728877204e-39
2361 -0.1821080111 -3.736390694e-39 -1.728877204e-39
2371 -0.1821080111 -3.736390694e-39 -1.728877204e-39
2381 -0.1821080111 -3.736390694e-39 -1.728877204e-39
2391 -0.1821080111 -3.736390694e-39 -1.728877204e-39
2401 -0.1821080111 -3.736390694e-39 -1.728877204e-39
2411 -0.1821080111 -3.736390694e-39 -1.728877204e-39
2421 -0.1821080111 -3.736390694e-39 -1.728877204e-39
2431 -0.1821080111 -3.736390694e-39 -1.728877204e-39
2441 -0.1821080111 -3.736390694e-39 -1.728877204e-39
2451 -0.1821080111 -3.736390694e-39 -1.728877204e-39
2461 -0.1821080111 -3.736390694e-39 -1.728877204e-39
2471 -0.1821080111 -3.736390694e-39 -1.728877204e-39
2481 -0.1821080111 -3.736390694e-39 -1.728877204e-39
2491 -0.1821080111 -3.736390694e-39 -1.728877204e-39
2501 -0.1821080111 -3.736390694e-39 -1.728877204e-39
2511 -0.1821080111 -3.736390694e-39 -1.728877204e-39
2521 -0.1821080111 -3.736390694e-39 -1.728877204e-39
2531 -0.1821080111 -3.736390694e-39 -1.728877204e-39
2541 -0.1821080111 -3.736390694e-39 -1.728877204e-39
2551 -0.1821080111 -3.736390694e-39 -1.728877204e-39
2561 -0.1821080111 -3.736390694e-39 -1.728877204e-39
2571 -0.1821080111 -3.736390694e-39 -1.728877204e-39
2581 -0.1821080111 -3.736390694e-39 -1.728877204e-39
2591 -0.1821080111 -3.736390694e-39 -1.728877204e-39
2601 -0.1821080111 -3.736390694e-39 -1.728877204e-39
2611 -0.1821080111 -3.736390694e-39 -1.728877204e-39
2621 -0.1821080111 -3.736390694e-39 -1.728877204e-39
2631 -0.1821080111 -3.736390694e-39 -1.728877204e-39
2641 -0.1821080111 -3.736390694e-39 -1.728877204e-39
2651 -0.1821080111 -3.736390694e-39 -1.728877204e-39
2661 -0.1821080111 -3.736390694e-39 -1.728877204e-39
2671 -0.1821080111 -3.736390694e-39 -1.728877204e-39
2681 -0.1821080111 -3.736390694e-39 -1.728877204e-39
2691 -0.1821080111 -3.736390694e-39 -1.728877204e-39
2701 -0.1821080111 -3.736390694e-39 -1.728877204e-39
2711 -0.1821080111 -3.736390694e-39 -1.728877204e-39
2721 -0.1821080111 -3.736390694e-39 -1.728877204e-39
2731 -0.1821080111 -3.736390694e-39 -1.728877204e-39
2741 -0.1821080111 -3.736390694e-39 -1.728877204e-39
2751 -0.1821080111 -3.736390694e-39 -1.728877204e-39
2761 -0.1821080111 -3.736390694e-39 -1.728877204e-39
2771 -0.1821080111 -3.736390694e-39 -1.728877204e-39
2781 -0.1821080111 -3.736390694e-39 -1.728877204e-39
2791 -0.1821080111 -3.736390694e-39 -1.728877204e-39
2801 -0.1821080111 -3.736390694e-39 -1.728877204e-39
2811 -0.1821080111 -3.736390694e-39 -1.728877204e-39
2821 -0.1821080111 -3.736390694e-39 -1.728877204e-39
2831 -0.1821080111 -3.736390694e-39 -1.728877204e-39
2841 -0.1821080111 -3.736390694e-39 -1.728877204e-39
2851 -0.1821080111 -3.736390694e-39 -1.728877204e-39
2861 -0.1821080111 -3.736390694e-39 -1.728877204e-39
2871 -0.1821080111 -3.736390694e-39 -1.728877204e-39
2881 -0.1821080111 -3.736390694e-39 -1.728877204e-39
2891 -0.1821080111 -3.736390694e-39 -1.728877204e-39
2901 -0.1821080111 -3.736390694e-39 -1.728877204e-39
2911 -0.1821080111 -3.736390694e-39 -1.728877204e-39
2921 -0.1821080111 -3.736390694e-39 -1.728877204e-39
2931 -0.1821080111 -3.736390694e-39 -1.728877204e-39
2941 -0.1821080111 -3.736390694e-39 -1.728877204e-39
2951 -0.1821080111 -3.736390694e-39 -1.728877204e-39
2961 -0.1821080111 -3.736390694e-39 -1.728877204e-39
2971 -0.1821080111 -3.736390694e-39 -1.728877204e-39
2981 -0.1821080111 -3.736390694e-39 -1.728877204e-39
2991 -0.1821080111 -3.736390694e-39 -1.728877204e-39
3001 -0.1821080111 -3.736390694e-39 -1.728877204e-39
3011 -0.1821080111 -3.736390694e-39 -1.728877204e-39
3021 -0.1821080111 -3.736390694e-39 -1.728877204e-39
3031 -0.1821080111 -3.736390694e-39 -1.728877204e-39
3041 -0.1821080111 -3.736390694e-39 -1.728877204e-39
3051 -0.1821080111 -3.736390694e-39 -1.728877204e-39
3061 -0.1821080111 -3.736390694e-39 -1.728877204e-39
3071 -0.1821080111 -3.736390694e-39 -1.728877204e-39
3081 -0.1821080111 -3.736390694e-39 -1.728877204e-39
3091 -0.1821080111 -3.736390694e-39 -1.728877204e-39
3101 -0.1821080111 -3.736390694e-39 -1.728877204e-39
3111 -0.1821080111 -3.736390694e-39 -1.728877204e-39
3121 -0.1821080111 -3.736390694e-39 -1.728877204e-39
3131 -0.1821080111 -3.736390694e-39 -1.728877204e-39
3141 -0.1821080111 -3.736390694e-39 -1.728877204e-39
3151 -0.1821080111 -3.736390694e-39 -1.728877204e-39
3161 -0.1821080111 -3.736390694e-39 -1.728877204e-39
3171 -0.1821080111 -3.736390694e-39 -1.728877204e-39
3181 -0.1821080111 -3.736390694e-39 -1.728877204e-39
3191 -0.1821080111 -3.736390694e-39 -1.728877204e-39
3201 -0.1821080111 -3.736390694e-39 -1.728877204e-39
3211 -0.1821080111 -3.736390694e-39 -1.728877204e-39
3221 -0.1821080111 -3.736390694e-39 -1.728877204e-39
3231 -0.1821080111 -3.736390694e-39 -1.728877204e-39
3241 -0.1821080111 -3.736390694e-39 -1.728877204e-39
3251 -0.1821080111 -3.736390694e-39 -1.728877204e-39
3261 -0.1821080111 -3.736390694e-39 -1.728877204e-39
3271 -0.1821080111 -3.736390694e-39 -1.728877204e-39
3281 -0.1821080111 -3.736390694e-39 -1.728877204e-39
3291 -0.1821080111 -3.736390694e-39 -1.728877204e-39
3301 -0.1821080111 -3.736390694e-39 -1.728877204e-39
3311 -0.1821080111 -3.736390694e-39 -1.728877204e-39
3321 -0.1821080111 -3.736390694e-39 -1.728877204e-39
3331 -0.1821080111 -3.736390694e-39 -1.728877204e-39
3341 -0.1821080111 -3.736390694e-39 -1.728877204e-39
3351 -0.1821080111 -3.736390694e-39 -1.728877204e-39
3361 -0.1821080111 -3.736390694e-39 -1.728877204e-39
3371 -0.1821080111 -3.736390694e-39 -1.728877204e-39
3381 -0.1821080111 -3.736390694e-39 -1.728877204e-39
3391 -0.1821080111 -3.736390694e-39 -1.728877204e-39
3401 -0.1821080111 -3.736390694e-39 -1.728877204e-39
3411 -0.1821080111 -3.736390694e-39 -1.728877204e-39
3421 -0.1821080111 -3.736390694e-39 -1.728877204e-39
3431 -0.1821080111 -3.736390694e-39 -1.728877204e-39
3441 -0.1821080111 -3.736390694e-39 -1.728877204e-39
3451 -0.1821080111 -3.736390694e-39 -1.728877204e-39
3461 -0.1821080111 -3.736390694e-39 -1.728877204e-39
3471 -0.1821080111 -3.736390694e-39 -1.728877204e-39
3481 -0.1821080111 -3.736390694e-39 -1.728877204e-39
3491 -0.1821080111 -3.736390694e-39 -1.728877204e-39
3501 -0.1821080111 -3.736390694e-39 -1.728877204e-39
3511 -0.1821080111 -3.736390694e-39 -1.728877204e-39
3521 -0.1821080111 -3.736390694e-39 -1.728877204e-39
3531 -0.1821080111 -3.736390694e-39 -1.728877204e-39
3541 -0.1821080111 -3.736390694e-39 -1.728877204e-39
3551 -0.1821080111 -3.736390694e-39 -1.728877204e-39
3561 -0.1821080111 -3.736390694e-39 -1.728877204e-39
3571 -0.1821080111 -3.736390694e-39 -1.728877204e-39
3581 -0.1821080111 -3.736390694e-39 -1.728877204e-39
3591 -0.1821080111 -3.736390694e-39 -1.728877204e-39
3601 -0.1821080111 -3.736390694e-39 -1.728877204e-39
3611 -0.1821080111 -3.736390694e-39 -1.728877204e-39
3621 -0.1821080111 -3.736390694e-39 -1.728877204e-39
3631 -0.1821080111 -3.736390694e-39 -1.728877204e-39
3641 -0.1821080111 -3.736390694e-39 -1.728877204e-39
3651 -0.1821080111 -3.736390694e-39 -1.728877204e-39
3661 -0.1821080111 -3.736390694e-39 -1.728877204e-39
3671 -0.1821080111 -3.736390694e-39 -1.728877204e-39
3681 -0.1821080111 -3.736390694e-39 -1.728877204e-39
3691 -0.1821080111 -3.736390694e-39 -1.728877204e-39
3701 -0.1821080111 -3.736390694e-39 -1.728877204e-39
3711 -0.1821080111 -3.736390694e-39 -1.728877204e-39
3721 -0.1821080111 -3.736390694e-39 -1.728877204e-39
3731 -0.1821080111 -3.736390694e-39 -1.728877204e-39
3741 -0.1821080111 -3.736390694e-39 -1.728877204e-39
3751 -0.1821080111 -3.736390694e-39 -1.728877204e-39
3761 -0.1821080111 -3.736390694e-39 -1.728877204e-39
3771 -0.1821080111 -3.736390694e-39 -1.728877204e-39
3781 -0.1821080111 -3.736390694e-39 -1.728877204e-39
3791 -0.1821080111 -3.736390694e-39 -1.728877204e-39
3801 -0.1821080111 -3.736390694e-39 -1.728877204e-39
3811 -0.1821080111 -3.736390694e-39 -1.728877204e-39
3821 -0.1821080111 -3.736390694e-39 -1.728877204e-39
3831 -0.1821080111 -3.736390694e-39 -1.728877204e-39
3841 -0.1821080111 -3.736390694e-39 -1.728877204e-39
3851 -0.1821080111 -3.736390694e-39 -1.728877204e-39
3861 -0.1821080111 -3.736390694e-39 -1.728877204e-39
3871 -0.1821080111 -3.736390694e-39 -1.728877204e-39
3881 -0.1821080111 -3.736390694e-39 -1.728877204e-39
3891 -0.1821080111 -3.736390694e-39 -1.728877204e-39
3901 -0.1821080111 -3.736390694e-39 -1.728877204e-39
3911 -0.1821080111 -3.736390694e-39 -1.728877204e-39
3921 -0.1821080111 -3.736390694e-39 -1.728877204e-39
3931 -0.1821080111 -3.736390694e-39 -1.728877204e-39
3941 -0.1821080111 -3.736390694e-39 -1.728877204e-39
3951 -0.1821080111 -3.736390694e-39 -1.728877204e-39
3961 -0.1821080111 -3.736390694e-39 -1.728877204e-39
3971 -0.1821080111 -3.736390694e-39 -1.728877204e-39
3981 -0.1821080111 -3.736390694e-39 -1.728877204e-39
3991 -0.1821080111 -3.736390694e-39 -1.728877204e-39
4001 -0.1821080111 -3.736390694e-39 -1.728877204e-39
4011 -0.1821080111 -3.736390694e-39 -1.728877204e-39
4021 -0.1821080111 -3.736390694e-39 -1.728877204e-39
4031 -0.1821080111 -3.736390694e-39 -1.728877204e-39
4041 -0.1821080111 -3.736390694e-39 -1.728877204e-39
4051 -0.1821080111 -3.736390694e-39 -1.728877204e-39
4061 -0.1821080111 -3.736390694e-39 -1.728877204e-39
4071 -0.1821080111 -3.736390694e-39 -1.728877204e-39
4081 -0.1821080111 -3.736390694e-39 -1.728877204e-39
4091 -0.1821080111 -3.736390694e-39 -1.728877204e-39
4101 -0.1821080111 -3.736390694e-39 -1.728877204e-39
4111 -0.1821080111 -3.736390694e-39 -1.728877204e-39
4121 -0.1821080111 -3.736390694e-39 -1.728877204e-39
4131 -0.1821080111 -3.736390694e-39 -1.728877204e-39
4141 -0.1821080111 -3.736390694e-39 -1.728877204e-39
4151 -0.1821080111 -3.736390694e-39 -1.728877204e-39
4161 -0.1821080111 -3.736390694e-39 -1.728877204e-39
4171 -0.1821080111 -3.736390694e-39 -1.728877204e-39
4181 -0.1821080111 -3.736390694e-39 -1.728877204e-39
4191 -0.1821080111 -3.736390694e-39 -1.728877204e-39
4201 -0.1821080111 -3.736390694e-39 -1.728877204e-39
4211 -0.1821080111 -3.736390694e-39 -1.728877204e-39
4221 -0.1821080111 -3.736390694e-39 -1.728877204e-39
4231 -0.1821080111 -3.736390694e-39 -1.728877204e-39
4241 -0.1821080111 -3.736390694e-39 -1.728877204e-39
4251 -0.1821080111 -3.736390694e-39 -1.728877204e-39
4261 -0.1821080111 -3.736390694e-39 -1.728877204e-39
4271 -0.1821080111 -3.736390694e-39 -1.728877204e-39
4281 -0.1821080111 -3.736390694e-39 -1.728877204e-39
4291 -0.1821080111 -3.736390694e-39 -1.728877204e-39
4301 -0.1821080111 -3.736390694e-39 -1.728877204e-39
4311 -0.1821080111 -3.736390694e-39 -1.728877204e-39
4321 -0.1821080111 -3.736390694e-39 -1.728877204e-39
4331 -0.1821080111 -3.736390694e-39 -1.728877204e-39
4341 -0.1821080111 -3.736390694e-39 -1.728877204e-39
4351 -0.1821080111 -3.736390694e-39 -1.728877204e-39
4361 -0.1821080111 -3.736390694e-39 -1.728877204e-39
4371 -0.1821080111 -3.736390694e-39 -1.728877204e-39
4381 -0.1821080111 -3.736390694e-39 -1.728877204e-39
4391 -0.1821080111 -3.736390694e-39 -1.728877204e-39
4401 -0.1821080111 -3.736390694e-39 -1.728877204e-39
4411 -0.1821080111 -3.736390694e-39 -1.728877204e-39
4421 -0.1821080111 -3.736390694e-39 -1.728877204e-39
4431 -0.1821080111 -3.736390694e-39 -1.728877204e-39
4441 -0.1821080111 -3.736390694e-39 -1.728877204e-39
4451 -0.1821080111 -3.736390694e-39 -1.728877204e-39
4461 -0.1821080111 -3.736390694e-39 -1.728877204e-39
4471 -0.1821080111 -3.736390694e-39 -1.728877204e-39
4481 -0.1821080111 -3.736390694e-39 -1.728877204e-39
4491 -0.1821080111 -3.736390694e-39 -1.728877204e-39
4501 -0.1821080111 -3.736390694e-39 -1.728877204e-39
4511 -0.1821080111 -3.736390694e-39 -1.728877204e-39
4521 -0.1821080111 -3.736390694e-39 -1.728877204e-39
4531 -0.1821080111 -3.736390694e-39 -1.728877204e-39
4541 -0.1821080111 -3.736390694e-39 -1.728877204e-39
4551 -0.1821080111 -3.736390694e-39 -1.728877204e-39
4561 -0.1821080111 -3.736390694e-39 -1.728877204e-39
4571 -0.1821080111 -3.736390694e-39 -1.728877204e-39
4581 -0.1821080111 -3.736390694e-39 -1.728877204e-39
4591 -0.1821080111 -3.736390694e-39 -1.728877204e-39
4601 -0.1821080111 -3.736390694e-39 -1.728877204e-39
4611 -0.1821080111 -3.736390694e-39 -1.728877204e-39
4621 -0.1821080111 -3.736390694e-39 -1.728877204e-39
4631 -0.1821080111 -3.736390694e-39 -1.728877204e-39
4641 -0.1821080111 -3.736390694e-39 -1.728877204e-39
4651 -0.1821080111 -3.736390694e-39 -1.728877204e-39
4661 -0.1821080111 -3.736390694e-39 -1.728877204e-39
4671 -0.1821080111 -3.736390694e-39 -1.728877204e-39
4681 -0.1821080111 -3.736390694e-39 -1.728877204e-39
4691 -0.1821080111 -3.736390694e-39 -1.728877204e-39
4701 -0.1821080111 -3.736390694e-39 -1.728877204e-39
4711 -0.1821080111 -3.736390694e-39 -1.728877204e-39
4721 -0.1821080111 -3.736390694e-39 -1.728877204e-39
4731 -0.1821080111 -3.736390694e-39 -1.728877204e-39
4741 -0.1821080111 -3.736390694e-39 -1.728877204e-39
4751 -0.1821080111 -3.736390694e-39 -1.728877204e-39
4761 -0.1821080111 -3.736390694e-39 -1.728877204e-39
4771 -0.1821080111 -3.736390694e-39 -1.728877204e-39
4781 -0.1821080111 -3.736390694e-39 -1.728877204e-39
4791 -0.1821080111 -3.736390694e-39 -1.728877204e-39
4801 -0.1821080111 -3.736390694e-39 -1.728877204e-39
4811 -0.1821080111 -3.736390694e-39 -1.728877204e-39
4821 -0.1821080111 -3.736390694e-39 -1.728877204e-39
4831 -0.1821080111 -3.736390694e-39 -1.728877204e-39
4841 -0.1821080111 -3.736390694e-39 -1.728877204e-39
4851 -0.1821080111 -3.736390694e-39 -1.728877204e-39
4861 -0.1821080111 -3.736390694e-39 -1.728877204e-39
4871 -0.1821080111 -3.736390694e-39 -1.728877204e-39
4881 -0.1821080111 -3.736390694e-39 -1.728877204e-39
4891 -0.1821080111 -3.736390694e-39 -1.728877204e-39
4901 -0.1821080111 -3.736390694e-39 -1.728877204e-39
4911 -0.1821080111 -3.736390694e-39 -1.728877204e-39
4921 -0.1821080111 -3.736390694e-39 -1.728877204e-39
4931 -0.1821080111 -3.736390694e-39 -1.728877204e-39
4941 -0.1821080111 -3.736390694e-39 -1.728877204e-39
4951 -0.1821080111 -3.736390694e-39 -1.728877204e-39
4961 -0.1821080111 -3.736390694e-39 -1.728877204e-39
4971 -0.1821080111 -3.736390694e-39 -1.728877204e-39
4981 -0.1821080111 -3.736390694e-39 -1.728877204e-39
4991 -0.1821080111 -3.736390694e-39 -1.728877204e-39
5001 -0.1821080111 -3.736390694e-39 -1.728877204e-39
5011 -0.1821080111 -3.736390694e-39 -1.728877204e-39
5021 -0.1821080111 -3.736390694e-39 -1.728877204e-39
5031 -0.1821080111 -3.736390694e-39 -1.728877204e-39
5041 -0.1821080111 -3.736390694e-39 -1.728877204e-39
5051 -0.1821080111 -3.736390694e-39 -1.728877204e-39
5061 -0.1821080111 -3.736390694e-39 -1.728877204e-39
5071 -0.1821080111 -3.736390694e-39 -1.728877204e-39
5081 -0.1821080111 -3.736390694e-39 -1.728877204e-39
5091 -0.1821080111 -3.736390694e-39 -1.728877204e-39
5101 -0.1821080111 -3.736390694e-39 -1.728877204e-39
5111 -0.1821080111 -3.736390694e-39 -1.728877204e-39
5121 -0.1821080111 -3.736390694e-39 -1.728877204e-39
5131 -0.1821080111 -3.736390694e-39 -1.728877204e-39
5141 -0.1821080111 -3.736390694e-39 -1.728877204e-39
5151 -0.1821080111 -3.736390694e-39 -1.728877204e-39
5161 -0.1821080111 -3.736390694e-39 -1.728877204e-39
5171 -0.1821080111 -3.736390694e-39 -1.728877204e-39
5181 -0.1821080111 -3.736390694e-39 -1.728877204e-39
5191 -0.1821080111 -3.736390694e-39 -1.728877204e-39
5201 -0.1821080111 -3.736390694e-39 -1.728877204e-39
5211 -0.1821080111 -3.736390694e-39 -1.728877204e-39
5221 -0.1821080111 -3.736390694e-39 -1.728877204e-39
5231 -0.1821080111 -3.736390694e-39 -1.728877204e-39
5241 -0.1821080111 -3.736390694e-39 -1.728877204e-39
5251 -0.1821080111 -3.736390694e-39 -1.728877204e-39
5261 -0.1821080111 -3.736390694e-39 -1.728877204e-39
5271 -0.1821080111 -3.736390694e-39 -1.728877204e-39
5281 -0.1821080111 -3.736390694e-39 -1.728877204e-39
5291 -0.1821080111 -3.736390694e-39 -1.728877204e-39
5301 -0.1821080111 -3.736390694e-39 -1.728877204e-39
5311 -0.1821080111 -3.736390694e-39 -1.728877204e-39
5321 -0.1821080111 -3.736390694e-39 -1.728877204e-39
5331 -0.1821080111 -3.736390694e-39 -1.728877204e-39
5341 -0.1821080111 -3.736390694e-39 -1.728877204e-39
5351 -0.1821080111 -3.736390694e-39 -1.728877204e-39
5361 -0.1821080111 -3.736390694e-39 -1.728877204e-39
5371 -0.1821080111 -3.736390694e-39 -1.728877204e-39
5381 -0.1821080111 -3.736390694e-39 -1.728877204e-39
5391 -0.1821080111 -3.736390694e-39 -1.728877204e-39
5401 -0.1821080111 -3.736390694e-39 -1.728877204e-39
5411 -0.1821080111 -3.736390694e-39 -1.728877204e-39
5421 -0.1821080111 -3.736390694e-39 -1.728877204e-39
5431 -0.1821080111 -3.736390694e-39 -1.728877204e-39
5441 -0.1821080111 -3.736390694e-39 -1.728877204e-39
5451 -0.1821080111 -3.736390694e-39 -1.728877204e-39
5461 -0.1821080111 -3.736390694e-39 -1.728877204e-39
5471 -0.1821080111 -3.736390694e-39 -1.728877204e-39
5481 -0.1821080111 -3.736390694e-39 -1.728877204e-39
5491 -0.1821080111 -3.736390694e-39 -1.728877204e-39
5501 -0.1821080111 -3.736390694e-39 -1.728877204e-39
5511 -0.1821080111 -3.736390694e-39 -1.728877204e-39
5521 -0.1821080111 -3.736390694e-39 -1.728877204e-39
5531 -0.1821080111 -3.736390694e-39 -1.728877204e-39
5541 -0.1821080111 -3.736390694e-39 -1.728877204e-39
5551 -0.1821080111 -3.736390694e-39 -1.728877204e-39
5561 -0.1821080111 -3.736390694e-39 -1.728877204e-39
5571 -0.1821080111 -3.736390694e-39 -1.728877204e-39
5581 -0.1821080111 -3.736390694e-39 -1.728877204e-39
5591 -0.1821080111 -3.736390694e-39 -1.728877204e-39
5601 -0.1821080111 -3.736390694e-39 -1.728877204e-39
5611 -0.1821080111 -3.736390694e-39 -1.728877204e-39
5621 -0.1821080111 -3.736390694e-39 -1.728877204e-39
5631 -0.1821080111 -3.736390694e-39 -1.728877204e-39
5641 -0.1821080111 -3.736390694e-39 -1.728877204e-39
5651 -0.1821080111 -3.736390694e-39 -1.728877204e-39
5661 -0.1821080111 -3.736390694e-39 -1.728877204e-39
5671 -0.1821080111 -3.736390694e-39 -1.728877204e-39
5681 -0.1821080111 -3.736390694e-39 -1.728877204e-39
5691 -0.1821080111 -3.736390694e-39 -1.728877204e-39
5701 -0.1821080111 -3.736390694e-39 -1.728877204e-39
5711 -0.1821080111 -3.736390694e-39 -1.728877204e-39
5721 -0.1821080111 -3.736390694e-39 -1.728877204e-39
5731 -0.1821080111 -3.736390694e-39 -1.728877204e-39
5741 -0.1821080111 -3.736390694e-39 -1.728877204e-39
5751 -0.1821080111 -3.736390694e-39 -1.728877204e-39
5761 -0.1821080111 -3.736390694e-39 -1.728877204e-39
5771 -0.1821080111 -3.736390694e-39 -1.728877204e-39
5781 -0.1821080111 -3.736390694e-39 -1.728877204e-39
5791 -0.1821080111 -3.736390694e-39 -1.728877204e-39
5801 -0.1821080111 -3.736390694e-39 -1.728877204e-39
5811 -0.1821080111 -3.736390694e-39 -1.728877204e-39
5821 -0.1821080111 -3.736390694e-39 -1.728877204e-39
5831 -0.1821080111 -3.736390694e-39 -1.728877204e-39
5841 -0.1821080111 -3.736390694e-39 -1.728877204e-39
5851 -0.1821080111 -3.736390694e-39 -1.728877204e-39
5861 -0.1821080111 -3.736390694e-39 -1.728877204e-39
5871 -0.1821080111 -3.736390694e-39 -1.728877204e-39
5881 -0.1821080111 -3.736390694e-39 -1.728877204e-39
5891 -0.1821080111 -3.736390694e-39 -1.728877204e-39
5901 -0.1821080111 -3.736390694e-39 -1.728877204e-39
5911 -0.1821080111 -3.736390694e-39 -1.728877204e-39
5921 -0.1821080111 -3.736390694e-39 -1.728877204e-39
5931 -0.1821080111 -3.736390694e-39 -1.728877204e-39
5941 -0.1821080111 -3.736390694e-39 -1.728877204e-39
5951 -0.1821080111 -3.736390694e-39 -1.728877204e-39
5961 -0.1821080111 -3.736390694e-39 -1.728877204e-39
5971 -0.1821080111 -3.736390694e-39 -1.728877204e-39
5981 -0.1821080111 -3.736390694e-39 -1.728877204e-39
5991 -0.1821080111 -3.736390694e-39 -1.728877204e-39
6001 -0.1821080111 -3.736390694e-39 -1.728877204e-39
6011 -0.1821080111 -3.736390694e-39 -1.728877204e-39
6021 -0.1821080111 -3.736390694e-39 -1.728877204e-39
6031 -0.1821080111 -3.736390694e-39 -1.728877204e-39
6041 -0.1821080111 -3.736390694e-39 -1.728877204e-39
6051 -0.1821080111 -3.736390694e-39 -1.728877204e-39
6061 -0.1821080111 -3.736390694e-39 -1.728877204e-39
6071 -0.1821080111 -3.736390694e-39 -1.728877204e-39
6081 -0.1821080111 -3.736390694e-39 -1.728877204e-39
6091 -0.1821080111 -3.736390694e-39 -1.728877204e-39
6101 -0.1821080111 -3.736390694e-39 -1.728877204e-39
6111 -0.1821080111 -3.736390694e-39 -1.728877204e-39
6121 -0.1821080111 -3.736390694e-39 -1.728877204e-39
6131 -0.1821080111 -3.736390694e-39 -1.728877204e-39
6141 -0.1821080111 -3.736390694e-39 -1.728877204e-39
6151 -0.1821080111 -3.736390694e-39 -1.728877204e-39
6161 -0.1821080111 -3.736390694e-39 -1.728877204e-39
6171 -0.1821080111 -3.736390694e-39 -1.728877204e-39
6181 -0.1821080111 -3.736390694e-39 -1.728877204e-39
6191 -0.1821080111 -3.736390694e-39 -1.728877204e-39
6201 -0.1821080111 -3.736390694e-39 -1.728877204e-39
6211 -0.1821080111 -3.736390694e-39 -1.728877204e-39
6221 -0.1821080111 -3.736390694e-39 -1.728877204e-39
6231 -0.1821080111 -3.736390694e-39 -1.728877204e-39
6241 -0.1821080111 -3.736390694e-39 -1.728877204e-39
6251 -0.1821080111 -3.736390694e-39 -1.728877204e-39
6261 -0.1821080111 -3.736390694e-39 -1.728877204e-39
6271 -0.1821080111 -3.736390694e-39 -1.728877204e-39
6281 -0.1821080111 -3.736390694e-39 -1.728877204e-39
6291 -0.1821080111 -3.736390694e-39 -1.728877204e-39
6301 -0.1821080111 -3.736390694e-39 -1.728877204e-39
6311 -0.1821080111 -3.736390694e-39 -1.728877204e-39
6321 -0.1821080111 -3.736390694e-39 -1.728877204e-39
6331 -0.1821080111 -3.736390694e-39 -1.728877204e-39
6341 -0.1821080111 -3.736390694e-39 -1.728877204e-39
6351 -0.1821080111 -3.736390694e-39 -1.728877204e-39
6361 -0.1821080111 -3.736390694e-39 -1.728877204e-39
6371 -0.1821080111 -3.736390694e-39 -1.728877204e-39
6381 -0.1821080111 -3.736390694e-39 -1.728877204e-39
6391 -0.1821080111 -3.736390694e-39 -1.728877204e-39
6401 -0.1821080111 -3.736390694e-39 -1.728877204e-39
6411 -0.1821080111 -3.736390694e-39 -1.728877204e-39
6421 -0.1821080111 -3.736390694e-39 -1.728877204e-39
6431 -0.1821080111 -3.736390694e-39 -1.728877204e-39
6441 -0.1821080111 -3.736390694e-39 -1.728877204e-39
6451 -0.1821080111 -3.736390694e-39 -1.728877204e-39
6461 -0.1821080111 -3.736390694e-39 -1.728877204e-39
6471 -0.1821080111 -3.736390694e-39 -1.728877204e-39
6481 -0.1821080111 -3.736390694e-39 -1.728877204e-39
6491 -0.1821080111 -3.736390694e-39 -1.728877204e-39
6501 -0.1821080111 -3.736390694e-39 -1.728877204e-39
6511 -0.1821080111 -3.736390694e-39 -1.728877204e-39
6521 -0.1821080111 -3.736390694e-39 -1.728877204e-39
6531 -0.1821080111 -3.736390694e-39 -1.728877204e-39
6541 -0.1821080111 -3.736390694e-39 -1.728877204e-39
6551 -0.1821080111 -3.736390694e-39 -1.728877204e-39
6561 -0.1821080111 -3.736390694e-39 -1.728877204e-39
6571 -0.1821080111 -3.736390694e-39 -1.728877204e-39
6581 -0.1821080111 -3.736390694e-39 -1.728877204e-39
6591 -0.1821080111 -3.736390694e-39 -1.728877204e-39
6601 -0.1821080111 -3.736390694e-39 -1.728877204e-39
6611 -0.1821080111 -3.736390694e-39 -1.728877204e-39
6621 -0.1821080111 -3.736390694e-39 -1.728877204e-39
6631 -0.1821080111 -3.736390694e-39 -1.728877204e-39
6641 -0.1821080111 -3.736390694e-39 -1.728877204e-39
6651 -0.1821080111 -3.736390694e-39 -1.728877204e-39
6661 -0.1821080111 -3.736390694e-39 -1.728877204e-39
6671 -0.1821080111 -3.736390694e-39 -1.728877204e-39
6681 -0.1821080111 -3.736390694e-39 -1.728877204e-39
6691 -0.1821080111 -3.736390694e-39 -1.728877204e-39
6701 -0.1821080111 -3.736390694e-39 -1.728877204e-39
6711 -0.1821080111 -3.736390694e-39 -1.728877204e-39
6721 -0.1821080111 -3.736390694e-39 -1.728877204e-39
6731 -0.1821080111 -3.736390694e-39 -1.728877204e-39
6741 -0.1821080111 -3.736390694e-39 -1.728877204e-39
6751 -0.1821080111 -3.736390694e-39 -1.728877204e-39
6761 -0.1821080111 -3.736390694e-39 -1.728877204e-39
6771 -0.1821080111 -3.736390694e-39 -1.728877204e-39
6781 -0.1821080111 -3.736390694e-39 -1.728877204e-39
6791 -0.1821080111 -3.736390694e-39 -1.728877204e-39
6801 -0.1821080111 -3.736390694e-39 -1.728877204e-39
6811 -0.1821080111 -3.736390694e-39 -1.728877204e-39
6821 -0.1821080111 -3.736390694e-39 -1.728877204e-39
6831 -0.1821080111 -3.736390694e-39 -1.728877204e-39
6841 -0.1821080111 -3.736390694e-39 -1.728877204e-39
6851 -0.1821080111 -3.736390694e-39 -1.728877204e-39
6861 -0.1821080111 -3.736390694e-39 -1.728877204e-39
6871 -0.1821080111 -3.736390694e-39 -1.728877204e-39
6881 -0.1821080111 -3.736390694e-39 -1.728877204e-39
6891 -0.1821080111 -3.736390694e-39 -1.728877204e-39
6901 -0.1821080111 -3.736390694e-39 -1.728877204e-39
6911 -0.1821080111 -3.736390694e-39 -1.728877204e-39
6921 -0.1821080111 -3.736390694e-39 -1.728877204e-39
6931 -0.1821080111 -3.736390694e-39 -1.728877204e-39
6941 -0.1821080111 -3.736390694e-39 -1.728877204e-39
6951 -0.1821080111 -3.736390694e-39 -1.728877204e-39
6961 -0.1821080111 -3.736390694e-39 -1.728877204e-39
6971 -0.1821080111 -3.736390694e-39 -1.728877204e-39
6981 -0.1821080111 -3.736390694e-39 -1.728877204e-39
6991 -0.1821080111 -3.736390694e-39 -1.728877204e-39
7001 -0.1821080111 -3.736390694e-39 -1.728877204e-39
7011 -0.1821080111 -3.736390694e-39 -1.728877204e-39
7021 -0.1821080111 -3.736390694e-39 -1.728877204e-39
7031 -0.1821080111 -3.736390694e-39 -1.728877204e-39
7041 -0.1821080111 -3.736390694e-39 -1.728877204e-39
7051 -0.1821080111 -3.736390694e-39 -1.728877204e-39
7061 -0.1821080111 -3.736390694e-39 -1.728877204e-39
7071 -0.1821080111 -3.736390694e-39 -1.728877204e-39
7081 -0.1821080111 -3.736390694e-39 -1.728877204e-39
7091 -0.1821080111 -3.736390694e-39 -1.728877204e-39
7101 -0.1821080111 -3.736390694e-39 -1.728877204e-39
7111 -0.1821080111 -3.736390694e-39 -1.728877204e-39
7121 -0.1821080111 -3.736390694e-39 -1.728877204e-39
7131 -0.1821080111 -3.736390694e-39 -1.728877204e-39
7141 -0.1821080111 -3.736390694e-39 -1.728877204e-39
7151 -0.1821080111 -3.736390694e-39 -1.728877204e-39
7161 -0.1821080111 -3.736390694e-39 -1.728877204e-39
7171 -0.1821080111 -3.736390694e-39 -1.728877204e-39
7181 -0.1821080111 -3.736390694e-39 -1.728877204e-39
7191 -0.1821080111 -3.736390694e-39 -1.728877204e-39
7201 -0.1821080111 -3.736390694e-39 -1.728877204e-39
7211 -0.1821080111 -3.736390694e-39 -1.728877204e-39
7221 -0.1821080111 -3.736390694e-39 -1.728877204e-39
7231 -0.1821080111 -3.736390694e-39 -1.728877204e-39
7241 -0.1821080111 -3.736390694e-39 -1.728877204e-39
7251 -0.1821080111 -3.736390694e-39 -1.728877204e-39
7261 -0.1821080111 -3.736390694e-39 -1.728877204e-39
7271 -0.1821080111 -3.736390694e-39 -1.728877204e-39
7281 -0.1821080111 -3.736390694e-39 -1.728877204e-39
7291 -0.1821080111 -3.736390694e-39 -1.728877204e-39
7301 -0.1821080111 -3.736390694e-39 -1.728877204e-39
7311 -0.1821080111 -3.736390694e-39 -1.728877204e-39
7321 -0.1821080111 -3.736390694e-39 -1.728877204e-39
7331 -0.1821080111 -3.736390694e-39 -1.728877204e-39
7341 -0.1821080111 -3.736390694e-39 -1.728877204e-39
7351 -0.1821080111 -3.736390694e-39 -1.728877204e-39
7361 -0.1821080111 -3.736390694e-39 -1.728877204e-39
7371 -0.1821080111 -3.736390694e-39 -1.728877204e-39
7381 -0.1821080111 -3.736390694e-39 -1.728877204e-39
7391 -0.1821080111 -3.736390694e-39 -1.728877204e-39
7401 -0.1821080111 -3.736390694e-39 -1.728877204e-39
7411 -0.1821080111 -3.736390694e-39 -1.728877204e-39
7421 -0.1821080111 -3.736390694e-39 -1.728877204e-39
7431 -0.1821080111 -3.736390694e-39 -1.728877204e-39
7441 -0.1821080111 -3.736390694e-39 -1.728877204e-39
7451 -0.1821080111 -3.736390694e-39 -1.728877204e-39
7461 -0.1821080111 -3.736390694e-39 -1.728877204e-39
7471 -0.1821080111 -3.736390694e-39 -1.728877204e-39
7481 -0.1821080111 -3.736390694e-39 -1.728877204e-39
7491 -0.1821080111 -3.736390694e-39 -1.728877204e-39
7501 -0.1821080111 -3.736390694e-39 -1.728877204e-39
7511 -0.1821080111 -3.736390694e-39 -1.728877204e-39
7521 -0.1821080111 -3.736390694e-39 -1.728877204e-39
7531 -0.1821080111 -3.736390694e-39 -1.728877204e-39
7541 -0.1821080111 -3.736390694e-39 -1.728877204e-39
7551 -0.1821080111 -3.736390694e-39 -1.728877204e-39
7561 -0.1821080111 -3.736390694e-39 -1.728877204e-39
7571 -0.1821080111 -3.736390694e-39 -1.728877204e-39
7581 -0.1821080111 -3.736390694e-39 -1.728877204e-39
7591 -0.1821080111 -3.736390694e-39 -1.728877204e-39
7601 -0.1821080111 -3.736390694e-39 -1.728877204e-39
7611 -0.1821080111 -3.736390694e-39 -1.728877204e-39
7621 -0.1821080111 -3.736390694e-39 -1.728877204e-39
7631 -0.1821080111 -3.736390694e-39 -1.728877204e-39
7641 -0.1821080111 -3.736390694e-39 -1.728877204e-39
7651 -0.1821080111 -3.736390694e-39 -1.728877204e-39
7661 -0.1821080111 -3.736390694e-39 -1.728877204e-39
7671 -0.1821080111 -3.736390694e-39 -1.728877204e-39
7681 -0.1821080111 -3.736390694e-39 -1.728877204e-39
7691 -0.1821080111 -3.736390694e-39 -1.728877204e-39
7701 -0.1821080111 -3.736390694e-39 -1.728877204e-39
7711 -0.1821080111 -3.736390694e-39 -1.728877204e-39
7721 -0.1821080111 -3.736390694e-39 -1.728877204e-39
7731 -0.1821080111 -3.736390694e-39 -1.728877204e-39
7741 -0.1821080111 -3.736390694e-39 -1.728877204e-39
7751 -0.1821080111 -3.736390694e-39 -1.728877204e-39
7761 -0.1821080111 -3.736390694e-39 -1.728877204e-39
7771 -0.1821080111 -3.736390694e-39 -1.728877204e-39
7781 -0.1821080111 -3.736390694e-39 -1.728877204e-39
7791 -0.1821080111 -3.736390694e-39 -1.728877204e-39
7801 -0.1821080111 -3.736390694e-39 -1.728877204e-39
7811 -0.1821080111 -3.736390694e-39 -1.728877204e-39
7821 -0.1821080111 -3.736390694e-39 -1.728877204e-39
7831 -0.1821080111 -3.736390694e-39 -1.728877204e-39
7841 -0.1821080111 -3.736390694e-39 -1.728877204e-39
7851 -0.1821080111 -3.736390694e-39 -1.728877204e-39
7861 -0.1821080111 -3.736390694e-39 -1.728877204e-39
7871 -0.1821080111 -3.736390694e-39 -1.728877204e-39
7881 -0.1821080111 -3.736390694e-39 -1.728877204e-39
7891 -0.1821080111 -3.736390694e-39 -1.728877204e-39
7901 -0.1821080111 -3.736390694e-39 -1.728877204e-39
7911 -0.1821080111 -3.736390694e-39 -1.728877204e-39
7921 -0.1821080111 -3.736390694e-39 -1.728877204e-39
7931 -0.1821080111 -3.736390694e-39 -1.728877204e-39
7941 -0.1821080111 -3.736390694e-39 -1.728877204e-39
7951 -0.1821080111 -3.736390694e-39 -1.728877204e-39
7961 -0.1821080111 -3.736390694e-39 -1.728877204e-39
7971 -0.1821080111 -3.736390694e-39 -1.728877204e-39
7981 -0.1821080111 -3.736390694e-39 -1.728877204e-39
7991 -0.1821080111 -3.736390694e-39 -1.728877204e-39
8001 -0.1821080111 -3.736390694e-39 -1.728877204e-39
8011 -0.1821080111 -3.736390694e-39 -1.728877204e-39
8021 -0.1821080111 -3.736390694e-39 -1.728877204e-39
8031 -0.1821080111 -3.736390694e-39 -1.728877204e-39
8041 -0.1821080111 -3.736390694e-39 -1.728877204e-39
8051 -0.1821080111 -3.736390694e-39 -1.728877204e-39
8061 -0.1821080111 -3.736390694e-39 -1.728877204e-39
8071 -0.1821080111 -3.736390694e-39 -1.728877204e-39
8081 -0.1821080111 -3.736390694e-39 -1.728877204e-39
8091 -0.1821080111 -3.736390694e-39 -1.728877204e-39
8101 -0.1821080111 -3.736390694e-39 -1.728877204e-39
8111 -0.1821080111 -3.736390694e-39 -1.728877204e-39
8121 -0.1821080111 -3.736390694e-39 -1.728877204e-39
8131 -0.1821080111 -3.736390694e-39 -1.728877204e-39
8141 -0.1821080111 -3.736390694e-39 -1.728877204e-39
8151 -0.1821080111 -3.736390694e-39 -1.728877204e-39
8161 -0.1821080111 -3.736390694e-39 -1.728877204e-39
8171 -0.1821080111 -3.736390694e-39 -1.728877204e-39
8181 -0.1821080111 -3.736390694e-39 -1.728877204e-39
8191 -0.1821080111 -3.736390694e-39 -1.728877204e-39
8201 -0.1821080111 -3.736390694e-39 -1.728877204e-39
8211 -0.1821080111 -3.736390694e-39 -1.728877204e-39
8221 -0.1821080111 -3.736390694e-39 -1.728877204e-39
8231 -0.1821080111 -3.736390694e-39 -1.728877204e-39
8241 -0.1821080111 -3.736390694e-39 -1.728877204e-39
8251 -0.1821080111 -3.736390694e-39 -1.728877204e-39
8261 -0.1821080111 -3.736390694e-39 -1.728877204e-39
8271 -0.1821080111 -3.736390694e-39 -1.728877204e-39
8281 -0.1821080111 -3.736390694e-39 -1.728877204e-39
8291 -0.1821080111 -3.736390694e-39 -1.728877204e-39
8301 -0.1821080111 -3.736390694e-39 -1.728877204e-39
8311 -0.1821080111 -3.736390694e-39 -1.728877204e-39
8321 -0.1821080111 -3.736390694e-39 -1.728877204e-39
8331 -0.1821080111 -3.736390694e-39 -1.728877204e-39
8341 -0.1821080111 -3.736390694e-39 -1.728877204e-39
8351 -0.1821080111 -3.736390694e-39 -1.728877204e-39
8361 -0.1821080111 -3.736390694e-39 -1.728877204e-39
8371 -0.1821080111 -3.736390694e-39 -1.728877204e-39
8381 -0.1821080111 -3.736390694e-39 -1.728877204e-39
8391 -0.1821080111 -3.736390694e-39 -1.728877204e-39
8401 -0.1821080111 -3.736390694e-39 -1.728877204e-39
8411 -0.1821080111 -3.736390694e-39 -1.728877204e-39
8421 -0.1821080111 -3.736390694e-39 -1.728877204e-39
8431 -0.1821080111 -3.736390694e-39 -1.728877204e-39
8441 -0.1821080111 -3.736390694e-39 -1.728877204e-39
8451 -0.1821080111 -3.736390694e-39 -1.728877204e-39
8461 -0.1821080111 -3.736390694e-39 -1.728877204e-39
8471 -0.1821080111 -3.736390694e-39 -1.728877204e-39
8481 -0.1821080111 -3.736390694e-39 -1.728877204e-39
8491 -0.1821080111 -3.736390694e-39 -1.728877204e-39
8501 -0.1821080111 -3.736390694e-39 -1.728877204e-39
8511 -0.1821080111 -3.736390694e-39 -1.728877204e-39
8521 -0.1821080111 -3.736390694e-39 -1.728877204e-39
8531 -0.1821080111 -3.736390694e-39 -1.728877204e-39
8541 -0.1821080111 -3.736390694e-39 -1.728877204e-39
8551 -0.1821080111 -3.736390694e-39 -1.728877204e-39
8561 -0.1821080111 -3.736390694e-39 -1.728877204e-39
8571 -0.1821080111 -3.736390694e-39 -1.728877204e-39
8581 -0.1821080111 -3.736390694e-39 -1.728877204e-39
8591 -0.1821080111 -3.736390694e-39 -1.728877204e-39
8601 -0.1821080111 -3.736390694e-39 -1.728877204e-39
8611 -0.1821080111 -3.736390694e-39 -1.728877204e-39
8621 -0.1821080111 -3.736390694e-39 -1.728877204e-39
8631 -0.1821080111 -3.736390694e-39 -1.728877204e-39
8641 -0.1821080111 -3.736390694e-39 -1.728877204e-39
8651 -0.1821080111 -3.736390694e-39 -1.728877204e-39
8661 -0.1821080111 -3.736390694e-39 -1.728877204e-39
8671 -0.1821080111 -3.736390694e-39 -1.728877204e-39
8681 -0.1821080111 -3.736390694e-39 -1.728877204e-39
8691 -0.1821080111 -3.736390694e-39 -1.728877204e-39
8701 -0.1821080111 -3.736390694e-39 -1.728877204e-39
8711 -0.1821080111 -3.736390694e-39 -1.728877204e-39
8721 -0.1821080111 -3.736390694e-39 -1.728877204e-39
8731 -0.1821080111 -3.736390694e-39 -1.728877204e-39
8741 -0.1821080111 -3.736390694e-39 -1.728877204e-39
8751 -0.1821080111 -3.736390694e-39 -1.728877204e-39
8761 -0.1821080111 -3.736390694e-39 -1.728877204e-39
8771 -0.1821080111 -3.736390694e-39 -1.728877204e-39
8781 -0.1821080111 -3.736390694e-39 -1.728877204e-39
8791 -0.1821080111 -3.736390694e-39 -1.728877204e-39
8801 -0.1821080111 -3.736390694e-39 -1.728877204e-39
8811 -0.1821080111 -3.736390694e-39 -1.728877204e-39
8821 -0.1821080111 -3.736390694e-39 -1.728877204e-39
8831 -0.1821080111 -3.736390694e-39 -1.728877204e-39
8841 -0.1821080111 -3.736390694e-39 -1.728877204e-39
8851 -0.1821080111 -3.736390694e-39 -1.728877204e-39
8861 -0.1821080111 -3.736390694e-39 -1.728877204e-39
8871 -0.1821080111 -3.736390694e-39 -1.728877204e-39
8881 -0.1821080111 -3.736390694e-39 -1.728877204e-39
8891 -0.1821080111 -3.736390694e-39 -1.728877204e-39
8901 -0.1821080111 -3.736390694e-39 -1.728877204e-39
8911 -0.1821080111 -3.736390694e-39 -1.728877204e-39
8921 -0.1821080111 -3.736390694e-39 -1.728877204e-39
8931 -0.1821080111 -3.736390694e-39 -1.728877204e-39
8941 -0.1821080111 -3.736390694e-39 -1.728877204e-39
8951 -0.1821080111 -3.736390694e-39 -1.728877204e-39
8961 -0.1821080111 -3.736390694e-39 -1.728877204e-39
8971 -0.1821080111 -3.736390694e-39 -1.728877204e-39
8981 -0.1821080111 -3.736390694e-39 -1.728877204e-39
8991 -0.1821080111 -3.736390694e-39 -1.728877204e-39
9001 -0.1821080111 -3.736390694e-39 -1.728877204e-39
9011 -0.1821080111 -3.736390694e-39 -1.728877204e-39
9021 -0.1821080111 -3.736390694e-39 -1.728877204e-39
9031 -0.1821080111 -3.736390694e-39 -1.728877204e-39
9041 -0.1821080111 -3.736390694e-39 -1.728877204e-39
9051 -0.1821080111 -3.736390694e-39 -1.728877204e-39
9061 -0.1821080111 -3.736390694e-39 -1.728877204e-39
9071 -0.1821080111 -3.736390694e-39 -1.728877204e-39
9081 -0.1821080111 -3.736390694e-39 -1.728877204e-39
9091 -0.1821080111 -3.736390694e-39 -1.728877204e-39
9101 -0.1821080111 -3.736390694e-39 -1.728877204e-39
9111 -0.1821080111 -3.736390694e-39 -1.728877204e-39
9121 -0.1821080111 -3.736390694e-39 -1.728877204e-39
9131 -0.1821080111 -3.736390694e-39 -1.728877204e-39
9141 -0.1821080111 -3.736390694e-39 -1.728877204e-39
9151 -0.1821080111 -3.736390694e-39 -1.728877204e-39
9161 -0.1821080111 -3.736390694e-39 -1.728877204e-39
9171 -0.1821080111 -3.736390694e-39 -1.728877204e-39
9181 -0.1821080111 -3.736390694e-39 -1.728877204e-39
9191 -0.1821080111 -3.736390694e-39 -1.728877204e-39
9201 -0.1821080111 -3.736390694e-39 -1.728877204e-39
9211 -0.1821080111 -3.736390694e-39 -1.728877204e-39
9221 -0.1821080111 -3.736390694e-39 -1.728877204e-39
9231 -0.1821080111 -3.736390694e-39 -1.728877204e-39
9241 -0.1821080111 -3.736390694e-39 -1.728877204e-39
9251 -0.1821080111 -3.736390694e-39 -1.728877204e-39
9261 -0.1821080111 -3.736390694e-39 -1.728877204e-39
9271 -0.1821080111 -3.736390694e-39 -1.728877204e-39
9281 -0.1821080111 -3.736390694e-39 -1.728877204e-39
9291 -0.1821080111 -3.736390694e-39 -1.728877204e-39
9301 -0.1821080111 -3.736390694e-39 -1.728877204e-39
9311 -0.1821080111 -3.736390694e-39 -1.728877204e-39
9321 -0.1821080111 -3.736390694e-39 -1.728877204e-39
9331 -0.1821080111 -3.736390694e-39 -1.728877204e-39
9341 -0.1821080111 -3.736390694e-39 -1.728877204e-39
9351 -0.1821080111 -3.736390694e-39 -1.728877204e-39
9361 -0.1821080111 -3.736390694e-39 -1.728877204e-39
9371 -0.1821080111 -3.736390694e-39 -1.728877204e-39
9381 -0.1821080111 -3.736390694e-39 -1.728877204e-39
9391 -0.1821080111 -3.736390694e-39 -1.728877204e-39
9401 -0.1821080111 -3.736390694e-39 -1.728877204e-39
9411 -0.1821080111 -3.736390694e-39 -1.728877204e-39
9421 -0.1821080111 -3.736390694e-39 -1.728877204e-39
9431 -0.1821080111 -3.736390694e-39 -1.728877204e-39
9441 -0.1821080111 -3.736390694e-39 -1.728877204e-39
9451 -0.1821080111 -3.736390694e-39 -1.728877204e-39
9461 -0.1821080111 -3.736390694e-39 -1.728877204e-39
9471 -0.1821080111 -3.736390694e-39 -1.728877204e-39
9481 -0.1821080111 -3.736390694e-39 -1.728877204e-39
9491 -0.1821080111 -3.736390694e-39 -1.728877204e-39
9501 -0.1821080111 -3.736390694e-39 -1.728877204e-39
9511 -0.1821080111 -3.736390694e-39 -1.728877204e-39
9521 -0.1821080111 -3.736390694e-39 -1.728877204e-39
9531 -0.1821080111 -3.736390694e-39 -1.728877204e-39
9541 -0.1821080111 -3.736390694e-39 -1.728877204e-39
9551 -0.1821080111 -3.736390694e-39 -1.728877204e-39
9561 -0.1821080111 -3.736390694e-39 -1.728877204e-39
9571 -0.1821080111 -3.736390694e-39 -1.728877204e-39
9581 -0.1821080111 -3.736390694e-39 -1.728877204e-39
9591 -0.1821080111 -3.736390694e-39 -1.728877204e-39
9601 -0.1821080111 -3.736390694e-39 -1.728877204e-39
9611 -0.1821080111 -3.736390694e-39 -1.728877204e-39
9621 -0.1821080111 -3.736390694e-39 -1.728877204e-39
9631 -0.1821080111 -3.736390694e-39 -1.728877204e-39
9641 -0.1821080111 -3.736390694e-39 -1.728877204e-39
9651 -0.1821080111 -3.736390694e-39 -1.728877204e-39
9661 -0.1821080111 -3.736390694e-39 -1.728877204e-39
9671 -0.1821080111 -3.736390694e-39 -1.728877204e-39
9681 -0.1821080111 -3.736390694e-39 -1.728877204e-39
9691 -0.1821080111 -3.736390694e-39 -1.728877204e-39
9701 -0.1821080111 -3.736390694e-39 -1.728877204e-39
9711 -0.1821080111 -3.736390694e-39 -1.728877204e-39
9721 -0.1821080111 -3.736390694e-39 -1.728877204e-39
9731 -0.1821080111 -3.736390694e-39 -1.728877204e-39
9741 -0.1821080111 -3.736390694e-39 -1.728877204e-39
9751 -0.1821080111 -3.736390694e-39 -1.728877204e-39
9761 -0.1821080111 -3.736390694e-39 -1.728877204e-39
9771 -0.1821080111 -3.736390694e-39 -1.728877204e-39
9781 -0.1821080111 -3.736390694e-39 -1.728877204e-39
9791 -0.1821080111 -3.736390694e-39 -1.728877204e-39
9801 -0.1821080111 -3.736390694e-39 -1.728877204e-39
9811 -0.1821080111 -3.736390694e-39 -1.728877204e-39
9821 -0.1821080111 -3.736390694e-39 -1.728877204e-39
9831 -0.1821080111 -3.736390694e-39 -1.728877204e-39
9841 -0.1821080111 -3.736390694e-39 -1.728877204e-39
9851 -0.1821080111 -3.736390694e-39 -1.728877204e-39
9861 -0.1821080111 -3.736390694e-39 -1.728877204e-39
9871 -0.1821080111 -3.736390694e-39 -1.728877204e-39
9881 -0.1821080111 -3.736390694e-39 -1.728877204e-39
9891 -0.1821080111 -3.736390694e-39 -1.728877204e-39
