0 -0.122052 -4.68918e-39 -2.20527e-39
1 -0.122052 -4.68918e-39 -2.20527384e-39
1001 -0.1220522355 -4.689183966e-39 -2.20527384e-39
2001 -0.1220522355 -4.689183966e-39 -2.20527384e-39
3001 -0.1220522355 -4.689183966e-39 -2.20527384e-39
4001 -0.1220522355 -4.689183966e-39 -2.20527384e-39
5001 -0.1220522355 -4.689183966e-39 -2.20527384e-39
6001 -0.1220522355 -4.689183966e-39 -2.20527384e-39
7001 -0.1220522355 -4.689183966e-39 -2.20527384e-39
8001 -0.1220522355 -4.689183966e-39 -2.20527384e-39
9001 -0.1220522355 -4.689183966e-39 -2.20527384e-39
10001 -0.1220522355 -4.689183966e-39 -2.20527384e-39
11001 -0.1220522355 -4.689183966e-39 -2.20527384e-39
12001 -0.1220522355 -4.689183966e-39 -2.20527384e-39
13001 -0.1220522355 -4.689183966e-39 -2.20527384e-39
14001 -0.1220522355 -4.689183966e-39 -2.20527384e-39
15001 -0.1220522355 -4.689183966e-39 -2.20527384e-39
16001 -0.1220522355 -4.689183966e-39 -2.20527384e-39
17001 -0.1220522355 -4.689183966e-39 -2.20527384e-39
18001 -0.1220522355 -4.689183966e-39 -2.20527384e-39
19001 -0.1220522355 -4.689183966e-39 -2.20527384e-39
20001 -0.1220522355 -4.689183966e-39 -2.20527384e-39
21001 -0.1220522355 -4.689183966e-39 -2.20527384e-39
22001 -0.1220522355 -4.689183966e-39 -2.20527384e-39
23001 -0.1220522355 -4.689183966e-39 -2.20527384e-39
24001 -0.1220522355 -4.689183966e-39 -2.20527384e-39
25001 -0.1220522355 -4.689183966e-39 -2.20527384e-39
26001 -0.1220522355 -4.689183966e-39 -2.20527384e-39
27001 -0.1220522355 -4.689183966e-39 -2.20527384e-39
28001 -0.1220522355 -4.689183966e-39 -2.20527384e-39
29001 -0.1220522355 -4.689183966e-39 -2.20527384e-39
30001 -0.1220522355 -4.689183966e-39 -2.20527384e-39
31001 -0.1220522355 -4.689183966e-39 -2.20527384e-39
32001 -0.1220522355 -4.689183966e-39 -2.20527384e-39
33001 -0.1220522355 -4.689183966e-39 -2.20527384e-39
34001 -0.1220522355 -4.689183966e-39 -2.20527384e-39
35001 -0.1220522355 -4.689183966e-39 -2.20527384e-39
36001 -0.1220522355 -4.689183966e-39 -2.20527384e-39
37001 -0.1220522355 -4.689183966e-39 -2.20527384e-39
38001 -0.1220522355 -4.689183966e-39 -2.20527384e-39
39001 -0.1220522355 -4.689183966e-39 -2.20527384e-39
40001 -0.1220522355 -4.689183966e-39 -2.20527384e-39
41001 -0.1220522355 -4.689183966e-39 -2.20527384e-39
42001 -0.1220522355 -4.689183966e-39 -2.20527384e-39
43001 -0.1220522355 -4.689183966e-39 -2.20527384e-39
44001 -0.1220522355 -4.689183966e-39 -2.20527384e-39
45001 -0.1220522355 -4.689183966e-39 -2.20527384e-39
46001 -0.1220522355 -4.689183966e-39 -2.20527384e-39
47001 -0.1220522355 -4.689183966e-39 -2.20527384e-39
48001 -0.1220522355 -4.689183966e-39 -2.20527384e-39
49001 -0.1220522355 -4.689183966e-39 -2.20527384e-39
50001 -0.1220522355 -4.689183966e-39 -2.20527384e-39
51001 -0.1220522355 -4.689183966e-39 -2.20527384e-39
52001 -0.1220522355 -4.689183966e-39 -2.20527384e-39
53001 -0.1220522355 -4.689183966e-39 -2.20527384e-39
54001 -0.1220522355 -4.689183966e-39 -2.20527384e-39
55001 -0.1220522355 -4.689183966e-39 -2.20527384e-39
56001 -0.1220522355 -4.689183966e-39 -2.20527384e-39
57001 -0.1220522355 -4.689183966e-39 -2.20527384e-39
58001 -0.1220522355 -4.689183966e-39 -2.20527384e-39
59001 -0.1220522355 -4.689183966e-39 -2.20527384e-39
60001 -0.1220522355 -4.689183966e-39 -2.20527384e-39
61001 -0.1220522355 -4.689183966e-39 -2.20527384e-39
62001 -0.1220522355 -4.689183966e-39 -2.20527384e-39
63001 -0.1220522355 -4.689183966e-39 -2.20527384e-39
64001 -0.1220522355 -4.689183966e-39 -2.20527384e-39
65001 -0.1220522355 -4.689183966e-39 -2.20527384e-39
66001 -0.1220522355 -4.689183966e-39 -2.20527384e-39
67001 -0.1220522355 -4.689183966e-39 -2.20527384e-39
68001 -0.1220522355 -4.689183966e-39 -2.20527384e-39
69001 -0.1220522355 -4.689183966e-39 -2.20527384e-39
70001 -0.1220522355 -4.689183966e-39 -2.20527384e-39
71001 -0.1220522355 -4.689183966e-39 -2.20527384e-39
72001 -0.1220522355 -4.689183966e-39 -2.20527384e-39
73001 -0.1220522355 -4.689183966e-39 -2.20527384e-39
74001 -0.1220522355 -4.689183966e-39 -2.20527384e-39
75001 -0.1220522355 -4.689183966e-39 -2.20527384e-39
76001 -0.1220522355 -4.689183966e-39 -2.20527384e-39
77001 -0.1220522355 -4.689183966e-39 -2.20527384e-39
78001 -0.1220522355 -4.689183966e-39 -2.20527384e-39
79001 -0.1220522355 -4.689183966e-39 -2.20527384e-39
80001 -0.1220522355 -4.689183966e-39 -2.20527384e-39
81001 -0.1220522355 -4.689183966e-39 -2.20527384e-39
82001 -0.1220522355 -4.689183966e-39 -2.20527384e-39
83001 -0.1220522355 -4.689183966e-39 -2.20527384e-39
84001 -0.1220522355 -4.689183966e-39 -2.20527384e-39
85001 -0.1220522355 -4.689183966e-39 -2.20527384e-39
86001 -0.1220522355 -4.689183966e-39 -2.20527384e-39
87001 -0.1220522355 -4.689183966e-39 -2.20527384e-39
88001 -0.1220522355 -4.689183966e-39 -2.20527384e-39
89001 -0.1220522355 -4.689183966e-39 -2.20527384e-39
90001 -0.1220522355 -4.689183966e-39 -2.20527384e-39
91001 -0.1220522355 -4.689183966e-39 -2.20527384e-39
92001 -0.1220522355 -4.689183966e-39 -2.20527384e-39
93001 -0.1220522355 -4.689183966e-39 -2.20527384e-39
94001 -0.1220522355 -4.689183966e-39 -2.20527384e-39
95001 -0.1220522355 -4.689183966e-39 -2.20527384e-39
96001 -0.1220522355 -4.689183966e-39 -2.20527384e-39
97001 -0.1220522355 -4.689183966e-39 -2.20527384e-39
98001 -0.1220522355 -4.689183966e-39 -2.20527384e-39
99001 -0.1220522355 -4.689183966e-39 -2.20527384e-39
100001 -0.1220522355 -4.689183966e-39 -2.20527384e-39
101001 -0.1220522355 -4.689183966e-39 -2.20527384e-39
102001 -0.1220522355 -4.689183966e-39 -2.20527384e-39
103001 -0.1220522355 -4.689183966e-39 -2.20527384e-39
104001 -0.1220522355 -4.689183966e-39 -2.20527384e-39
105001 -0.1220522355 -4.689183966e-39 -2.20527384e-39
106001 -0.1220522355 -4.689183966e-39 -2.20527384e-39
107001 -0.1220522355 -4.689183966e-39 -2.20527384e-39
108001 -0.1220522355 -4.689183966e-39 -2.20527384e-39
109001 -0.1220522355 -4.689183966e-39 -2.20527384e-39
110001 -0.1220522355 -4.689183966e-39 -2.20527384e-39
111001 -0.1220522355 -4.689183966e-39 -2.20527384e-39
112001 -0.1220522355 -4.689183966e-39 -2.20527384e-39
113001 -0.1220522355 -4.689183966e-39 -2.20527384e-39
114001 -0.1220522355 -4.689183966e-39 -2.20527384e-39
115001 -0.1220522355 -4.689183966e-39 -2.20527384e-39
116001 -0.1220522355 -4.689183966e-39 -2.20527384e-39
117001 -0.1220522355 -4.689183966e-39 -2.20527384e-39
118001 -0.1220522355 -4.689183966e-39 -2.20527384e-39
119001 -0.1220522355 -4.689183966e-39 -2.20527384e-39
120001 -0.1220522355 -4.689183966e-39 -2.20527384e-39
121001 -0.1220522355 -4.689183966e-39 -2.20527384e-39
122001 -0.1220522355 -4.689183966e-39 -2.20527384e-39
123001 -0.1220522355 -4.689183966e-39 -2.20527384e-39
124001 -0.1220522355 -4.689183966e-39 -2.20527384e-39
125001 -0.1220522355 -4.689183966e-39 -2.20527384e-39
126001 -0.1220522355 -4.689183966e-39 -2.20527384e-39
127001 -0.1220522355 -4.689183966e-39 -2.20527384e-39
128001 -0.1220522355 -4.689183966e-39 -2.20527384e-39
129001 -0.1220522355 -4.689183966e-39 -2.20527384e-39
130001 -0.1220522355 -4.689183966e-39 -2.20527384e-39
131001 -0.1220522355 -4.689183966e-39 -2.20527384e-39
132001 -0.1220522355 -4.689183966e-39 -2.20527384e-39
133001 -0.1220522355 -4.689183966e-39 -2.20527384e-39
134001 -0.1220522355 -4.689183966e-39 -2.20527384e-39
135001 -0.1220522355 -4.689183966e-39 -2.20527384e-39
136001 -0.1220522355 -4.689183966e-39 -2.20527384e-39
137001 -0.1220522355 -4.689183966e-39 -2.20527384e-39
138001 -0.1220522355 -4.689183966e-39 -2.20527384e-39
139001 -0.1220522355 -4.689183966e-39 -2.20527384e-39
140001 -0.1220522355 -4.689183966e-39 -2.20527384e-39
141001 -0.1220522355 -4.689183966e-39 -2.20527384e-39
142001 -0.1220522355 -4.689183966e-39 -2.20527384e-39
143001 -0.1220522355 -4.689183966e-39 -2.20527384e-39
144001 -0.1220522355 -4.689183966e-39 -2.20527384e-39
145001 -0.1220522355 -4.689183966e-39 -2.20527384e-39
146001 -0.1220522355 -4.689183966e-39 -2.20527384e-39
147001 -0.1220522355 -4.689183966e-39 -2.20527384e-39
148001 -0.1220522355 -4.689183966e-39 -2.20527384e-39
149001 -0.1220522355 -4.689183966e-39 -2.20527384e-39
150001 -0.1220522355 -4.689183966e-39 -2.20527384e-39
151001 -0.1220522355 -4.689183966e-39 -2.20527384e-39
152001 -0.1220522355 -4.689183966e-39 -2.20527384e-39
153001 -0.1220522355 -4.689183966e-39 -2.20527384e-39
154001 -0.1220522355 -4.689183966e-39 -2.20527384e-39
155001 -0.1220522355 -4.689183966e-39 -2.20527384e-39
156001 -0.1220522355 -4.689183966e-39 -2.20527384e-39
157001 -0.1220522355 -4.689183966e-39 -2.20527384e-39
158001 -0.1220522355 -4.689183966e-39 -2.20527384e-39
159001 -0.1220522355 -4.689183966e-39 -2.20527384e-39
160001 -0.1220522355 -4.689183966e-39 -2.20527384e-39
161001 -0.1220522355 -4.689183966e-39 -2.20527384e-39
162001 -0.1220522355 -4.689183966e-39 -2.20527384e-39
163001 -0.1220522355 -4.689183966e-39 -2.20527384e-39
164001 -0.1220522355 -4.689183966e-39 -2.20527384e-39
165001 -0.1220522355 -4.689183966e-39 -2.20527384e-39
166001 -0.1220522355 -4.689183966e-39 -2.20527384e-39
167001 -0.1220522355 -4.689183966e-39 -2.20527384e-39
168001 -0.1220522355 -4.689183966e-39 -2.20527384e-39
169001 -0.1220522355 -4.689183966e-39 -2.20527384e-39
170001 -0.1220522355 -4.689183966e-39 -2.20527384e-39
171001 -0.1220522355 -4.689183966e-39 -2.20527384e-39
172001 -0.1220522355 -4.689183966e-39 -2.20527384e-39
173001 -0.1220522355 -4.689183966e-39 -2.20527384e-39
174001 -0.1220522355 -4.689183966e-39 -2.20527384e-39
175001 -0.1220522355 -4.689183966e-39 -2.20527384e-39
176001 -0.1220522355 -4.689183966e-39 -2.20527384e-39
177001 -0.1220522355 -4.689183966e-39 -2.20527384e-39
178001 -0.1220522355 -4.689183966e-39 -2.20527384e-39
179001 -0.1220522355 -4.689183966e-39 -2.20527384e-39
180001 -0.1220522355 -4.689183966e-39 -2.20527384e-39
181001 -0.1220522355 -4.689183966e-39 -2.20527384e-39
182001 -0.1220522355 -4.689183966e-39 -2.20527384e-39
183001 -0.1220522355 -4.689183966e-39 -2.20527384e-39
184001 -0.1220522355 -4.689183966e-39 -2.20527384e-39
185001 -0.1220522355 -4.689183966e-39 -2.20527384e-39
186001 -0.1220522355 -4.689183966e-39 -2.20527384e-39
187001 -0.1220522355 -4.689183966e-39 -2.20527384e-39
188001 -0.1220522355 -4.689183966e-39 -2.20527384e-39
189001 -0.1220522355 -4.689183966e-39 -2.20527384e-39
190001 -0.1220522355 -4.689183966e-39 -2.20527384e-39
191001 -0.1220522355 -4.689183966e-39 -2.20527384e-39
192001 -0.1220522355 -4.689183966e-39 -2.20527384e-39
193001 -0.1220522355 -4.689183966e-39 -2.20527384e-39
194001 -0.1220522355 -4.689183966e-39 -2.20527384e-39
195001 -0.1220522355 -4.689183966e-39 -2.20527384e-39
196001 -0.1220522355 -4.689183966e-39 -2.20527384e-39
197001 -0.1220522355 -4.689183966e-39 -2.20527384e-39
198001 -0.1220522355 -4.689183966e-39 -2.20527384e-39
199001 -0.1220522355 -4.689183966e-39 -2.20527384e-39
200001 -0.1220522355 -4.689183966e-39 -2.20527384e-39
201001 -0.1220522355 -4.689183966e-39 -2.20527384e-39
202001 -0.1220522355 -4.689183966e-39 -2.20527384e-39
203001 -0.1220522355 -4.689183966e-39 -2.20527384e-39
204001 -0.1220522355 -4.689183966e-39 -2.20527384e-39
205001 -0.1220522355 -4.689183966e-39 -2.20527384e-39
206001 -0.1220522355 -4.689183966e-39 -2.20527384e-39
207001 -0.1220522355 -4.689183966e-39 -2.20527384e-39
208001 -0.1220522355 -4.689183966e-39 -2.20527384e-39
209001 -0.1220522355 -4.689183966e-39 -2.20527384e-39
210001 -0.1220522355 -4.689183966e-39 -2.20527384e-39
211001 -0.1220522355 -4.689183966e-39 -2.20527384e-39
212001 -0.1220522355 -4.689183966e-39 -2.20527384e-39
213001 -0.1220522355 -4.689183966e-39 -2.20527384e-39
214001 -0.1220522355 -4.689183966e-39 -2.20527384e-39
215001 -0.1220522355 -4.689183966e-39 -2.20527384e-39
216001 -0.1220522355 -4.689183966e-39 -2.20527384e-39
217001 -0.1220522355 -4.689183966e-39 -2.20527384e-39
218001 -0.1220522355 -4.689183966e-39 -2.20527384e-39
219001 -0.1220522355 -4.689183966e-39 -2.20527384e-39
220001 -0.1220522355 -4.689183966e-39 -2.20527384e-39
221001 -0.1220522355 -4.689183966e-39 -2.20527384e-39
222001 -0.1220522355 -4.689183966e-39 -2.20527384e-39
223001 -0.1220522355 -4.689183966e-39 -2.20527384e-39
224001 -0.1220522355 -4.689183966e-39 -2.20527384e-39
225001 -0.1220522355 -4.689183966e-39 -2.20527384e-39
226001 -0.1220522355 -4.689183966e-39 -2.20527384e-39
227001 -0.1220522355 -4.689183966e-39 -2.20527384e-39
228001 -0.1220522355 -4.689183966e-39 -2.20527384e-39
229001 -0.1220522355 -4.689183966e-39 -2.20527384e-39
230001 -0.1220522355 -4.689183966e-39 -2.20527384e-39
231001 -0.1220522355 -4.689183966e-39 -2.20527384e-39
232001 -0.1220522355 -4.689183966e-39 -2.20527384e-39
233001 -0.1220522355 -4.689183966e-39 -2.20527384e-39
234001 -0.1220522355 -4.689183966e-39 -2.20527384e-39
235001 -0.1220522355 -4.689183966e-39 -2.20527384e-39
236001 -0.1220522355 -4.689183966e-39 -2.20527384e-39
237001 -0.1220522355 -4.689183966e-39 -2.20527384e-39
238001 -0.1220522355 -4.689183966e-39 -2.20527384e-39
239001 -0.1220522355 -4.689183966e-39 -2.20527384e-39
240001 -0.1220522355 -4.689183966e-39 -2.20527384e-39
241001 -0.1220522355 -4.689183966e-39 -2.20527384e-39
242001 -0.1220522355 -4.689183966e-39 -2.20527384e-39
243001 -0.1220522355 -4.689183966e-39 -2.20527384e-39
244001 -0.1220522355 -4.689183966e-39 -2.20527384e-39
245001 -0.1220522355 -4.689183966e-39 -2.20527384e-39
246001 -0.1220522355 -4.689183966e-39 -2.20527384e-39
247001 -0.1220522355 -4.689183966e-39 -2.20527384e-39
248001 -0.1220522355 -4.689183966e-39 -2.20527384e-39
249001 -0.1220522355 -4.689183966e-39 -2.20527384e-39
250001 -0.1220522355 -4.689183966e-39 -2.20527384e-39
251001 -0.1220522355 -4.689183966e-39 -2.20527384e-39
252001 -0.1220522355 -4.689183966e-39 -2.20527384e-39
253001 -0.1220522355 -4.689183966e-39 -2.20527384e-39
254001 -0.1220522355 -4.689183966e-39 -2.20527384e-39
255001 -0.1220522355 -4.689183966e-39 -2.20527384e-39
256001 -0.1220522355 -4.689183966e-39 -2.20527384e-39
257001 -0.1220522355 -4.689183966e-39 -2.20527384e-39
258001 -0.1220522355 -4.689183966e-39 -2.20527384e-39
259001 -0.1220522355 -4.689183966e-39 -2.20527384e-39
260001 -0.1220522355 -4.689183966e-39 -2.20527384e-39
261001 -0.1220522355 -4.689183966e-39 -2.20527384e-39
262001 -0.1220522355 -4.689183966e-39 -2.20527384e-39
263001 -0.1220522355 -4.689183966e-39 -2.20527384e-39
264001 -0.1220522355 -4.689183966e-39 -2.20527384e-39
265001 -0.1220522355 -4.689183966e-39 -2.20527384e-39
266001 -0.1220522355 -4.689183966e-39 -2.20527384e-39
267001 -0.1220522355 -4.689183966e-39 -2.20527384e-39
268001 -0.1220522355 -4.689183966e-39 -2.20527384e-39
269001 -0.1220522355 -4.689183966e-39 -2.20527384e-39
270001 -0.1220522355 -4.689183966e-39 -2.20527384e-39
271001 -0.1220522355 -4.689183966e-39 -2.20527384e-39
272001 -0.1220522355 -4.689183966e-39 -2.20527384e-39
273001 -0.1220522355 -4.689183966e-39 -2.20527384e-39
274001 -0.1220522355 -4.689183966e-39 -2.20527384e-39
275001 -0.1220522355 -4.689183966e-39 -2.20527384e-39
276001 -0.1220522355 -4.689183966e-39 -2.20527384e-39
277001 -0.1220522355 -4.689183966e-39 -2.20527384e-39
278001 -0.1220522355 -4.689183966e-39 -2.20527384e-39
279001 -0.1220522355 -4.689183966e-39 -2.20527384e-39
280001 -0.1220522355 -4.689183966e-39 -2.20527384e-39
281001 -0.1220522355 -4.689183966e-39 -2.20527384e-39
282001 -0.1220522355 -4.689183966e-39 -2.20527384e-39
283001 -0.1220522355 -4.689183966e-39 -2.20527384e-39
284001 -0.1220522355 -4.689183966e-39 -2.20527384e-39
285001 -0.1220522355 -4.689183966e-39 -2.20527384e-39
286001 -0.1220522355 -4.689183966e-39 -2.20527384e-39
287001 -0.1220522355 -4.689183966e-39 -2.20527384e-39
288001 -0.1220522355 -4.689183966e-39 -2.20527384e-39
289001 -0.1220522355 -4.689183966e-39 -2.20527384e-39
290001 -0.1220522355 -4.689183966e-39 -2.20527384e-39
291001 -0.1220522355 -4.689183966e-39 -2.20527384e-39
292001 -0.1220522355 -4.689183966e-39 -2.20527384e-39
293001 -0.1220522355 -4.689183966e-39 -2.20527384e-39
294001 -0.1220522355 -4.689183966e-39 -2.20527384e-39
295001 -0.1220522355 -4.689183966e-39 -2.20527384e-39
296001 -0.1220522355 -4.689183966e-39 -2.20527384e-39
297001 -0.1220522355 -4.689183966e-39 -2.20527384e-39
298001 -0.1220522355 -4.689183966e-39 -2.20527384e-39
299001 -0.1220522355 -4.689183966e-39 -2.20527384e-39
300001 -0.1220522355 -4.689183966e-39 -2.20527384e-39
301001 -0.1220522355 -4.689183966e-39 -2.20527384e-39
302001 -0.1220522355 -4.689183966e-39 -2.20527384e-39
303001 -0.1220522355 -4.689183966e-39 -2.20527384e-39
304001 -0.1220522355 -4.689183966e-39 -2.20527384e-39
305001 -0.1220522355 -4.689183966e-39 -2.20527384e-39
306001 -0.1220522355 -4.689183966e-39 -2.20527384e-39
307001 -0.1220522355 -4.689183966e-39 -2.20527384e-39
308001 -0.1220522355 -4.689183966e-39 -2.20527384e-39
309001 -0.1220522355 -4.689183966e-39 -2.20527384e-39
310001 -0.1220522355 -4.689183966e-39 -2.20527384e-39
311001 -0.1220522355 -4.689183966e-39 -2.20527384e-39
312001 -0.1220522355 -4.689183966e-39 -2.20527384e-39
313001 -0.1220522355 -4.689183966e-39 -2.20527384e-39
314001 -0.1220522355 -4.689183966e-39 -2.20527384e-39
315001 -0.1220522355 -4.689183966e-39 -2.20527384e-39
316001 -0.1220522355 -4.689183966e-39 -2.20527384e-39
317001 -0.1220522355 -4.689183966e-39 -2.20527384e-39
318001 -0.1220522355 -4.689183966e-39 -2.20527384e-39
319001 -0.1220522355 -4.689183966e-39 -2.20527384e-39
320001 -0.1220522355 -4.689183966e-39 -2.20527384e-39
321001 -0.1220522355 -4.689183966e-39 -2.20527384e-39
322001 -0.1220522355 -4.689183966e-39 -2.20527384e-39
323001 -0.1220522355 -4.689183966e-39 -2.20527384e-39
324001 -0.1220522355 -4.689183966e-39 -2.20527384e-39
325001 -0.1220522355 -4.689183966e-39 -2.20527384e-39
326001 -0.1220522355 -4.689183966e-39 -2.20527384e-39
327001 -0.1220522355 -4.689183966e-39 -2.20527384e-39
328001 -0.1220522355 -4.689183966e-39 -2.20527384e-39
329001 -0.1220522355 -4.689183966e-39 -2.20527384e-39
330001 -0.1220522355 -4.689183966e-39 -2.20527384e-39
331001 -0.1220522355 -4.689183966e-39 -2.20527384e-39
332001 -0.1220522355 -4.689183966e-39 -2.20527384e-39
333001 -0.1220522355 -4.689183966e-39 -2.20527384e-39
334001 -0.1220522355 -4.689183966e-39 -2.20527384e-39
335001 -0.1220522355 -4.689183966e-39 -2.20527384e-39
336001 -0.1220522355 -4.689183966e-39 -2.20527384e-39
337001 -0.1220522355 -4.689183966e-39 -2.20527384e-39
338001 -0.1220522355 -4.689183966e-39 -2.20527384e-39
339001 -0.1220522355 -4.689183966e-39 -2.20527384e-39
340001 -0.1220522355 -4.689183966e-39 -2.20527384e-39
341001 -0.1220522355 -4.689183966e-39 -2.20527384e-39
342001 -0.1220522355 -4.689183966e-39 -2.20527384e-39
343001 -0.1220522355 -4.689183966e-39 -2.20527384e-39
344001 -0.1220522355 -4.689183966e-39 -2.20527384e-39
345001 -0.1220522355 -4.689183966e-39 -2.20527384e-39
346001 -0.1220522355 -4.689183966e-39 -2.20527384e-39
347001 -0.1220522355 -4.689183966e-39 -2.20527384e-39
348001 -0.1220522355 -4.689183966e-39 -2.20527384e-39
349001 -0.1220522355 -4.689183966e-39 -2.20527384e-39
350001 -0.1220522355 -4.689183966e-39 -2.20527384e-39
351001 -0.1220522355 -4.689183966e-39 -2.20527384e-39
352001 -0.1220522355 -4.689183966e-39 -2.20527384e-39
353001 -0.1220522355 -4.689183966e-39 -2.20527384e-39
354001 -0.1220522355 -4.689183966e-39 -2.20527384e-39
355001 -0.1220522355 -4.689183966e-39 -2.20527384e-39
356001 -0.1220522355 -4.689183966e-39 -2.20527384e-39
357001 -0.1220522355 -4.689183966e-39 -2.20527384e-39
358001 -0.1220522355 -4.689183966e-39 -2.20527384e-39
359001 -0.1220522355 -4.689183966e-39 -2.20527384e-39
360001 -0.1220522355 -4.689183966e-39 -2.20527384e-39
361001 -0.1220522355 -4.689183966e-39 -2.20527384e-39
362001 -0.1220522355 -4.689183966e-39 -2.20527384e-39
363001 -0.1220522355 -4.689183966e-39 -2.20527384e-39
364001 -0.1220522355 -4.689183966e-39 -2.20527384e-39
365001 -0.1220522355 -4.689183966e-39 -2.20527384e-39
366001 -0.1220522355 -4.689183966e-39 -2.20527384e-39
367001 -0.1220522355 -4.689183966e-39 -2.20527384e-39
368001 -0.1220522355 -4.689183966e-39 -2.20527384e-39
369001 -0.1220522355 -4.689183966e-39 -2.20527384e-39
370001 -0.1220522355 -4.689183966e-39 -2.20527384e-39
371001 -0.1220522355 -4.689183966e-39 -2.20527384e-39
372001 -0.1220522355 -4.689183966e-39 -2.20527384e-39
373001 -0.1220522355 -4.689183966e-39 -2.20527384e-39
374001 -0.1220522355 -4.689183966e-39 -2.20527384e-39
375001 -0.1220522355 -4.689183966e-39 -2.20527384e-39
376001 -0.1220522355 -4.689183966e-39 -2.20527384e-39
377001 -0.1220522355 -4.689183966e-39 -2.20527384e-39
378001 -0.1220522355 -4.689183966e-39 -2.20527384e-39
379001 -0.1220522355 -4.689183966e-39 -2.20527384e-39
380001 -0.1220522355 -4.689183966e-39 -2.20527384e-39
381001 -0.1220522355 -4.689183966e-39 -2.20527384e-39
382001 -0.1220522355 -4.689183966e-39 -2.20527384e-39
383001 -0.1220522355 -4.689183966e-39 -2.20527384e-39
384001 -0.1220522355 -4.689183966e-39 -2.20527384e-39
385001 -0.1220522355 -4.689183966e-39 -2.20527384e-39
386001 -0.1220522355 -4.689183966e-39 -2.20527384e-39
387001 -0.1220522355 -4.689183966e-39 -2.20527384e-39
388001 -0.1220522355 -4.689183966e-39 -2.20527384e-39
389001 -0.1220522355 -4.689183966e-39 -2.20527384e-39
390001 -0.1220522355 -4.689183966e-39 -2.20527384e-39
391001 -0.1220522355 -4.689183966e-39 -2.20527384e-39
392001 -0.1220522355 -4.689183966e-39 -2.20527384e-39
393001 -0.1220522355 -4.689183966e-39 -2.20527384e-39
394001 -0.1220522355 -4.689183966e-39 -2.20527384e-39
395001 -0.1220522355 -4.689183966e-39 -2.20527384e-39
396001 -0.1220522355 -4.689183966e-39 -2.20527384e-39
397001 -0.1220522355 -4.689183966e-39 -2.20527384e-39
398001 -0.1220522355 -4.689183966e-39 -2.20527384e-39
399001 -0.1220522355 -4.689183966e-39 -2.20527384e-39
400001 -0.1220522355 -4.689183966e-39 -2.20527384e-39
401001 -0.1220522355 -4.689183966e-39 -2.20527384e-39
402001 -0.1220522355 -4.689183966e-39 -2.20527384e-39
403001 -0.1220522355 -4.689183966e-39 -2.20527384e-39
404001 -0.1220522355 -4.689183966e-39 -2.20527384e-39
405001 -0.1220522355 -4.689183966e-39 -2.20527384e-39
406001 -0.1220522355 -4.689183966e-39 -2.20527384e-39
407001 -0.1220522355 -4.689183966e-39 -2.20527384e-39
408001 -0.1220522355 -4.689183966e-39 -2.20527384e-39
409001 -0.1220522355 -4.689183966e-39 -2.20527384e-39
410001 -0.1220522355 -4.689183966e-39 -2.20527384e-39
411001 -0.1220522355 -4.689183966e-39 -2.20527384e-39
412001 -0.1220522355 -4.689183966e-39 -2.20527384e-39
413001 -0.1220522355 -4.689183966e-39 -2.20527384e-39
414001 -0.1220522355 -4.689183966e-39 -2.20527384e-39
415001 -0.1220522355 -4.689183966e-39 -2.20527384e-39
416001 -0.1220522355 -4.689183966e-39 -2.20527384e-39
417001 -0.1220522355 -4.689183966e-39 -2.20527384e-39
418001 -0.1220522355 -4.689183966e-39 -2.20527384e-39
419001 -0.1220522355 -4.689183966e-39 -2.20527384e-39
420001 -0.1220522355 -4.689183966e-39 -2.20527384e-39
421001 -0.1220522355 -4.689183966e-39 -2.20527384e-39
422001 -0.1220522355 -4.689183966e-39 -2.20527384e-39
423001 -0.1220522355 -4.689183966e-39 -2.20527384e-39
424001 -0.1220522355 -4.689183966e-39 -2.20527384e-39
425001 -0.1220522355 -4.689183966e-39 -2.20527384e-39
426001 -0.1220522355 -4.689183966e-39 -2.20527384e-39
427001 -0.1220522355 -4.689183966e-39 -2.20527384e-39
428001 -0.1220522355 -4.689183966e-39 -2.20527384e-39
429001 -0.1220522355 -4.689183966e-39 -2.20527384e-39
430001 -0.1220522355 -4.689183966e-39 -2.20527384e-39
431001 -0.1220522355 -4.689183966e-39 -2.20527384e-39
432001 -0.1220522355 -4.689183966e-39 -2.20527384e-39
433001 -0.1220522355 -4.689183966e-39 -2.20527384e-39
434001 -0.1220522355 -4.689183966e-39 -2.20527384e-39
435001 -0.1220522355 -4.689183966e-39 -2.20527384e-39
436001 -0.1220522355 -4.689183966e-39 -2.20527384e-39
437001 -0.1220522355 -4.689183966e-39 -2.20527384e-39
438001 -0.1220522355 -4.689183966e-39 -2.20527384e-39
439001 -0.1220522355 -4.689183966e-39 -2.20527384e-39
440001 -0.1220522355 -4.689183966e-39 -2.20527384e-39
441001 -0.1220522355 -4.689183966e-39 -2.20527384e-39
442001 -0.1220522355 -4.689183966e-39 -2.20527384e-39
443001 -0.1220522355 -4.689183966e-39 -2.20527384e-39
444001 -0.1220522355 -4.689183966e-39 -2.20527384e-39
445001 -0.1220522355 -4.689183966e-39 -2.20527384e-39
446001 -0.1220522355 -4.689183966e-39 -2.20527384e-39
447001 -0.1220522355 -4.689183966e-39 -2.20527384e-39
448001 -0.1220522355 -4.689183966e-39 -2.20527384e-39
449001 -0.1220522355 -4.689183966e-39 -2.20527384e-39
450001 -0.1220522355 -4.689183966e-39 -2.20527384e-39
451001 -0.1220522355 -4.689183966e-39 -2.20527384e-39
452001 -0.1220522355 -4.689183966e-39 -2.20527384e-39
453001 -0.1220522355 -4.689183966e-39 -2.20527384e-39
454001 -0.1220522355 -4.689183966e-39 -2.20527384e-39
455001 -0.1220522355 -4.689183966e-39 -2.20527384e-39
456001 -0.1220522355 -4.689183966e-39 -2.20527384e-39
457001 -0.1220522355 -4.689183966e-39 -2.20527384e-39
458001 -0.1220522355 -4.689183966e-39 -2.20527384e-39
459001 -0.1220522355 -4.689183966e-39 -2.20527384e-39
460001 -0.1220522355 -4.689183966e-39 -2.20527384e-39
461001 -0.1220522355 -4.689183966e-39 -2.20527384e-39
462001 -0.1220522355 -4.689183966e-39 -2.20527384e-39
463001 -0.1220522355 -4.689183966e-39 -2.20527384e-39
464001 -0.1220522355 -4.689183966e-39 -2.20527384e-39
465001 -0.1220522355 -4.689183966e-39 -2.20527384e-39
466001 -0.1220522355 -4.689183966e-39 -2.20527384e-39
467001 -0.1220522355 -4.689183966e-39 -2.20527384e-39
468001 -0.1220522355 -4.689183966e-39 -2.20527384e-39
469001 -0.1220522355 -4.689183966e-39 -2.20527384e-39
470001 -0.1220522355 -4.689183966e-39 -2.20527384e-39
471001 -0.1220522355 -4.689183966e-39 -2.20527384e-39
472001 -0.1220522355 -4.689183966e-39 -2.20527384e-39
473001 -0.1220522355 -4.689183966e-39 -2.20527384e-39
474001 -0.1220522355 -4.689183966e-39 -2.20527384e-39
475001 -0.1220522355 -4.689183966e-39 -2.20527384e-39
476001 -0.1220522355 -4.689183966e-39 -2.20527384e-39
477001 -0.1220522355 -4.689183966e-39 -2.20527384e-39
478001 -0.1220522355 -4.689183966e-39 -2.20527384e-39
479001 -0.1220522355 -4.689183966e-39 -2.20527384e-39
480001 -0.1220522355 -4.689183966e-39 -2.20527384e-39
481001 -0.1220522355 -4.689183966e-39 -2.20527384e-39
482001 -0.1220522355 -4.689183966e-39 -2.20527384e-39
483001 -0.1220522355 -4.689183966e-39 -2.20527384e-39
484001 -0.1220522355 -4.689183966e-39 -2.20527384e-39
485001 -0.1220522355 -4.689183966e-39 -2.20527384e-39
486001 -0.1220522355 -4.689183966e-39 -2.20527384e-39
487001 -0.1220522355 -4.689183966e-39 -2.20527384e-39
488001 -0.1220522355 -4.689183966e-39 -2.20527384e-39
489001 -0.1220522355 -4.689183966e-39 -2.20527384e-39
490001 -0.1220522355 -4.689183966e-39 -2.20527384e-39
491001 -0.1220522355 -4.689183966e-39 -2.20527384e-39
492001 -0.1220522355 -4.689183966e-39 -2.20527384e-39
493001 -0.1220522355 -4.689183966e-39 -2.20527384e-39
494001 -0.1220522355 -4.689183966e-39 -2.20527384e-39
495001 -0.1220522355 -4.689183966e-39 -2.20527384e-39
496001 -0.1220522355 -4.689183966e-39 -2.20527384e-39
497001 -0.1220522355 -4.689183966e-39 -2.20527384e-39
498001 -0.1220522355 -4.689183966e-39 -2.20527384e-39
499001 -0.1220522355 -4.689183966e-39 -2.20527384e-39
500001 -0.1220522355 -4.689183966e-39 -2.20527384e-39
501001 -0.1220522355 -4.689183966e-39 -2.20527384e-39
502001 -0.1220522355 -4.689183966e-39 -2.20527384e-39
503001 -0.1220522355 -4.689183966e-39 -2.20527384e-39
504001 -0.1220522355 -4.689183966e-39 -2.20527384e-39
505001 -0.1220522355 -4.689183966e-39 -2.20527384e-39
506001 -0.1220522355 -4.689183966e-39 -2.20527384e-39
507001 -0.1220522355 -4.689183966e-39 -2.20527384e-39
508001 -0.1220522355 -4.689183966e-39 -2.20527384e-39
509001 -0.1220522355 -4.689183966e-39 -2.20527384e-39
510001 -0.1220522355 -4.689183966e-39 -2.20527384e-39
511001 -0.1220522355 -4.689183966e-39 -2.20527384e-39
512001 -0.1220522355 -4.689183966e-39 -2.20527384e-39
513001 -0.1220522355 -4.689183966e-39 -2.20527384e-39
514001 -0.1220522355 -4.689183966e-39 -2.20527384e-39
515001 -0.1220522355 -4.689183966e-39 -2.20527384e-39
516001 -0.1220522355 -4.689183966e-39 -2.20527384e-39
517001 -0.1220522355 -4.689183966e-39 -2.20527384e-39
518001 -0.1220522355 -4.689183966e-39 -2.20527384e-39
519001 -0.1220522355 -4.689183966e-39 -2.20527384e-39
520001 -0.1220522355 -4.689183966e-39 -2.20527384e-39
521001 -0.1220522355 -4.689183966e-39 -2.20527384e-39
522001 -0.1220522355 -4.689183966e-39 -2.20527384e-39
523001 -0.1220522355 -4.689183966e-39 -2.20527384e-39
524001 -0.1220522355 -4.689183966e-39 -2.20527384e-39
525001 -0.1220522355 -4.689183966e-39 -2.20527384e-39
526001 -0.1220522355 -4.689183966e-39 -2.20527384e-39
527001 -0.1220522355 -4.689183966e-39 -2.20527384e-39
528001 -0.1220522355 -4.689183966e-39 -2.20527384e-39
529001 -0.1220522355 -4.689183966e-39 -2.20527384e-39
530001 -0.1220522355 -4.689183966e-39 -2.20527384e-39
531001 -0.1220522355 -4.689183966e-39 -2.20527384e-39
532001 -0.1220522355 -4.689183966e-39 -2.20527384e-39
533001 -0.1220522355 -4.689183966e-39 -2.20527384e-39
534001 -0.1220522355 -4.689183966e-39 -2.20527384e-39
535001 -0.1220522355 -4.689183966e-39 -2.20527384e-39
536001 -0.1220522355 -4.689183966e-39 -2.20527384e-39
537001 -0.1220522355 -4.689183966e-39 -2.20527384e-39
538001 -0.1220522355 -4.689183966e-39 -2.20527384e-39
539001 -0.1220522355 -4.689183966e-39 -2.20527384e-39
540001 -0.1220522355 -4.689183966e-39 -2.20527384e-39
541001 -0.1220522355 -4.689183966e-39 -2.20527384e-39
542001 -0.1220522355 -4.689183966e-39 -2.20527384e-39
543001 -0.1220522355 -4.689183966e-39 -2.20527384e-39
544001 -0.1220522355 -4.689183966e-39 -2.20527384e-39
545001 -0.1220522355 -4.689183966e-39 -2.20527384e-39
546001 -0.1220522355 -4.689183966e-39 -2.20527384e-39
547001 -0.1220522355 -4.689183966e-39 -2.20527384e-39
548001 -0.1220522355 -4.689183966e-39 -2.20527384e-39
549001 -0.1220522355 -4.689183966e-39 -2.20527384e-39
550001 -0.1220522355 -4.689183966e-39 -2.20527384e-39
551001 -0.1220522355 -4.689183966e-39 -2.20527384e-39
552001 -0.1220522355 -4.689183966e-39 -2.20527384e-39
553001 -0.1220522355 -4.689183966e-39 -2.20527384e-39
554001 -0.1220522355 -4.689183966e-39 -2.20527384e-39
555001 -0.1220522355 -4.689183966e-39 -2.20527384e-39
556001 -0.1220522355 -4.689183966e-39 -2.20527384e-39
557001 -0.1220522355 -4.689183966e-39 -2.20527384e-39
558001 -0.1220522355 -4.689183966e-39 -2.20527384e-39
559001 -0.1220522355 -4.689183966e-39 -2.20527384e-39
560001 -0.1220522355 -4.689183966e-39 -2.20527384e-39
561001 -0.1220522355 -4.689183966e-39 -2.20527384e-39
562001 -0.1220522355 -4.689183966e-39 -2.20527384e-39
563001 -0.1220522355 -4.689183966e-39 -2.20527384e-39
564001 -0.1220522355 -4.689183966e-39 -2.20527384e-39
565001 -0.1220522355 -4.689183966e-39 -2.20527384e-39
566001 -0.1220522355 -4.689183966e-39 -2.20527384e-39
567001 -0.1220522355 -4.689183966e-39 -2.20527384e-39
568001 -0.1220522355 -4.689183966e-39 -2.20527384e-39
569001 -0.1220522355 -4.689183966e-39 -2.20527384e-39
570001 -0.1220522355 -4.689183966e-39 -2.20527384e-39
571001 -0.1220522355 -4.689183966e-39 -2.20527384e-39
572001 -0.1220522355 -4.689183966e-39 -2.20527384e-39
573001 -0.1220522355 -4.689183966e-39 -2.20527384e-39
574001 -0.1220522355 -4.689183966e-39 -2.20527384e-39
575001 -0.1220522355 -4.689183966e-39 -2.20527384e-39
576001 -0.1220522355 -4.689183966e-39 -2.20527384e-39
577001 -0.1220522355 -4.689183966e-39 -2.20527384e-39
578001 -0.1220522355 -4.689183966e-39 -2.20527384e-39
579001 -0.1220522355 -4.689183966e-39 -2.20527384e-39
580001 -0.1220522355 -4.689183966e-39 -2.20527384e-39
581001 -0.1220522355 -4.689183966e-39 -2.20527384e-39
582001 -0.1220522355 -4.689183966e-39 -2.20527384e-39
583001 -0.1220522355 -4.689183966e-39 -2.20527384e-39
584001 -0.1220522355 -4.689183966e-39 -2.20527384e-39
585001 -0.1220522355 -4.689183966e-39 -2.20527384e-39
586001 -0.1220522355 -4.689183966e-39 -2.20527384e-39
587001 -0.1220522355 -4.689183966e-39 -2.20527384e-39
588001 -0.1220522355 -4.689183966e-39 -2.20527384e-39
589001 -0.1220522355 -4.689183966e-39 -2.20527384e-39
590001 -0.1220522355 -4.689183966e-39 -2.20527384e-39
591001 -0.1220522355 -4.689183966e-39 -2.20527384e-39
592001 -0.1220522355 -4.689183966e-39 -2.20527384e-39
593001 -0.1220522355 -4.689183966e-39 -2.20527384e-39
594001 -0.1220522355 -4.689183966e-39 -2.20527384e-39
595001 -0.1220522355 -4.689183966e-39 -2.20527384e-39
596001 -0.1220522355 -4.689183966e-39 -2.20527384e-39
597001 -0.1220522355 -4.689183966e-39 -2.20527384e-39
598001 -0.1220522355 -4.689183966e-39 -2.20527384e-39
599001 -0.1220522355 -4.689183966e-39 -2.20527384e-39
600001 -0.1220522355 -4.689183966e-39 -2.20527384e-39
601001 -0.1220522355 -4.689183966e-39 -2.20527384e-39
602001 -0.1220522355 -4.689183966e-39 -2.20527384e-39
603001 -0.1220522355 -4.689183966e-39 -2.20527384e-39
604001 -0.1220522355 -4.689183966e-39 -2.20527384e-39
605001 -0.1220522355 -4.689183966e-39 -2.20527384e-39
606001 -0.1220522355 -4.689183966e-39 -2.20527384e-39
607001 -0.1220522355 -4.689183966e-39 -2.20527384e-39
608001 -0.1220522355 -4.689183966e-39 -2.20527384e-39
609001 -0.1220522355 -4.689183966e-39 -2.20527384e-39
610001 -0.1220522355 -4.689183966e-39 -2.20527384e-39
611001 -0.1220522355 -4.689183966e-39 -2.20527384e-39
612001 -0.1220522355 -4.689183966e-39 -2.20527384e-39
613001 -0.1220522355 -4.689183966e-39 -2.20527384e-39
614001 -0.1220522355 -4.689183966e-39 -2.20527384e-39
615001 -0.1220522355 -4.689183966e-39 -2.20527384e-39
616001 -0.1220522355 -4.689183966e-39 -2.20527384e-39
617001 -0.1220522355 -4.689183966e-39 -2.20527384e-39
618001 -0.1220522355 -4.689183966e-39 -2.20527384e-39
619001 -0.1220522355 -4.689183966e-39 -2.20527384e-39
620001 -0.1220522355 -4.689183966e-39 -2.20527384e-39
621001 -0.1220522355 -4.689183966e-39 -2.20527384e-39
622001 -0.1220522355 -4.689183966e-39 -2.20527384e-39
623001 -0.1220522355 -4.689183966e-39 -2.20527384e-39
624001 -0.1220522355 -4.689183966e-39 -2.20527384e-39
625001 -0.1220522355 -4.689183966e-39 -2.20527384e-39
626001 -0.1220522355 -4.689183966e-39 -2.20527384e-39
627001 -0.1220522355 -4.689183966e-39 -2.20527384e-39
628001 -0.1220522355 -4.689183966e-39 -2.20527384e-39
629001 -0.1220522355 -4.689183966e-39 -2.20527384e-39
630001 -0.1220522355 -4.689183966e-39 -2.20527384e-39
631001 -0.1220522355 -4.689183966e-39 -2.20527384e-39
632001 -0.1220522355 -4.689183966e-39 -2.20527384e-39
633001 -0.1220522355 -4.689183966e-39 -2.20527384e-39
634001 -0.1220522355 -4.689183966e-39 -2.20527384e-39
635001 -0.1220522355 -4.689183966e-39 -2.20527384e-39
636001 -0.1220522355 -4.689183966e-39 -2.20527384e-39
637001 -0.1220522355 -4.689183966e-39 -2.20527384e-39
638001 -0.1220522355 -4.689183966e-39 -2.20527384e-39
639001 -0.1220522355 -4.689183966e-39 -2.20527384e-39
640001 -0.1220522355 -4.689183966e-39 -2.20527384e-39
641001 -0.1220522355 -4.689183966e-39 -2.20527384e-39
642001 -0.1220522355 -4.689183966e-39 -2.20527384e-39
643001 -0.1220522355 -4.689183966e-39 -2.20527384e-39
644001 -0.1220522355 -4.689183966e-39 -2.20527384e-39
645001 -0.1220522355 -4.689183966e-39 -2.20527384e-39
646001 -0.1220522355 -4.689183966e-39 -2.20527384e-39
647001 -0.1220522355 -4.689183966e-39 -2.20527384e-39
648001 -0.1220522355 -4.689183966e-39 -2.20527384e-39
649001 -0.1220522355 -4.689183966e-39 -2.20527384e-39
650001 -0.1220522355 -4.689183966e-39 -2.20527384e-39
651001 -0.1220522355 -4.689183966e-39 -2.20527384e-39
652001 -0.1220522355 -4.689183966e-39 -2.20527384e-39
653001 -0.1220522355 -4.689183966e-39 -2.20527384e-39
654001 -0.1220522355 -4.689183966e-39 -2.20527384e-39
655001 -0.1220522355 -4.689183966e-39 -2.20527384e-39
656001 -0.1220522355 -4.689183966e-39 -2.20527384e-39
657001 -0.1220522355 -4.689183966e-39 -2.20527384e-39
658001 -0.1220522355 -4.689183966e-39 -2.20527384e-39
659001 -0.1220522355 -4.689183966e-39 -2.20527384e-39
660001 -0.1220522355 -4.689183966e-39 -2.20527384e-39
661001 -0.1220522355 -4.689183966e-39 -2.20527384e-39
662001 -0.1220522355 -4.689183966e-39 -2.20527384e-39
663001 -0.1220522355 -4.689183966e-39 -2.20527384e-39
664001 -0.1220522355 -4.689183966e-39 -2.20527384e-39
665001 -0.1220522355 -4.689183966e-39 -2.20527384e-39
666001 -0.1220522355 -4.689183966e-39 -2.20527384e-39
667001 -0.1220522355 -4.689183966e-39 -2.20527384e-39
668001 -0.1220522355 -4.689183966e-39 -2.20527384e-39
669001 -0.1220522355 -4.689183966e-39 -2.20527384e-39
670001 -0.1220522355 -4.689183966e-39 -2.20527384e-39
671001 -0.1220522355 -4.689183966e-39 -2.20527384e-39
672001 -0.1220522355 -4.689183966e-39 -2.20527384e-39
673001 -0.1220522355 -4.689183966e-39 -2.20527384e-39
674001 -0.1220522355 -4.689183966e-39 -2.20527384e-39
675001 -0.1220522355 -4.689183966e-39 -2.20527384e-39
676001 -0.1220522355 -4.689183966e-39 -2.20527384e-39
677001 -0.1220522355 -4.689183966e-39 -2.20527384e-39
678001 -0.1220522355 -4.689183966e-39 -2.20527384e-39
679001 -0.1220522355 -4.689183966e-39 -2.20527384e-39
680001 -0.1220522355 -4.689183966e-39 -2.20527384e-39
681001 -0.1220522355 -4.689183966e-39 -2.20527384e-39
682001 -0.1220522355 -4.689183966e-39 -2.20527384e-39
683001 -0.1220522355 -4.689183966e-39 -2.20527384e-39
684001 -0.1220522355 -4.689183966e-39 -2.20527384e-39
685001 -0.1220522355 -4.689183966e-39 -2.20527384e-39
686001 -0.1220522355 -4.689183966e-39 -2.20527384e-39
687001 -0.1220522355 -4.689183966e-39 -2.20527384e-39
688001 -0.1220522355 -4.689183966e-39 -2.20527384e-39
689001 -0.1220522355 -4.689183966e-39 -2.20527384e-39
690001 -0.1220522355 -4.689183966e-39 -2.20527384e-39
691001 -0.1220522355 -4.689183966e-39 -2.20527384e-39
692001 -0.1220522355 -4.689183966e-39 -2.20527384e-39
693001 -0.1220522355 -4.689183966e-39 -2.20527384e-39
694001 -0.1220522355 -4.689183966e-39 -2.20527384e-39
695001 -0.1220522355 -4.689183966e-39 -2.20527384e-39
696001 -0.1220522355 -4.689183966e-39 -2.20527384e-39
697001 -0.1220522355 -4.689183966e-39 -2.20527384e-39
698001 -0.1220522355 -4.689183966e-39 -2.20527384e-39
699001 -0.1220522355 -4.689183966e-39 -2.20527384e-39
700001 -0.1220522355 -4.689183966e-39 -2.20527384e-39
701001 -0.1220522355 -4.689183966e-39 -2.20527384e-39
702001 -0.1220522355 -4.689183966e-39 -2.20527384e-39
703001 -0.1220522355 -4.689183966e-39 -2.20527384e-39
704001 -0.1220522355 -4.689183966e-39 -2.20527384e-39
705001 -0.1220522355 -4.689183966e-39 -2.20527384e-39
706001 -0.1220522355 -4.689183966e-39 -2.20527384e-39
707001 -0.1220522355 -4.689183966e-39 -2.20527384e-39
708001 -0.1220522355 -4.689183966e-39 -2.20527384e-39
709001 -0.1220522355 -4.689183966e-39 -2.20527384e-39
710001 -0.1220522355 -4.689183966e-39 -2.20527384e-39
711001 -0.1220522355 -4.689183966e-39 -2.20527384e-39
712001 -0.1220522355 -4.689183966e-39 -2.20527384e-39
713001 -0.1220522355 -4.689183966e-39 -2.20527384e-39
714001 -0.1220522355 -4.689183966e-39 -2.20527384e-39
715001 -0.1220522355 -4.689183966e-39 -2.20527384e-39
716001 -0.1220522355 -4.689183966e-39 -2.20527384e-39
717001 -0.1220522355 -4.689183966e-39 -2.20527384e-39
718001 -0.1220522355 -4.689183966e-39 -2.20527384e-39
719001 -0.1220522355 -4.689183966e-39 -2.20527384e-39
720001 -0.1220522355 -4.689183966e-39 -2.20527384e-39
721001 -0.1220522355 -4.689183966e-39 -2.20527384e-39
722001 -0.1220522355 -4.689183966e-39 -2.20527384e-39
723001 -0.1220522355 -4.689183966e-39 -2.20527384e-39
724001 -0.1220522355 -4.689183966e-39 -2.20527384e-39
725001 -0.1220522355 -4.689183966e-39 -2.20527384e-39
726001 -0.1220522355 -4.689183966e-39 -2.20527384e-39
727001 -0.1220522355 -4.689183966e-39 -2.20527384e-39
728001 -0.1220522355 -4.689183966e-39 -2.20527384e-39
729001 -0.1220522355 -4.689183966e-39 -2.20527384e-39
730001 -0.1220522355 -4.689183966e-39 -2.20527384e-39
731001 -0.1220522355 -4.689183966e-39 -2.20527384e-39
732001 -0.1220522355 -4.689183966e-39 -2.20527384e-39
733001 -0.1220522355 -4.689183966e-39 -2.20527384e-39
734001 -0.1220522355 -4.689183966e-39 -2.20527384e-39
735001 -0.1220522355 -4.689183966e-39 -2.20527384e-39
736001 -0.1220522355 -4.689183966e-39 -2.20527384e-39
737001 -0.1220522355 -4.689183966e-39 -2.20527384e-39
738001 -0.1220522355 -4.689183966e-39 -2.20527384e-39
739001 -0.1220522355 -4.689183966e-39 -2.20527384e-39
740001 -0.1220522355 -4.689183966e-39 -2.20527384e-39
741001 -0.1220522355 -4.689183966e-39 -2.20527384e-39
742001 -0.1220522355 -4.689183966e-39 -2.20527384e-39
743001 -0.1220522355 -4.689183966e-39 -2.20527384e-39
744001 -0.1220522355 -4.689183966e-39 -2.20527384e-39
745001 -0.1220522355 -4.689183966e-39 -2.20527384e-39
746001 -0.1220522355 -4.689183966e-39 -2.20527384e-39
747001 -0.1220522355 -4.689183966e-39 -2.20527384e-39
748001 -0.1220522355 -4.689183966e-39 -2.20527384e-39
749001 -0.1220522355 -4.689183966e-39 -2.20527384e-39
750001 -0.1220522355 -4.689183966e-39 -2.20527384e-39
751001 -0.1220522355 -4.689183966e-39 -2.20527384e-39
752001 -0.1220522355 -4.689183966e-39 -2.20527384e-39
753001 -0.1220522355 -4.689183966e-39 -2.20527384e-39
754001 -0.1220522355 -4.689183966e-39 -2.20527384e-39
755001 -0.1220522355 -4.689183966e-39 -2.20527384e-39
756001 -0.1220522355 -4.689183966e-39 -2.20527384e-39
757001 -0.1220522355 -4.689183966e-39 -2.20527384e-39
758001 -0.1220522355 -4.689183966e-39 -2.20527384e-39
759001 -0.1220522355 -4.689183966e-39 -2.20527384e-39
760001 -0.1220522355 -4.689183966e-39 -2.20527384e-39
761001 -0.1220522355 -4.689183966e-39 -2.20527384e-39
762001 -0.1220522355 -4.689183966e-39 -2.20527384e-39
763001 -0.1220522355 -4.689183966e-39 -2.20527384e-39
764001 -0.1220522355 -4.689183966e-39 -2.20527384e-39
765001 -0.1220522355 -4.689183966e-39 -2.20527384e-39
766001 -0.1220522355 -4.689183966e-39 -2.20527384e-39
767001 -0.1220522355 -4.689183966e-39 -2.20527384e-39
768001 -0.1220522355 -4.689183966e-39 -2.20527384e-39
769001 -0.1220522355 -4.689183966e-39 -2.20527384e-39
770001 -0.1220522355 -4.689183966e-39 -2.20527384e-39
771001 -0.1220522355 -4.689183966e-39 -2.20527384e-39
772001 -0.1220522355 -4.689183966e-39 -2.20527384e-39
773001 -0.1220522355 -4.689183966e-39 -2.20527384e-39
774001 -0.1220522355 -4.689183966e-39 -2.20527384e-39
775001 -0.1220522355 -4.689183966e-39 -2.20527384e-39
776001 -0.1220522355 -4.689183966e-39 -2.20527384e-39
777001 -0.1220522355 -4.689183966e-39 -2.20527384e-39
778001 -0.1220522355 -4.689183966e-39 -2.20527384e-39
779001 -0.1220522355 -4.689183966e-39 -2.20527384e-39
780001 -0.1220522355 -4.689183966e-39 -2.20527384e-39
781001 -0.1220522355 -4.689183966e-39 -2.20527384e-39
782001 -0.1220522355 -4.689183966e-39 -2.20527384e-39
783001 -0.1220522355 -4.689183966e-39 -2.20527384e-39
784001 -0.1220522355 -4.689183966e-39 -2.20527384e-39
785001 -0.1220522355 -4.689183966e-39 -2.20527384e-39
786001 -0.1220522355 -4.689183966e-39 -2.20527384e-39
787001 -0.1220522355 -4.689183966e-39 -2.20527384e-39
788001 -0.1220522355 -4.689183966e-39 -2.20527384e-39
789001 -0.1220522355 -4.689183966e-39 -2.20527384e-39
790001 -0.1220522355 -4.689183966e-39 -2.20527384e-39
791001 -0.1220522355 -4.689183966e-39 -2.20527384e-39
792001 -0.1220522355 -4.689183966e-39 -2.20527384e-39
793001 -0.1220522355 -4.689183966e-39 -2.20527384e-39
794001 -0.1220522355 -4.689183966e-39 -2.20527384e-39
795001 -0.1220522355 -4.689183966e-39 -2.20527384e-39
796001 -0.1220522355 -4.689183966e-39 -2.20527384e-39
797001 -0.1220522355 -4.689183966e-39 -2.20527384e-39
798001 -0.1220522355 -4.689183966e-39 -2.20527384e-39
799001 -0.1220522355 -4.689183966e-39 -2.20527384e-39
800001 -0.1220522355 -4.689183966e-39 -2.20527384e-39
801001 -0.1220522355 -4.689183966e-39 -2.20527384e-39
802001 -0.1220522355 -4.689183966e-39 -2.20527384e-39
803001 -0.1220522355 -4.689183966e-39 -2.20527384e-39
804001 -0.1220522355 -4.689183966e-39 -2.20527384e-39
805001 -0.1220522355 -4.689183966e-39 -2.20527384e-39
806001 -0.1220522355 -4.689183966e-39 -2.20527384e-39
807001 -0.1220522355 -4.689183966e-39 -2.20527384e-39
808001 -0.1220522355 -4.689183966e-39 -2.20527384e-39
809001 -0.1220522355 -4.689183966e-39 -2.20527384e-39
810001 -0.1220522355 -4.689183966e-39 -2.20527384e-39
811001 -0.1220522355 -4.689183966e-39 -2.20527384e-39
812001 -0.1220522355 -4.689183966e-39 -2.20527384e-39
813001 -0.1220522355 -4.689183966e-39 -2.20527384e-39
814001 -0.1220522355 -4.689183966e-39 -2.20527384e-39
815001 -0.1220522355 -4.689183966e-39 -2.20527384e-39
816001 -0.1220522355 -4.689183966e-39 -2.20527384e-39
817001 -0.1220522355 -4.689183966e-39 -2.20527384e-39
818001 -0.1220522355 -4.689183966e-39 -2.20527384e-39
819001 -0.1220522355 -4.689183966e-39 -2.20527384e-39
820001 -0.1220522355 -4.689183966e-39 -2.20527384e-39
821001 -0.1220522355 -4.689183966e-39 -2.20527384e-39
822001 -0.1220522355 -4.689183966e-39 -2.20527384e-39
823001 -0.1220522355 -4.689183966e-39 -2.20527384e-39
824001 -0.1220522355 -4.689183966e-39 -2.20527384e-39
825001 -0.1220522355 -4.689183966e-39 -2.20527384e-39
826001 -0.1220522355 -4.689183966e-39 -2.20527384e-39
827001 -0.1220522355 -4.689183966e-39 -2.20527384e-39
828001 -0.1220522355 -4.689183966e-39 -2.20527384e-39
829001 -0.1220522355 -4.689183966e-39 -2.20527384e-39
830001 -0.1220522355 -4.689183966e-39 -2.20527384e-39
831001 -0.1220522355 -4.689183966e-39 -2.20527384e-39
832001 -0.1220522355 -4.689183966e-39 -2.20527384e-39
833001 -0.1220522355 -4.689183966e-39 -2.20527384e-39
834001 -0.1220522355 -4.689183966e-39 -2.20527384e-39
835001 -0.1220522355 -4.689183966e-39 -2.20527384e-39
836001 -0.1220522355 -4.689183966e-39 -2.20527384e-39
837001 -0.1220522355 -4.689183966e-39 -2.20527384e-39
838001 -0.1220522355 -4.689183966e-39 -2.20527384e-39
839001 -0.1220522355 -4.689183966e-39 -2.20527384e-39
840001 -0.1220522355 -4.689183966e-39 -2.20527384e-39
841001 -0.1220522355 -4.689183966e-39 -2.20527384e-39
842001 -0.1220522355 -4.689183966e-39 -2.20527384e-39
843001 -0.1220522355 -4.689183966e-39 -2.20527384e-39
844001 -0.1220522355 -4.689183966e-39 -2.20527384e-39
845001 -0.1220522355 -4.689183966e-39 -2.20527384e-39
846001 -0.1220522355 -4.689183966e-39 -2.20527384e-39
847001 -0.1220522355 -4.689183966e-39 -2.20527384e-39
848001 -0.1220522355 -4.689183966e-39 -2.20527384e-39
849001 -0.1220522355 -4.689183966e-39 -2.20527384e-39
850001 -0.1220522355 -4.689183966e-39 -2.20527384e-39
851001 -0.1220522355 -4.689183966e-39 -2.20527384e-39
852001 -0.1220522355 -4.689183966e-39 -2.20527384e-39
853001 -0.1220522355 -4.689183966e-39 -2.20527384e-39
854001 -0.1220522355 -4.689183966e-39 -2.20527384e-39
855001 -0.1220522355 -4.689183966e-39 -2.20527384e-39
856001 -0.1220522355 -4.689183966e-39 -2.20527384e-39
857001 -0.1220522355 -4.689183966e-39 -2.20527384e-39
858001 -0.1220522355 -4.689183966e-39 -2.20527384e-39
859001 -0.1220522355 -4.689183966e-39 -2.20527384e-39
860001 -0.1220522355 -4.689183966e-39 -2.20527384e-39
861001 -0.1220522355 -4.689183966e-39 -2.20527384e-39
862001 -0.1220522355 -4.689183966e-39 -2.20527384e-39
863001 -0.1220522355 -4.689183966e-39 -2.20527384e-39
864001 -0.1220522355 -4.689183966e-39 -2.20527384e-39
865001 -0.1220522355 -4.689183966e-39 -2.20527384e-39
866001 -0.1220522355 -4.689183966e-39 -2.20527384e-39
867001 -0.1220522355 -4.689183966e-39 -2.20527384e-39
868001 -0.1220522355 -4.689183966e-39 -2.20527384e-39
869001 -0.1220522355 -4.689183966e-39 -2.20527384e-39
870001 -0.1220522355 -4.689183966e-39 -2.20527384e-39
871001 -0.1220522355 -4.689183966e-39 -2.20527384e-39
872001 -0.1220522355 -4.689183966e-39 -2.20527384e-39
873001 -0.1220522355 -4.689183966e-39 -2.20527384e-39
874001 -0.1220522355 -4.689183966e-39 -2.20527384e-39
875001 -0.1220522355 -4.689183966e-39 -2.20527384e-39
876001 -0.1220522355 -4.689183966e-39 -2.20527384e-39
877001 -0.1220522355 -4.689183966e-39 -2.20527384e-39
878001 -0.1220522355 -4.689183966e-39 -2.20527384e-39
879001 -0.1220522355 -4.689183966e-39 -2.20527384e-39
880001 -0.1220522355 -4.689183966e-39 -2.20527384e-39
881001 -0.1220522355 -4.689183966e-39 -2.20527384e-39
882001 -0.1220522355 -4.689183966e-39 -2.20527384e-39
883001 -0.1220522355 -4.689183966e-39 -2.20527384e-39
884001 -0.1220522355 -4.689183966e-39 -2.20527384e-39
885001 -0.1220522355 -4.689183966e-39 -2.20527384e-39
886001 -0.1220522355 -4.689183966e-39 -2.20527384e-39
887001 -0.1220522355 -4.689183966e-39 -2.20527384e-39
888001 -0.1220522355 -4.689183966e-39 -2.20527384e-39
889001 -0.1220522355 -4.689183966e-39 -2.20527384e-39
890001 -0.1220522355 -4.689183966e-39 -2.20527384e-39
891001 -0.1220522355 -4.689183966e-39 -2.20527384e-39
892001 -0.1220522355 -4.689183966e-39 -2.20527384e-39
893001 -0.1220522355 -4.689183966e-39 -2.20527384e-39
894001 -0.1220522355 -4.689183966e-39 -2.20527384e-39
895001 -0.1220522355 -4.689183966e-39 -2.20527384e-39
896001 -0.1220522355 -4.689183966e-39 -2.20527384e-39
897001 -0.1220522355 -4.689183966e-39 -2.20527384e-39
898001 -0.1220522355 -4.689183966e-39 -2.20527384e-39
899001 -0.1220522355 -4.689183966e-39 -2.20527384e-39
900001 -0.1220522355 -4.689183966e-39 -2.20527384e-39
901001 -0.1220522355 -4.689183966e-39 -2.20527384e-39
902001 -0.1220522355 -4.689183966e-39 -2.20527384e-39
903001 -0.1220522355 -4.689183966e-39 -2.20527384e-39
904001 -0.1220522355 -4.689183966e-39 -2.20527384e-39
905001 -0.1220522355 -4.689183966e-39 -2.20527384e-39
906001 -0.1220522355 -4.689183966e-39 -2.20527384e-39
907001 -0.1220522355 -4.689183966e-39 -2.20527384e-39
908001 -0.1220522355 -4.689183966e-39 -2.20527384e-39
909001 -0.1220522355 -4.689183966e-39 -2.20527384e-39
910001 -0.1220522355 -4.689183966e-39 -2.20527384e-39
911001 -0.1220522355 -4.689183966e-39 -2.20527384e-39
912001 -0.1220522355 -4.689183966e-39 -2.20527384e-39
913001 -0.1220522355 -4.689183966e-39 -2.20527384e-39
914001 -0.1220522355 -4.689183966e-39 -2.20527384e-39
915001 -0.1220522355 -4.689183966e-39 -2.20527384e-39
916001 -0.1220522355 -4.689183966e-39 -2.20527384e-39
917001 -0.1220522355 -4.689183966e-39 -2.20527384e-39
918001 -0.1220522355 -4.689183966e-39 -2.20527384e-39
919001 -0.1220522355 -4.689183966e-39 -2.20527384e-39
920001 -0.1220522355 -4.689183966e-39 -2.20527384e-39
921001 -0.1220522355 -4.689183966e-39 -2.20527384e-39
922001 -0.1220522355 -4.689183966e-39 -2.20527384e-39
923001 -0.1220522355 -4.689183966e-39 -2.20527384e-39
924001 -0.1220522355 -4.689183966e-39 -2.20527384e-39
925001 -0.1220522355 -4.689183966e-39 -2.20527384e-39
926001 -0.1220522355 -4.689183966e-39 -2.20527384e-39
927001 -0.1220522355 -4.689183966e-39 -2.20527384e-39
928001 -0.1220522355 -4.689183966e-39 -2.20527384e-39
929001 -0.1220522355 -4.689183966e-39 -2.20527384e-39
930001 -0.1220522355 -4.689183966e-39 -2.20527384e-39
931001 -0.1220522355 -4.689183966e-39 -2.20527384e-39
932001 -0.1220522355 -4.689183966e-39 -2.20527384e-39
933001 -0.1220522355 -4.689183966e-39 -2.20527384e-39
934001 -0.1220522355 -4.689183966e-39 -2.20527384e-39
935001 -0.1220522355 -4.689183966e-39 -2.20527384e-39
936001 -0.1220522355 -4.689183966e-39 -2.20527384e-39
937001 -0.1220522355 -4.689183966e-39 -2.20527384e-39
938001 -0.1220522355 -4.689183966e-39 -2.20527384e-39
939001 -0.1220522355 -4.689183966e-39 -2.20527384e-39
940001 -0.1220522355 -4.689183966e-39 -2.20527384e-39
941001 -0.1220522355 -4.689183966e-39 -2.20527384e-39
942001 -0.1220522355 -4.689183966e-39 -2.20527384e-39
943001 -0.1220522355 -4.689183966e-39 -2.20527384e-39
944001 -0.1220522355 -4.689183966e-39 -2.20527384e-39
945001 -0.1220522355 -4.689183966e-39 -2.20527384e-39
946001 -0.1220522355 -4.689183966e-39 -2.20527384e-39
947001 -0.1220522355 -4.689183966e-39 -2.20527384e-39
948001 -0.1220522355 -4.689183966e-39 -2.20527384e-39
949001 -0.1220522355 -4.689183966e-39 -2.20527384e-39
950001 -0.1220522355 -4.689183966e-39 -2.20527384e-39
951001 -0.1220522355 -4.689183966e-39 -2.20527384e-39
952001 -0.1220522355 -4.689183966e-39 -2.20527384e-39
953001 -0.1220522355 -4.689183966e-39 -2.20527384e-39
954001 -0.1220522355 -4.689183966e-39 -2.20527384e-39
955001 -0.1220522355 -4.689183966e-39 -2.20527384e-39
956001 -0.1220522355 -4.689183966e-39 -2.20527384e-39
957001 -0.1220522355 -4.689183966e-39 -2.20527384e-39
958001 -0.1220522355 -4.689183966e-39 -2.20527384e-39
959001 -0.1220522355 -4.689183966e-39 -2.20527384e-39
960001 -0.1220522355 -4.689183966e-39 -2.20527384e-39
961001 -0.1220522355 -4.689183966e-39 -2.20527384e-39
962001 -0.1220522355 -4.689183966e-39 -2.20527384e-39
963001 -0.1220522355 -4.689183966e-39 -2.20527384e-39
964001 -0.1220522355 -4.689183966e-39 -2.20527384e-39
965001 -0.1220522355 -4.689183966e-39 -2.20527384e-39
966001 -0.1220522355 -4.689183966e-39 -2.20527384e-39
967001 -0.1220522355 -4.689183966e-39 -2.20527384e-39
968001 -0.1220522355 -4.689183966e-39 -2.20527384e-39
969001 -0.1220522355 -4.689183966e-39 -2.20527384e-39
970001 -0.1220522355 -4.689183966e-39 -2.20527384e-39
971001 -0.1220522355 -4.689183966e-39 -2.20527384e-39
972001 -0.1220522355 -4.689183966e-39 -2.20527384e-39
973001 -0.1220522355 -4.689183966e-39 -2.20527384e-39
974001 -0.1220522355 -4.689183966e-39 -2.20527384e-39
975001 -0.1220522355 -4.689183966e-39 -2.20527384e-39
976001 -0.1220522355 -4.689183966e-39 -2.20527384e-39
977001 -0.1220522355 -4.689183966e-39 -2.20527384e-39
978001 -0.1220522355 -4.689183966e-39 -2.20527384e-39
979001 -0.1220522355 -4.689183966e-39 -2.20527384e-39
980001 -0.1220522355 -4.689183966e-39 -2.20527384e-39
981001 -0.1220522355 -4.689183966e-39 -2.20527384e-39
982001 -0.1220522355 -4.689183966e-39 -2.20527384e-39
983001 -0.1220522355 -4.689183966e-39 -2.20527384e-39
984001 -0.1220522355 -4.689183966e-39 -2.20527384e-39
985001 -0.1220522355 -4.689183966e-39 -2.20527384e-39
986001 -0.1220522355 -4.689183966e-39 -2.20527384e-39
987001 -0.1220522355 -4.689183966e-39 -2.20527384e-39
988001 -0.1220522355 -4.689183966e-39 -2.20527384e-39
989001 -0.1220522355 -4.689183966e-39 -2.20527384e-39
990001 -0.1220522355 -4.689183966e-39 -2.20527384e-39
991001 -0.1220522355 -4.689183966e-39 -2.20527384e-39
992001 -0.1220522355 -4.689183966e-39 -2.20527384e-39
993001 -0.1220522355 -4.689183966e-39 -2.20527384e-39
994001 -0.1220522355 -4.689183966e-39 -2.20527384e-39
995001 -0.1220522355 -4.689183966e-39 -2.20527384e-39
996001 -0.1220522355 -4.689183966e-39 -2.20527384e-39
997001 -0.1220522355 -4.689183966e-39 -2.20527384e-39
998001 -0.1220522355 -4.689183966e-39 -2.20527384e-39
999001 -0.1220522355 -4.689183966e-39 -2.20527384e-39
1000001 -0.1220522355 -4.689183966e-39 -2.20527384e-39
1001001 -0.1220522355 -4.689183966e-39 -2.20527384e-39
1002001 -0.1220522355 -4.689183966e-39 -2.20527384e-39
1003001 -0.1220522355 -4.689183966e-39 -2.20527384e-39
1004001 -0.1220522355 -4.689183966e-39 -2.20527384e-39
1005001 -0.1220522355 -4.689183966e-39 -2.20527384e-39
1006001 -0.1220522355 -4.689183966e-39 -2.20527384e-39
1007001 -0.1220522355 -4.689183966e-39 -2.20527384e-39
1008001 -0.1220522355 -4.689183966e-39 -2.20527384e-39
1009001 -0.1220522355 -4.689183966e-39 -2.20527384e-39
1010001 -0.1220522355 -4.689183966e-39 -2.20527384e-39
1011001 -0.1220522355 -4.689183966e-39 -2.20527384e-39
1012001 -0.1220522355 -4.689183966e-39 -2.20527384e-39
1013001 -0.1220522355 -4.689183966e-39 -2.20527384e-39
1014001 -0.1220522355 -4.689183966e-39 -2.20527384e-39
1015001 -0.1220522355 -4.689183966e-39 -2.20527384e-39
1016001 -0.1220522355 -4.689183966e-39 -2.20527384e-39
1017001 -0.1220522355 -4.689183966e-39 -2.20527384e-39
1018001 -0.1220522355 -4.689183966e-39 -2.20527384e-39
1019001 -0.1220522355 -4.689183966e-39 -2.20527384e-39
1020001 -0.1220522355 -4.689183966e-39 -2.20527384e-39
1021001 -0.1220522355 -4.689183966e-39 -2.20527384e-39
1022001 -0.1220522355 -4.689183966e-39 -2.20527384e-39
1023001 -0.1220522355 -4.689183966e-39 -2.20527384e-39
1024001 -0.1220522355 -4.689183966e-39 -2.20527384e-39
1025001 -0.1220522355 -4.689183966e-39 -2.20527384e-39
1026001 -0.1220522355 -4.689183966e-39 -2.20527384e-39
1027001 -0.1220522355 -4.689183966e-39 -2.20527384e-39
1028001 -0.1220522355 -4.689183966e-39 -2.20527384e-39
1029001 -0.1220522355 -4.689183966e-39 -2.20527384e-39
1030001 -0.1220522355 -4.689183966e-39 -2.20527384e-39
1031001 -0.1220522355 -4.689183966e-39 -2.20527384e-39
1032001 -0.1220522355 -4.689183966e-39 -2.20527384e-39
1033001 -0.1220522355 -4.689183966e-39 -2.20527384e-39
1034001 -0.1220522355 -4.689183966e-39 -2.20527384e-39
1035001 -0.1220522355 -4.689183966e-39 -2.20527384e-39
1036001 -0.1220522355 -4.689183966e-39 -2.20527384e-39
1037001 -0.1220522355 -4.689183966e-39 -2.20527384e-39
1038001 -0.1220522355 -4.689183966e-39 -2.20527384e-39
1039001 -0.1220522355 -4.689183966e-39 -2.20527384e-39
1040001 -0.1220522355 -4.689183966e-39 -2.20527384e-39
1041001 -0.1220522355 -4.689183966e-39 -2.20527384e-39
1042001 -0.1220522355 -4.689183966e-39 -2.20527384e-39
1043001 -0.1220522355 -4.689183966e-39 -2.20527384e-39
1044001 -0.1220522355 -4.689183966e-39 -2.20527384e-39
1045001 -0.1220522355 -4.689183966e-39 -2.20527384e-39
1046001 -0.1220522355 -4.689183966e-39 -2.20527384e-39
1047001 -0.1220522355 -4.689183966e-39 -2.20527384e-39
1048001 -0.1220522355 -4.689183966e-39 -2.20527384e-39
1049001 -0.1220522355 -4.689183966e-39 -2.20527384e-39
1050001 -0.1220522355 -4.689183966e-39 -2.20527384e-39
1051001 -0.1220522355 -4.689183966e-39 -2.20527384e-39
1052001 -0.1220522355 -4.689183966e-39 -2.20527384e-39
1053001 -0.1220522355 -4.689183966e-39 -2.20527384e-39
1054001 -0.1220522355 -4.689183966e-39 -2.20527384e-39
1055001 -0.1220522355 -4.689183966e-39 -2.20527384e-39
1056001 -0.1220522355 -4.689183966e-39 -2.20527384e-39
1057001 -0.1220522355 -4.689183966e-39 -2.20527384e-39
1058001 -0.1220522355 -4.689183966e-39 -2.20527384e-39
1059001 -0.1220522355 -4.689183966e-39 -2.20527384e-39
1060001 -0.1220522355 -4.689183966e-39 -2.20527384e-39
1061001 -0.1220522355 -4.689183966e-39 -2.20527384e-39
1062001 -0.1220522355 -4.689183966e-39 -2.20527384e-39
1063001 -0.1220522355 -4.689183966e-39 -2.20527384e-39
1064001 -0.1220522355 -4.689183966e-39 -2.20527384e-39
1065001 -0.1220522355 -4.689183966e-39 -2.20527384e-39
1066001 -0.1220522355 -4.689183966e-39 -2.20527384e-39
1067001 -0.1220522355 -4.689183966e-39 -2.20527384e-39
1068001 -0.1220522355 -4.689183966e-39 -2.20527384e-39
1069001 -0.1220522355 -4.689183966e-39 -2.20527384e-39
1070001 -0.1220522355 -4.689183966e-39 -2.20527384e-39
1071001 -0.1220522355 -4.689183966e-39 -2.20527384e-39
1072001 -0.1220522355 -4.689183966e-39 -2.20527384e-39
1073001 -0.1220522355 -4.689183966e-39 -2.20527384e-39
1074001 -0.1220522355 -4.689183966e-39 -2.20527384e-39
1075001 -0.1220522355 -4.689183966e-39 -2.20527384e-39
1076001 -0.1220522355 -4.689183966e-39 -2.20527384e-39
1077001 -0.1220522355 -4.689183966e-39 -2.20527384e-39
1078001 -0.1220522355 -4.689183966e-39 -2.20527384e-39
1079001 -0.1220522355 -4.689183966e-39 -2.20527384e-39
1080001 -0.1220522355 -4.689183966e-39 -2.20527384e-39
1081001 -0.1220522355 -4.689183966e-39 -2.20527384e-39
1082001 -0.1220522355 -4.689183966e-39 -2.20527384e-39
1083001 -0.1220522355 -4.689183966e-39 -2.20527384e-39
1084001 -0.1220522355 -4.689183966e-39 -2.20527384e-39
1085001 -0.1220522355 -4.689183966e-39 -2.20527384e-39
1086001 -0.1220522355 -4.689183966e-39 -2.20527384e-39
1087001 -0.1220522355 -4.689183966e-39 -2.20527384e-39
1088001 -0.1220522355 -4.689183966e-39 -2.20527384e-39
1089001 -0.1220522355 -4.689183966e-39 -2.20527384e-39
1090001 -0.1220522355 -4.689183966e-39 -2.20527384e-39
1091001 -0.1220522355 -4.689183966e-39 -2.20527384e-39
1092001 -0.1220522355 -4.689183966e-39 -2.20527384e-39
1093001 -0.1220522355 -4.689183966e-39 -2.20527384e-39
1094001 -0.1220522355 -4.689183966e-39 -2.20527384e-39
1095001 -0.1220522355 -4.689183966e-39 -2.20527384e-39
1096001 -0.1220522355 -4.689183966e-39 -2.20527384e-39
1097001 -0.1220522355 -4.689183966e-39 -2.20527384e-39
1098001 -0.1220522355 -4.689183966e-39 -2.20527384e-39
1099001 -0.1220522355 -4.689183966e-39 -2.20527384e-39
1100001 -0.1220522355 -4.689183966e-39 -2.20527384e-39
1101001 -0.1220522355 -4.689183966e-39 -2.20527384e-39
1102001 -0.1220522355 -4.689183966e-39 -2.20527384e-39
1103001 -0.1220522355 -4.689183966e-39 -2.20527384e-39
1104001 -0.1220522355 -4.689183966e-39 -2.20527384e-39
1105001 -0.1220522355 -4.689183966e-39 -2.20527384e-39
1106001 -0.1220522355 -4.689183966e-39 -2.20527384e-39
1107001 -0.1220522355 -4.689183966e-39 -2.20527384e-39
1108001 -0.1220522355 -4.689183966e-39 -2.20527384e-39
1109001 -0.1220522355 -4.689183966e-39 -2.20527384e-39
1110001 -0.1220522355 -4.689183966e-39 -2.20527384e-39
1111001 -0.1220522355 -4.689183966e-39 -2.20527384e-39
1112001 -0.1220522355 -4.689183966e-39 -2.20527384e-39
1113001 -0.1220522355 -4.689183966e-39 -2.20527384e-39
1114001 -0.1220522355 -4.689183966e-39 -2.20527384e-39
1115001 -0.1220522355 -4.689183966e-39 -2.20527384e-39
1116001 -0.1220522355 -4.689183966e-39 -2.20527384e-39
1117001 -0.1220522355 -4.689183966e-39 -2.20527384e-39
1118001 -0.1220522355 -4.689183966e-39 -2.20527384e-39
1119001 -0.1220522355 -4.689183966e-39 -2.20527384e-39
1120001 -0.1220522355 -4.689183966e-39 -2.20527384e-39
1121001 -0.1220522355 -4.689183966e-39 -2.20527384e-39
1122001 -0.1220522355 -4.689183966e-39 -2.20527384e-39
1123001 -0.1220522355 -4.689183966e-39 -2.20527384e-39
1124001 -0.1220522355 -4.689183966e-39 -2.20527384e-39
1125001 -0.1220522355 -4.689183966e-39 -2.20527384e-39
1126001 -0.1220522355 -4.689183966e-39 -2.20527384e-39
1127001 -0.1220522355 -4.689183966e-39 -2.20527384e-39
1128001 -0.1220522355 -4.689183966e-39 -2.20527384e-39
1129001 -0.1220522355 -4.689183966e-39 -2.20527384e-39
1130001 -0.1220522355 -4.689183966e-39 -2.20527384e-39
1131001 -0.1220522355 -4.689183966e-39 -2.20527384e-39
1132001 -0.1220522355 -4.689183966e-39 -2.20527384e-39
1133001 -0.1220522355 -4.689183966e-39 -2.20527384e-39
1134001 -0.1220522355 -4.689183966e-39 -2.20527384e-39
1135001 -0.1220522355 -4.689183966e-39 -2.20527384e-39
1136001 -0.1220522355 -4.689183966e-39 -2.20527384e-39
1137001 -0.1220522355 -4.689183966e-39 -2.20527384e-39
1138001 -0.1220522355 -4.689183966e-39 -2.20527384e-39
1139001 -0.1220522355 -4.689183966e-39 -2.20527384e-39
1140001 -0.1220522355 -4.689183966e-39 -2.20527384e-39
1141001 -0.1220522355 -4.689183966e-39 -2.20527384e-39
1142001 -0.1220522355 -4.689183966e-39 -2.20527384e-39
1143001 -0.1220522355 -4.689183966e-39 -2.20527384e-39
1144001 -0.1220522355 -4.689183966e-39 -2.20527384e-39
1145001 -0.1220522355 -4.689183966e-39 -2.20527384e-39
1146001 -0.1220522355 -4.689183966e-39 -2.20527384e-39
1147001 -0.1220522355 -4.689183966e-39 -2.20527384e-39
1148001 -0.1220522355 -4.689183966e-39 -2.20527384e-39
1149001 -0.1220522355 -4.689183966e-39 -2.20527384e-39
1150001 -0.1220522355 -4.689183966e-39 -2.20527384e-39
1151001 -0.1220522355 -4.689183966e-39 -2.20527384e-39
1152001 -0.1220522355 -4.689183966e-39 -2.20527384e-39
1153001 -0.1220522355 -4.689183966e-39 -2.20527384e-39
1154001 -0.1220522355 -4.689183966e-39 -2.20527384e-39
1155001 -0.1220522355 -4.689183966e-39 -2.20527384e-39
1156001 -0.1220522355 -4.689183966e-39 -2.20527384e-39
1157001 -0.1220522355 -4.689183966e-39 -2.20527384e-39
1158001 -0.1220522355 -4.689183966e-39 -2.20527384e-39
1159001 -0.1220522355 -4.689183966e-39 -2.20527384e-39
1160001 -0.1220522355 -4.689183966e-39 -2.20527384e-39
1161001 -0.1220522355 -4.689183966e-39 -2.20527384e-39
1162001 -0.1220522355 -4.689183966e-39 -2.20527384e-39
1163001 -0.1220522355 -4.689183966e-39 -2.20527384e-39
1164001 -0.1220522355 -4.689183966e-39 -2.20527384e-39
1165001 -0.1220522355 -4.689183966e-39 -2.20527384e-39
1166001 -0.1220522355 -4.689183966e-39 -2.20527384e-39
1167001 -0.1220522355 -4.689183966e-39 -2.20527384e-39
1168001 -0.1220522355 -4.689183966e-39 -2.20527384e-39
1169001 -0.1220522355 -4.689183966e-39 -2.20527384e-39
1170001 -0.1220522355 -4.689183966e-39 -2.20527384e-39
1171001 -0.1220522355 -4.689183966e-39 -2.20527384e-39
1172001 -0.1220522355 -4.689183966e-39 -2.20527384e-39
1173001 -0.1220522355 -4.689183966e-39 -2.20527384e-39
1174001 -0.1220522355 -4.689183966e-39 -2.20527384e-39
1175001 -0.1220522355 -4.689183966e-39 -2.20527384e-39
1176001 -0.1220522355 -4.689183966e-39 -2.20527384e-39
1177001 -0.1220522355 -4.689183966e-39 -2.20527384e-39
1178001 -0.1220522355 -4.689183966e-39 -2.20527384e-39
1179001 -0.1220522355 -4.689183966e-39 -2.20527384e-39
1180001 -0.1220522355 -4.689183966e-39 -2.20527384e-39
1181001 -0.1220522355 -4.689183966e-39 -2.20527384e-39
1182001 -0.1220522355 -4.689183966e-39 -2.20527384e-39
1183001 -0.1220522355 -4.689183966e-39 -2.20527384e-39
1184001 -0.1220522355 -4.689183966e-39 -2.20527384e-39
1185001 -0.1220522355 -4.689183966e-39 -2.20527384e-39
1186001 -0.1220522355 -4.689183966e-39 -2.20527384e-39
1187001 -0.1220522355 -4.689183966e-39 -2.20527384e-39
1188001 -0.1220522355 -4.689183966e-39 -2.20527384e-39
1189001 -0.1220522355 -4.689183966e-39 -2.20527384e-39
1190001 -0.1220522355 -4.689183966e-39 -2.20527384e-39
1191001 -0.1220522355 -4.689183966e-39 -2.20527384e-39
1192001 -0.1220522355 -4.689183966e-39 -2.20527384e-39
1193001 -0.1220522355 -4.689183966e-39 -2.20527384e-39
1194001 -0.1220522355 -4.689183966e-39 -2.20527384e-39
1195001 -0.1220522355 -4.689183966e-39 -2.20527384e-39
1196001 -0.1220522355 -4.689183966e-39 -2.20527384e-39
1197001 -0.1220522355 -4.689183966e-39 -2.20527384e-39
1198001 -0.1220522355 -4.689183966e-39 -2.20527384e-39
1199001 -0.1220522355 -4.689183966e-39 -2.20527384e-39
1200001 -0.1220522355 -4.689183966e-39 -2.20527384e-39
1201001 -0.1220522355 -4.689183966e-39 -2.20527384e-39
1202001 -0.1220522355 -4.689183966e-39 -2.20527384e-39
1203001 -0.1220522355 -4.689183966e-39 -2.20527384e-39
1204001 -0.1220522355 -4.689183966e-39 -2.20527384e-39
1205001 -0.1220522355 -4.689183966e-39 -2.20527384e-39
1206001 -0.1220522355 -4.689183966e-39 -2.20527384e-39
1207001 -0.1220522355 -4.689183966e-39 -2.20527384e-39
1208001 -0.1220522355 -4.689183966e-39 -2.20527384e-39
1209001 -0.1220522355 -4.689183966e-39 -2.20527384e-39
1210001 -0.1220522355 -4.689183966e-39 -2.20527384e-39
1211001 -0.1220522355 -4.689183966e-39 -2.20527384e-39
1212001 -0.1220522355 -4.689183966e-39 -2.20527384e-39
1213001 -0.1220522355 -4.689183966e-39 -2.20527384e-39
1214001 -0.1220522355 -4.689183966e-39 -2.20527384e-39
1215001 -0.1220522355 -4.689183966e-39 -2.20527384e-39
1216001 -0.1220522355 -4.689183966e-39 -2.20527384e-39
1217001 -0.1220522355 -4.689183966e-39 -2.20527384e-39
1218001 -0.1220522355 -4.689183966e-39 -2.20527384e-39
1219001 -0.1220522355 -4.689183966e-39 -2.20527384e-39
1220001 -0.1220522355 -4.689183966e-39 -2.20527384e-39
1221001 -0.1220522355 -4.689183966e-39 -2.20527384e-39
1222001 -0.1220522355 -4.689183966e-39 -2.20527384e-39
1223001 -0.1220522355 -4.689183966e-39 -2.20527384e-39
1224001 -0.1220522355 -4.689183966e-39 -2.20527384e-39
1225001 -0.1220522355 -4.689183966e-39 -2.20527384e-39
1226001 -0.1220522355 -4.689183966e-39 -2.20527384e-39
1227001 -0.1220522355 -4.689183966e-39 -2.20527384e-39
1228001 -0.1220522355 -4.689183966e-39 -2.20527384e-39
1229001 -0.1220522355 -4.689183966e-39 -2.20527384e-39
1230001 -0.1220522355 -4.689183966e-39 -2.20527384e-39
1231001 -0.1220522355 -4.689183966e-39 -2.20527384e-39
1232001 -0.1220522355 -4.689183966e-39 -2.20527384e-39
1233001 -0.1220522355 -4.689183966e-39 -2.20527384e-39
1234001 -0.1220522355 -4.689183966e-39 -2.20527384e-39
1235001 -0.1220522355 -4.689183966e-39 -2.20527384e-39
1236001 -0.1220522355 -4.689183966e-39 -2.20527384e-39
1237001 -0.1220522355 -4.689183966e-39 -2.20527384e-39
1238001 -0.1220522355 -4.689183966e-39 -2.20527384e-39
1239001 -0.1220522355 -4.689183966e-39 -2.20527384e-39
1240001 -0.1220522355 -4.689183966e-39 -2.20527384e-39
1241001 -0.1220522355 -4.689183966e-39 -2.20527384e-39
1242001 -0.1220522355 -4.689183966e-39 -2.20527384e-39
1243001 -0.1220522355 -4.689183966e-39 -2.20527384e-39
1244001 -0.1220522355 -4.689183966e-39 -2.20527384e-39
1245001 -0.1220522355 -4.689183966e-39 -2.20527384e-39
1246001 -0.1220522355 -4.689183966e-39 -2.20527384e-39
1247001 -0.1220522355 -4.689183966e-39 -2.20527384e-39
1248001 -0.1220522355 -4.689183966e-39 -2.20527384e-39
1249001 -0.1220522355 -4.689183966e-39 -2.20527384e-39
1250001 -0.1220522355 -4.689183966e-39 -2.20527384e-39
1251001 -0.1220522355 -4.689183966e-39 -2.20527384e-39
1252001 -0.1220522355 -4.689183966e-39 -2.20527384e-39
1253001 -0.1220522355 -4.689183966e-39 -2.20527384e-39
1254001 -0.1220522355 -4.689183966e-39 -2.20527384e-39
1255001 -0.1220522355 -4.689183966e-39 -2.20527384e-39
1256001 -0.1220522355 -4.689183966e-39 -2.20527384e-39
1257001 -0.1220522355 -4.689183966e-39 -2.20527384e-39
1258001 -0.1220522355 -4.689183966e-39 -2.20527384e-39
1259001 -0.1220522355 -4.689183966e-39 -2.20527384e-39
1260001 -0.1220522355 -4.689183966e-39 -2.20527384e-39
1261001 -0.1220522355 -4.689183966e-39 -2.20527384e-39
1262001 -0.1220522355 -4.689183966e-39 -2.20527384e-39
1263001 -0.1220522355 -4.689183966e-39 -2.20527384e-39
1264001 -0.1220522355 -4.689183966e-39 -2.20527384e-39
1265001 -0.1220522355 -4.689183966e-39 -2.20527384e-39
1266001 -0.1220522355 -4.689183966e-39 -2.20527384e-39
1267001 -0.1220522355 -4.689183966e-39 -2.20527384e-39
1268001 -0.1220522355 -4.689183966e-39 -2.20527384e-39
1269001 -0.1220522355 -4.689183966e-39 -2.20527384e-39
1270001 -0.1220522355 -4.689183966e-39 -2.20527384e-39
1271001 -0.1220522355 -4.689183966e-39 -2.20527384e-39
1272001 -0.1220522355 -4.689183966e-39 -2.20527384e-39
1273001 -0.1220522355 -4.689183966e-39 -2.20527384e-39
1274001 -0.1220522355 -4.689183966e-39 -2.20527384e-39
1275001 -0.1220522355 -4.689183966e-39 -2.20527384e-39
1276001 -0.1220522355 -4.689183966e-39 -2.20527384e-39
1277001 -0.1220522355 -4.689183966e-39 -2.20527384e-39
1278001 -0.1220522355 -4.689183966e-39 -2.20527384e-39
1279001 -0.1220522355 -4.689183966e-39 -2.20527384e-39
1280001 -0.1220522355 -4.689183966e-39 -2.20527384e-39
1281001 -0.1220522355 -4.689183966e-39 -2.20527384e-39
1282001 -0.1220522355 -4.689183966e-39 -2.20527384e-39
1283001 -0.1220522355 -4.689183966e-39 -2.20527384e-39
1284001 -0.1220522355 -4.689183966e-39 -2.20527384e-39
1285001 -0.1220522355 -4.689183966e-39 -2.20527384e-39
1286001 -0.1220522355 -4.689183966e-39 -2.20527384e-39
1287001 -0.1220522355 -4.689183966e-39 -2.20527384e-39
1288001 -0.1220522355 -4.689183966e-39 -2.20527384e-39
1289001 -0.1220522355 -4.689183966e-39 -2.20527384e-39
1290001 -0.1220522355 -4.689183966e-39 -2.20527384e-39
1291001 -0.1220522355 -4.689183966e-39 -2.20527384e-39
1292001 -0.1220522355 -4.689183966e-39 -2.20527384e-39
1293001 -0.1220522355 -4.689183966e-39 -2.20527384e-39
1294001 -0.1220522355 -4.689183966e-39 -2.20527384e-39
1295001 -0.1220522355 -4.689183966e-39 -2.20527384e-39
1296001 -0.1220522355 -4.689183966e-39 -2.20527384e-39
1297001 -0.1220522355 -4.689183966e-39 -2.20527384e-39
1298001 -0.1220522355 -4.689183966e-39 -2.20527384e-39
1299001 -0.1220522355 -4.689183966e-39 -2.20527384e-39
1300001 -0.1220522355 -4.689183966e-39 -2.20527384e-39
1301001 -0.1220522355 -4.689183966e-39 -2.20527384e-39
1302001 -0.1220522355 -4.689183966e-39 -2.20527384e-39
1303001 -0.1220522355 -4.689183966e-39 -2.20527384e-39
1304001 -0.1220522355 -4.689183966e-39 -2.20527384e-39
1305001 -0.1220522355 -4.689183966e-39 -2.20527384e-39
1306001 -0.1220522355 -4.689183966e-39 -2.20527384e-39
1307001 -0.1220522355 -4.689183966e-39 -2.20527384e-39
1308001 -0.1220522355 -4.689183966e-39 -2.20527384e-39
1309001 -0.1220522355 -4.689183966e-39 -2.20527384e-39
1310001 -0.1220522355 -4.689183966e-39 -2.20527384e-39
1311001 -0.1220522355 -4.689183966e-39 -2.20527384e-39
1312001 -0.1220522355 -4.689183966e-39 -2.20527384e-39
1313001 -0.1220522355 -4.689183966e-39 -2.20527384e-39
1314001 -0.1220522355 -4.689183966e-39 -2.20527384e-39
1315001 -0.1220522355 -4.689183966e-39 -2.20527384e-39
1316001 -0.1220522355 -4.689183966e-39 -2.20527384e-39
1317001 -0.1220522355 -4.689183966e-39 -2.20527384e-39
1318001 -0.1220522355 -4.689183966e-39 -2.20527384e-39
1319001 -0.1220522355 -4.689183966e-39 -2.20527384e-39
1320001 -0.1220522355 -4.689183966e-39 -2.20527384e-39
1321001 -0.1220522355 -4.689183966e-39 -2.20527384e-39
1322001 -0.1220522355 -4.689183966e-39 -2.20527384e-39
1323001 -0.1220522355 -4.689183966e-39 -2.20527384e-39
1324001 -0.1220522355 -4.689183966e-39 -2.20527384e-39
1325001 -0.1220522355 -4.689183966e-39 -2.20527384e-39
1326001 -0.1220522355 -4.689183966e-39 -2.20527384e-39
1327001 -0.1220522355 -4.689183966e-39 -2.20527384e-39
1328001 -0.1220522355 -4.689183966e-39 -2.20527384e-39
1329001 -0.1220522355 -4.689183966e-39 -2.20527384e-39
1330001 -0.1220522355 -4.689183966e-39 -2.20527384e-39
1331001 -0.1220522355 -4.689183966e-39 -2.20527384e-39
1332001 -0.1220522355 -4.689183966e-39 -2.20527384e-39
1333001 -0.1220522355 -4.689183966e-39 -2.20527384e-39
1334001 -0.1220522355 -4.689183966e-39 -2.20527384e-39
1335001 -0.1220522355 -4.689183966e-39 -2.20527384e-39
1336001 -0.1220522355 -4.689183966e-39 -2.20527384e-39
1337001 -0.1220522355 -4.689183966e-39 -2.20527384e-39
1338001 -0.1220522355 -4.689183966e-39 -2.20527384e-39
1339001 -0.1220522355 -4.689183966e-39 -2.20527384e-39
1340001 -0.1220522355 -4.689183966e-39 -2.20527384e-39
1341001 -0.1220522355 -4.689183966e-39 -2.20527384e-39
1342001 -0.1220522355 -4.689183966e-39 -2.20527384e-39
1343001 -0.1220522355 -4.689183966e-39 -2.20527384e-39
1344001 -0.1220522355 -4.689183966e-39 -2.20527384e-39
1345001 -0.1220522355 -4.689183966e-39 -2.20527384e-39
1346001 -0.1220522355 -4.689183966e-39 -2.20527384e-39
1347001 -0.1220522355 -4.689183966e-39 -2.20527384e-39
1348001 -0.1220522355 -4.689183966e-39 -2.20527384e-39
1349001 -0.1220522355 -4.689183966e-39 -2.20527384e-39
1350001 -0.1220522355 -4.689183966e-39 -2.20527384e-39
1351001 -0.1220522355 -4.689183966e-39 -2.20527384e-39
1352001 -0.1220522355 -4.689183966e-39 -2.20527384e-39
1353001 -0.1220522355 -4.689183966e-39 -2.20527384e-39
1354001 -0.1220522355 -4.689183966e-39 -2.20527384e-39
1355001 -0.1220522355 -4.689183966e-39 -2.20527384e-39
1356001 -0.1220522355 -4.689183966e-39 -2.20527384e-39
1357001 -0.1220522355 -4.689183966e-39 -2.20527384e-39
1358001 -0.1220522355 -4.689183966e-39 -2.20527384e-39
1359001 -0.1220522355 -4.689183966e-39 -2.20527384e-39
1360001 -0.1220522355 -4.689183966e-39 -2.20527384e-39
1361001 -0.1220522355 -4.689183966e-39 -2.20527384e-39
1362001 -0.1220522355 -4.689183966e-39 -2.20527384e-39
1363001 -0.1220522355 -4.689183966e-39 -2.20527384e-39
1364001 -0.1220522355 -4.689183966e-39 -2.20527384e-39
1365001 -0.1220522355 -4.689183966e-39 -2.20527384e-39
1366001 -0.1220522355 -4.689183966e-39 -2.20527384e-39
1367001 -0.1220522355 -4.689183966e-39 -2.20527384e-39
1368001 -0.1220522355 -4.689183966e-39 -2.20527384e-39
1369001 -0.1220522355 -4.689183966e-39 -2.20527384e-39
1370001 -0.1220522355 -4.689183966e-39 -2.20527384e-39
1371001 -0.1220522355 -4.689183966e-39 -2.20527384e-39
1372001 -0.1220522355 -4.689183966e-39 -2.20527384e-39
1373001 -0.1220522355 -4.689183966e-39 -2.20527384e-39
1374001 -0.1220522355 -4.689183966e-39 -2.20527384e-39
1375001 -0.1220522355 -4.689183966e-39 -2.20527384e-39
1376001 -0.1220522355 -4.689183966e-39 -2.20527384e-39
1377001 -0.1220522355 -4.689183966e-39 -2.20527384e-39
1378001 -0.1220522355 -4.689183966e-39 -2.20527384e-39
1379001 -0.1220522355 -4.689183966e-39 -2.20527384e-39
1380001 -0.1220522355 -4.689183966e-39 -2.20527384e-39
1381001 -0.1220522355 -4.689183966e-39 -2.20527384e-39
1382001 -0.1220522355 -4.689183966e-39 -2.20527384e-39
1383001 -0.1220522355 -4.689183966e-39 -2.20527384e-39
1384001 -0.1220522355 -4.689183966e-39 -2.20527384e-39
1385001 -0.1220522355 -4.689183966e-39 -2.20527384e-39
1386001 -0.1220522355 -4.689183966e-39 -2.20527384e-39
1387001 -0.1220522355 -4.689183966e-39 -2.20527384e-39
1388001 -0.1220522355 -4.689183966e-39 -2.20527384e-39
1389001 -0.1220522355 -4.689183966e-39 -2.20527384e-39
1390001 -0.1220522355 -4.689183966e-39 -2.20527384e-39
1391001 -0.1220522355 -4.689183966e-39 -2.20527384e-39
1392001 -0.1220522355 -4.689183966e-39 -2.20527384e-39
1393001 -0.1220522355 -4.689183966e-39 -2.20527384e-39
1394001 -0.1220522355 -4.689183966e-39 -2.20527384e-39
1395001 -0.1220522355 -4.689183966e-39 -2.20527384e-39
1396001 -0.1220522355 -4.689183966e-39 -2.20527384e-39
1397001 -0.1220522355 -4.689183966e-39 -2.20527384e-39
1398001 -0.1220522355 -4.689183966e-39 -2.20527384e-39
1399001 -0.1220522355 -4.689183966e-39 -2.20527384e-39
1400001 -0.1220522355 -4.689183966e-39 -2.20527384e-39
1401001 -0.1220522355 -4.689183966e-39 -2.20527384e-39
1402001 -0.1220522355 -4.689183966e-39 -2.20527384e-39
1403001 -0.1220522355 -4.689183966e-39 -2.20527384e-39
1404001 -0.1220522355 -4.689183966e-39 -2.20527384e-39
1405001 -0.1220522355 -4.689183966e-39 -2.20527384e-39
1406001 -0.1220522355 -4.689183966e-39 -2.20527384e-39
1407001 -0.1220522355 -4.689183966e-39 -2.20527384e-39
1408001 -0.1220522355 -4.689183966e-39 -2.20527384e-39
1409001 -0.1220522355 -4.689183966e-39 -2.20527384e-39
1410001 -0.1220522355 -4.689183966e-39 -2.20527384e-39
1411001 -0.1220522355 -4.689183966e-39 -2.20527384e-39
1412001 -0.1220522355 -4.689183966e-39 -2.20527384e-39
1413001 -0.1220522355 -4.689183966e-39 -2.20527384e-39
1414001 -0.1220522355 -4.689183966e-39 -2.20527384e-39
1415001 -0.1220522355 -4.689183966e-39 -2.20527384e-39
1416001 -0.1220522355 -4.689183966e-39 -2.20527384e-39
1417001 -0.1220522355 -4.689183966e-39 -2.20527384e-39
1418001 -0.1220522355 -4.689183966e-39 -2.20527384e-39
1419001 -0.1220522355 -4.689183966e-39 -2.20527384e-39
1420001 -0.1220522355 -4.689183966e-39 -2.20527384e-39
1421001 -0.1220522355 -4.689183966e-39 -2.20527384e-39
1422001 -0.1220522355 -4.689183966e-39 -2.20527384e-39
1423001 -0.1220522355 -4.689183966e-39 -2.20527384e-39
1424001 -0.1220522355 -4.689183966e-39 -2.20527384e-39
1425001 -0.1220522355 -4.689183966e-39 -2.20527384e-39
1426001 -0.1220522355 -4.689183966e-39 -2.20527384e-39
1427001 -0.1220522355 -4.689183966e-39 -2.20527384e-39
1428001 -0.1220522355 -4.689183966e-39 -2.20527384e-39
1429001 -0.1220522355 -4.689183966e-39 -2.20527384e-39
1430001 -0.1220522355 -4.689183966e-39 -2.20527384e-39
1431001 -0.1220522355 -4.689183966e-39 -2.20527384e-39
1432001 -0.1220522355 -4.689183966e-39 -2.20527384e-39
1433001 -0.1220522355 -4.689183966e-39 -2.20527384e-39
1434001 -0.1220522355 -4.689183966e-39 -2.20527384e-39
1435001 -0.1220522355 -4.689183966e-39 -2.20527384e-39
1436001 -0.1220522355 -4.689183966e-39 -2.20527384e-39
1437001 -0.1220522355 -4.689183966e-39 -2.20527384e-39
1438001 -0.1220522355 -4.689183966e-39 -2.20527384e-39
1439001 -0.1220522355 -4.689183966e-39 -2.20527384e-39
1440001 -0.1220522355 -4.689183966e-39 -2.20527384e-39
1441001 -0.1220522355 -4.689183966e-39 -2.20527384e-39
1442001 -0.1220522355 -4.689183966e-39 -2.20527384e-39
1443001 -0.1220522355 -4.689183966e-39 -2.20527384e-39
1444001 -0.1220522355 -4.689183966e-39 -2.20527384e-39
1445001 -0.1220522355 -4.689183966e-39 -2.20527384e-39
1446001 -0.1220522355 -4.689183966e-39 -2.20527384e-39
1447001 -0.1220522355 -4.689183966e-39 -2.20527384e-39
1448001 -0.1220522355 -4.689183966e-39 -2.20527384e-39
1449001 -0.1220522355 -4.689183966e-39 -2.20527384e-39
1450001 -0.1220522355 -4.689183966e-39 -2.20527384e-39
1451001 -0.1220522355 -4.689183966e-39 -2.20527384e-39
1452001 -0.1220522355 -4.689183966e-39 -2.20527384e-39
1453001 -0.1220522355 -4.689183966e-39 -2.20527384e-39
1454001 -0.1220522355 -4.689183966e-39 -2.20527384e-39
1455001 -0.1220522355 -4.689183966e-39 -2.20527384e-39
1456001 -0.1220522355 -4.689183966e-39 -2.20527384e-39
1457001 -0.1220522355 -4.689183966e-39 -2.20527384e-39
1458001 -0.1220522355 -4.689183966e-39 -2.20527384e-39
1459001 -0.1220522355 -4.689183966e-39 -2.20527384e-39
1460001 -0.1220522355 -4.689183966e-39 -2.20527384e-39
1461001 -0.1220522355 -4.689183966e-39 -2.20527384e-39
1462001 -0.1220522355 -4.689183966e-39 -2.20527384e-39
1463001 -0.1220522355 -4.689183966e-39 -2.20527384e-39
1464001 -0.1220522355 -4.689183966e-39 -2.20527384e-39
1465001 -0.1220522355 -4.689183966e-39 -2.20527384e-39
1466001 -0.1220522355 -4.689183966e-39 -2.20527384e-39
1467001 -0.1220522355 -4.689183966e-39 -2.20527384e-39
1468001 -0.1220522355 -4.689183966e-39 -2.20527384e-39
1469001 -0.1220522355 -4.689183966e-39 -2.20527384e-39
1470001 -0.1220522355 -4.689183966e-39 -2.20527384e-39
1471001 -0.1220522355 -4.689183966e-39 -2.20527384e-39
1472001 -0.1220522355 -4.689183966e-39 -2.20527384e-39
1473001 -0.1220522355 -4.689183966e-39 -2.20527384e-39
1474001 -0.1220522355 -4.689183966e-39 -2.20527384e-39
1475001 -0.1220522355 -4.689183966e-39 -2.20527384e-39
1476001 -0.1220522355 -4.689183966e-39 -2.20527384e-39
1477001 -0.1220522355 -4.689183966e-39 -2.20527384e-39
1478001 -0.1220522355 -4.689183966e-39 -2.20527384e-39
1479001 -0.1220522355 -4.689183966e-39 -2.20527384e-39
1480001 -0.1220522355 -4.689183966e-39 -2.20527384e-39
1481001 -0.1220522355 -4.689183966e-39 -2.20527384e-39
1482001 -0.1220522355 -4.689183966e-39 -2.20527384e-39
1483001 -0.1220522355 -4.689183966e-39 -2.20527384e-39
1484001 -0.1220522355 -4.689183966e-39 -2.20527384e-39
1485001 -0.1220522355 -4.689183966e-39 -2.20527384e-39
1486001 -0.1220522355 -4.689183966e-39 -2.20527384e-39
1487001 -0.1220522355 -4.689183966e-39 -2.20527384e-39
1488001 -0.1220522355 -4.689183966e-39 -2.20527384e-39
1489001 -0.1220522355 -4.689183966e-39 -2.20527384e-39
1490001 -0.1220522355 -4.689183966e-39 -2.20527384e-39
1491001 -0.1220522355 -4.689183966e-39 -2.20527384e-39
1492001 -0.1220522355 -4.689183966e-39 -2.20527384e-39
1493001 -0.1220522355 -4.689183966e-39 -2.20527384e-39
1494001 -0.1220522355 -4.689183966e-39 -2.20527384e-39
1495001 -0.1220522355 -4.689183966e-39 -2.20527384e-39
1496001 -0.1220522355 -4.689183966e-39 -2.20527384e-39
1497001 -0.1220522355 -4.689183966e-39 -2.20527384e-39
1498001 -0.1220522355 -4.689183966e-39 -2.20527384e-39
1499001 -0.1220522355 -4.689183966e-39 -2.20527384e-39
