0 0.0123841 0 -0.9999233141 3.93806691
1 0.01238409732 0 -0.9999233141 3.93806691
2 -0.01512158879 -0.008682067685 -0.9998479681 2.796929707
3 9.914326619e-06 0.01625374964 -0.999867899 3.00050117
4 -0.01817309006 -0.007251360578 -0.99980856 2.492509639
5 0.01352562005 -6.68306875e-05 -0.9999085224 3.605661579
6 -0.007314216162 0.01337541027 -0.9998837936 3.199115981
7 0.01383444412 -0.007035791882 -0.9998795456 3.142203188
8 0.01677093656 0.005262347806 -0.9998455098 2.77458923
9 -0.004118364034 0.01219287438 -0.999917183 3.789498485
10 0.007799280015 0.01260670437 -0.9998901151 3.289844218
11 -0.01364690385 -0.007213719622 -0.999880855 3.159421271
12 -0.002364716279 -0.01425641303 -0.999895576 3.374764881
13 -0.01616071102 0.002109389602 -0.9998671821 2.992392861
14 0.01107114954 -0.0126307584 -0.9998589368 2.903627963
15 -0.01635158774 0.003896939991 -0.9998587097 2.901293557
16 -0.002209504292 -0.01278316884 -0.9999158508 3.759383191
17 0.003397632965 0.01731300647 -0.9998443458 2.764196904
18 0.01326064949 -4.873218501e-05 -0.9999120725 3.677728954
19 0.0126502711 -0.003300706462 -0.9999145343 3.730318338
20 0.006448457585 -0.01235855929 -0.999902837 3.498585594
21 -0.01420829298 0.008113334219 -0.9998661402 2.980724358
22 0.01536903336 0.005549521423 -0.9998664889 2.984614599
23 0.01650224266 0.004637547925 -0.9998530738 2.845107899
24 0.00182200363 -0.01687919073 -0.9998558762 2.872633921
25 0.007934163033 0.01281678129 -0.9998863831 3.235365726
26 -0.003413106819 0.01343874402 -0.9999038708 3.517347245
27 0.0005019534891 0.01369422929 -0.9999061037 3.558920617
28 -0.01319260517 0.006870572284 -0.9998893691 3.278734159
29 0.001781111463 0.01549212469 -0.9998784035 3.12741166
30 -0.01488043955 0.008044349262 -0.9998569202 2.883094596
31 -0.006325858844 0.01444793245 -0.9998756126 3.092130642
32 -0.007150867307 0.01213000874 -0.9999008591 3.463512319
33 -0.009351032267 0.008712917863 -0.9999183183 3.815741236
34 0.004584577216 -0.0102286315 -0.9999371764 4.350887614
35 0.01237778685 0.009525164915 -0.9998780234 3.122535502
36 -0.009324795669 -0.008835711808 -0.9999174858 3.796444256
37 0.0006580777831 0.0200767313 -0.9997982255 2.427846703
38 0.00476503599 0.0162485547 -0.9998566292 2.880166679
39 -0.0166957693 -0.003862081978 -0.999853157 2.845914208
40 0.009654459588 0.008261305528 -0.9999192679 3.838115034
41 -0.01528047698 0.006566522998 -0.9998616843 2.932322826
42 0.0005057401107 0.01963429869 -0.9998071007 2.483064666
43 -0.01444684322 0.000141224337 -0.9998956289 3.37562145
44 -0.006954588426 -0.01552806253 -0.999855246 2.866374257
45 -0.007533086694 -0.01824564989 -0.9998051555 2.470640034
46 -0.0006446991317 0.01810705296 -0.999835846 2.691687085
47 0.01199009468 0.005756210728 -0.9999115479 3.666806839
48 -0.01545553386 -0.002362223758 -0.9998777657 3.119242961
49 -0.008234647897 -0.008688294139 -0.9999283495 4.074089765
50 0.013915987 -0.008092581626 -0.9998704193 3.029537894
51 -0.003636401665 -0.01258298735 -0.9999142188 3.723452113
52 0.006147615468 0.01336584088 -0.9998917747 3.314971583
53 -0.001773722968 0.01404354821 -0.9998998113 3.445355034
54 0.003829533448 -0.01164937315 -0.9999248106 3.977060482
55 -0.01170870226 -0.006708586762 -0.9999089464 3.614047462
56 -0.01615109852 0.001242568354 -0.9998687904 3.010675236
57 -0.01387016604 0.006184810179 -0.9998846767 3.211340545
58 -0.01778611282 0.00850197594 -0.9998056664 2.473885635
59 0.01871795198 0.005963050735 -0.9998070215 2.482555536
60 0.002409612099 -0.01128726534 -0.9999333935 4.225531395
61 0.007309792339 -0.01343343103 -0.9998830481 3.188904376
62 -0.007384383483 -0.006771819666 -0.9999498054 4.86753903
63 -0.01365032104 -0.006548276647 -0.9998853878 3.221287874
64 0.007960900853 0.01527460983 -0.9998516442 2.831367552
65 -0.01339883832 -0.004862671211 -0.9998984076 3.421471383
66 -0.01415766736 0.0008803841174 -0.9998993876 3.438093469
67 0.001903601935 0.01242365307 -0.9999210115 3.880243334
68 0.008667895056 -0.01203487735 -0.9998900086 3.288251683
69 0.007199163186 0.01715017377 -0.9998270068 2.622024562
70 0.0084080415 -0.01316989335 -0.9998779219 3.121237837
71 -0.002586795951 0.01947108283 -0.9998070741 2.482893716
72 0.004174231589 -0.01271511352 -0.9999104468 3.644195686
73 -0.01078007143 -0.008328795896 -0.9999072063 3.580002155
74 0.01223421225 -0.001570679868 -0.9999239256 3.953861764
75 -0.009741901692 0.01341383086 -0.9998625728 2.941785663
76 -0.01565553545 -0.001168066858 -0.9998767623 3.106519434
77 -0.01025197919 -0.005349772558 -0.9999331362 4.217393828
78 -0.01093654174 0.01145630421 -0.9998745647 3.079187925
79 -0.01152715465 -0.006128103064 -0.9999147819 3.735732527
80 -0.01556155311 -0.000617828911 -0.9998787208 3.131500568
81 0.01909520985 0.003255483859 -0.9998123698 2.517685275
82 0.008924548546 -0.01012457011 -0.9999089186 3.613495437
83 -0.01277675487 0.01155266143 -0.9998516343 2.831273063
84 0.01679045645 0.006301289453 -0.9998391742 2.719393724
85 -0.0277868304 0.004765622687 -0.9996025114 1.72986933
86 -0.003872009949 0.01512244748 -0.9998781521 3.124184842
87 -0.009913123363 -0.01330996416 -0.9998622779 2.938634963
88 -0.01457307571 -0.0007243343938 -0.9998935447 3.342415498
89 0.01238304701 -0.0003468835773 -0.999923267 3.936856577
90 -0.01107094055 -0.006022701956 -0.9999205775 3.869629052
91 0.01412470393 0.01043285364 -0.9998458123 2.777309478
92 -0.01006170077 0.01054087089 -0.9998938205 3.346752397
93 -0.0004995827034 -0.02093551779 -0.9997807032 2.32884253
94 -0.00743486532 -0.01560655442 -0.999850568 2.821154053
95 0.01906224337 0.001529963288 -0.9998171283 2.550228429
96 -0.002393073645 -0.0144724565 -0.9998924048 3.324663596
97 -0.007680761552 -0.01120885512 -0.9999076795 3.589164267
98 0.01293497428 0.006461382441 -0.999895463 3.3729417
99 -0.01595096014 0.0027899224 -0.999868883 3.011738035
100 0.02241541148 -0.0008010736312 -0.9997484222 2.174320562
101 0.01377833219 -0.007912756941 -0.999873765 3.069419028
102 0.01536318537 0.01056763638 -0.9998261337 2.615433011
103 0.01377758809 0.01085896576 -0.9998461186 2.780072539
104 0.006764086659 -0.01385605831 -0.9998811213 3.162957647
105 0.01019541713 -0.01556915192 -0.9998268125 2.620553149
106 0.01299376358 0.008736501065 -0.9998774103 3.114718442
107 -0.009921368838 -0.01045368469 -0.9998961381 3.383884422
108 -0.0129811761 -0.005229344541 -0.9999020667 3.484800523
109 0.01343240071 0.006680520897 -0.9998874643 3.250869214
110 -0.00677180117 -0.01363667872 -0.9998840851 3.203136634
111 -0.01297688725 -0.01103976238 -0.9998548515 2.862476401
112 -0.005853856777 -0.01193408579 -0.9999116511 3.668946755
113 0.002972272885 0.01422324487 -0.9998944269 3.35634988
114 0.001361359065 -0.02059228334 -0.9997870296 2.363175396
115 0.01551700129 -0.005062323336 -0.9998667889 2.987973301
116 0.008367567296 0.01359517163 -0.9998725694 3.054987909
117 0.01081670705 -0.006302873799 -0.9999216332 3.89560599
118 -0.007027065225 0.01776564092 -0.9998174845 2.552715511
119 -0.008222442954 -0.02227759732 -0.9997180103 2.053744599
120 -0.01395610738 -0.003037875354 -0.999897994 3.414527692
121 -0.008444066219 -0.01229623917 -0.9998887439 3.269510087
122 -0.0129172285 0.01139887972 -0.9998515944 2.830892405
123 -0.007923534991 -0.008761739602 -0.9999302223 4.128399987
124 0.009248937891 -0.007823558261 -0.9999266218 4.025844878
125 0.01725502325 0.00949578127 -0.9998060283 2.476192322
126 -0.002084221089 -0.01620243261 -0.9998665597 2.985406183
127 0.01320515468 0.003207786507 -0.9999076627 3.588838959
128 0.01280211727 0.01251598835 -0.9998397151 2.723977433
129 0.009665427688 -0.01052850746 -0.9998978598 3.412284185
130 0.01905392908 -0.005775600949 -0.9998017755 2.449487723
131 -0.0143408167 0.00469589152 -0.9998861383 3.23188571
132 -0.01242281919 0.00693476978 -0.9998987861 3.427862971
133 -0.01342316278 -0.008777272414 -0.9998713808 3.040839879
134 0.01321411218 -0.0004663173288 -0.9999125811 3.688410115
135 -0.01460286729 0.004242741029 -0.999884371 3.207093795
136 -0.006020365342 -0.01189639988 -0.9999111115 3.657794266
137 0.01651401531 0.006405121413 -0.9998431186 2.753364382
138 0.01829165952 0.004445103624 -0.9998228124 2.590806965
139 0.01965263612 -0.004116571579 -0.9997983935 2.428857978
140 0.002282911361 0.01333169135 -0.999908523 3.605673264
141 0.01569912963 -0.008883996121 -0.9998372927 2.703626173
142 -0.01655877488 0.005961497364 -0.9998451218 2.771111973
143 0.01672689638 0.004721905373 -0.9998489459 2.805966883
144 0.002595429423 -0.01430995786 -0.9998942388 3.353364913
145 0.0159227307 -0.009999229787 -0.9998232254 2.593831216
146 0.01307261735 -0.006120826991 -0.9998958156 3.378644642
147 -0.01472731429 -0.0006708855352 -0.9998913222 3.308062802
148 0.01099814713 0.01341279211 -0.9998495576 2.81166523
149 -0.001011182226 -0.01600356166 -0.9998714235 3.041344412
150 0.01625212041 -0.0008823840822 -0.9998675362 2.996389419
151 -0.003897099658 0.01604598589 -0.9998636602 2.953492666
152 -0.01401790667 -0.002548764821 -0.9998984959 3.422958742
153 0.02199692261 0.002389625856 -0.9997551826 2.204133362
154 -0.007448673087 0.01595787198 -0.9998449198 2.769306788
155 -0.02031355068 0.002791855488 -0.9997897605 2.378472421
156 0.003224217812 0.01505411666 -0.999881482 3.167766122
157 0.0002778241965 -0.01122161981 -0.999936997 4.344690413
158 -0.004393582203 0.01579301057 -0.9998656296 2.975056595
159 -0.0009162439579 -0.0135794039 -0.9999073759 3.583277124
160 0.01775254619 -0.0006642898583 -0.9998421905 2.745256676
161 0.003614264368 -0.01341845896 -0.9999034364 3.509426316
162 -0.01680966679 -0.006091441607 -0.9998401519 2.727697008
163 -0.002033600218 0.01424022051 -0.9998965349 3.39036793
164 -0.01106569541 0.01201521151 -0.9998665836 2.985674024
165 0.01512051967 -0.002186855788 -0.999883287 3.192165764
166 0.0233571504 -0.008301958457 -0.9996927133 1.967405714
167 -0.01132440557 0.01595489429 -0.9998085813 2.492648387
168 -0.01236321933 -0.01408758044 -0.99982433 2.601972716
169 0.01165135375 -0.009828178866 -0.9998838197 3.199475419
170 0.004256381171 0.01454459914 -0.9998851623 3.218123738
171 0.002806976806 0.01987335186 -0.9997985651 2.429891923
172 0.00584033717 0.0119717733 -0.9999112796 3.661258382
173 0.003241832395 0.01390654029 -0.9998980441 3.41536723
174 0.02009971134 -0.008392047155 -0.9997627594 2.239049691
175 0.01733663881 -0.0003105660016 -0.999849661 2.812631739
176 0.005467995534 0.01456814391 -0.9998789278 3.134175654
177 -0.002784970704 0.01878852843 -0.9998196013 2.567647086
178 -0.005625855238 0.01223238513 -0.9999093551 3.622185704
179 0.01403197437 -0.005124235238 -0.9998884167 3.264713088
180 0.01417458799 0.009648473713 -0.9998529832 2.844231399
181 0.007722668884 0.01252301212 -0.9998917614 3.314768137
182 0.008343741689 0.0129700084 -0.9998810734 3.162319757
183 -0.009672449747 -0.01307908892 -0.9998676818 2.998037476
184 0.004119684926 -0.01251810462 -0.9999131589 3.70065935
185 -0.007769364122 0.01406118468 -0.9998709517 3.035780229
186 -0.0008346059177 0.0136447073 -0.9999065583 3.567568365
187 -0.006963392514 -0.01180287428 -0.9999060973 3.558799295
188 0.0129080902 0.007277128323 -0.9998902063 3.291210172
189 -0.006093136434 0.0149456048 -0.9998697428 3.021660996
190 -0.01564292241 -0.01368410508 -0.9997839988 2.346539211
191 -0.003065585792 0.01508919935 -0.9998814521 3.16736696
192 -0.009582537366 0.01107340429 -0.9998927716 3.330344619
193 0.004206930107 0.01069779906 -0.9999339272 4.242563785
194 0.01462542547 -0.007304556127 -0.9998663613 2.983189087
195 0.02242955887 0.003675250445 -0.9997416703 2.145721568
196 0.01427543766 0.006848719746 -0.9998746456 3.080181243
197 -0.007275062711 0.01728555673 -0.999824126 2.600463495
198 -0.0002008433505 -0.0151779523 -0.9998847881 3.212892866
199 -0.005344133736 -0.01848487574 -0.9998148577 2.534543101
200 -0.01066827683 0.007102355265 -0.9999178688 3.805286673
201 0.0008566513919 -0.0201910156 -0.9997957737 2.413230201
202 0.004086554632 0.01578654908 -0.9998670336 2.990721546
203 0.00400552054 -0.01298179426 -0.9999077102 3.589760763
204 0.01848403394 -0.0021203253 -0.9998269074 2.621271228
205 -0.009985803228 -0.008515183221 -0.999913884 3.716206516
206 -0.01215137836 0.006197814453 -0.9999069612 3.575284054
207 0.01537695113 0.001876070836 -0.9998800077 3.1482465
208 -0.02057639873 0.005108332208 -0.9997752331 2.30033292
209 -0.007082576915 -0.01467325279 -0.9998672576 2.993243012
210 -0.005162821926 0.01273059422 -0.9999056342 3.550056854
211 -0.01862840987 0.006986804915 -0.9998020639 2.451271382
212 -0.002343955129 -0.01354208717 -0.9999055544 3.548557712
213 0.007387303803 0.0138464494 -0.9998768442 3.107551959
214 0.01524072411 0.00169472974 -0.9998824172 3.180338244
215 -0.01539196545 -0.006015583332 -0.9998634408 2.951118996
216 0.004196127527 0.01547283789 -0.9998714836 3.042055962
217 -0.01072460239 -0.01194942641 -0.9998710887 3.037393304
218 -0.00340027815 -0.01563799978 -0.9998719373 3.047439465
219 0.01433250114 0.005533443262 -0.9998819732 3.174351591
220 0.00843516899 -0.01477184369 -0.9998553098 2.867006107
221 0.01955392389 -0.003247124484 -0.9998035308 2.460404809
222 -0.01406972852 -0.008026711297 -0.9998687987 3.010770496
223 -0.0004709100318 0.01459724282 -0.9998933437 3.339263901
224 -0.0159702381 0.001089399865 -0.9998718741 3.046687915
225 -0.01830391171 0.005382853296 -0.9998179793 2.556182209
226 -0.005405043431 0.01217192743 -0.9999113109 3.661904234
227 -0.01503950309 -0.008335554087 -0.999852155 2.836254519
228 0.004418649888 0.01427353772 -0.9998883646 3.263950741
229 -0.0003887414596 -0.01669195583 -0.999860604 2.920938916
230 0.01285224053 0.01032682585 -0.9998640791 2.958039792
231 0.01302130656 -0.005531488314 -0.9998999191 3.44720976
232 -0.01003089802 0.01293571727 -0.9998660152 2.979333993
233 0.00248303909 -0.01620322516 -0.999865636 2.975127222
234 0.01207669086 -0.0008795903057 -0.9999266872 4.027639863
235 -0.007385389025 -0.01695637597 -0.999828954 2.636905795
236 0.006936492532 -0.01332093567 -0.9998872125 3.247238839
237 0.01323818642 -0.008774569838 -0.9998738707 3.070705609
238 -0.01278570923 -0.007443436568 -0.9998905545 3.296440883
239 -0.01456771782 0.002472212165 -0.9998908289 3.300581838
240 -0.0107378389 0.009084074604 -0.9999010843 3.46745311
241 0.001088820766 -0.01492732689 -0.9998879884 3.25846563
242 -0.007242998182 -0.0127625555 -0.9998923223 3.323389283
243 -0.01436701988 0.004083069088 -0.9998884524 3.265235338
244 0.008085949827 -0.01226786615 -0.9998920526 3.319235751
245 -0.02122331209 -0.0086496762 -0.9997373426 2.127973044
246 -0.004593080241 -0.01060884007 -0.9999331758 4.218644402
247 -0.01095003186 -0.0138502602 -0.9998441214 2.762206377
248 0.002652746735 -0.01314545693 -0.9999100759 3.636672359
249 0.01533824936 -0.009465146339 -0.9998375614 2.705860592
250 -0.003436462998 0.01281583675 -0.9999119687 3.675558401
251 -0.003812040797 0.01354081162 -0.9999010525 3.466895509
252 0.01277266331 -0.008867720721 -0.999879104 3.13645887
253 -0.01526720454 0.0109604447 -0.999823375 2.594929068
254 -0.01512517826 -0.003470583967 -0.9998795848 3.142713597
255 -0.01422119779 0.0100210962 -0.9998486561 2.803279905
256 -0.01427921142 -0.009399449172 -0.9998538666 2.85281437
257 -0.01613313748 0.003538302287 -0.9998635918 2.95275279
258 0.004139258609 0.01193648694 -0.9999201902 3.860228999
259 -0.004375292242 -0.01100686544 -0.9999298504 4.117441921
260 0.00947876861 -0.01397650526 -0.999857395 2.887888945
261 0.005770006836 -0.01395155154 -0.9998860241 3.230266456
262 0.005413294973 -0.01370068135 -0.9998914879 3.310588027
263 -0.004545303203 -0.02565486853 -0.9996605263 1.871829444
264 0.01416198715 0.0009270759443 -0.9998992843 3.436328674
265 0.007269128579 -0.01478118324 -0.999864329 2.96076307
266 0.01192453685 0.004953245953 -0.9999166319 3.776953013
267 -0.0160142348 -0.0007689155935 -0.9998714683 3.041874007
268 0.004485377933 -0.01371122574 -0.9998959364 3.380604549
269 0.01563950232 7.932791039e-05 -0.9998776924 3.118307446
270 0.00186753173 -0.01403358479 -0.9998997804 3.444823506
271 0.01182264365 -0.01259351536 -0.9998508031 2.823376237
272 0.000756287418 0.01428304947 -0.999897706 3.409718629
273 -0.002070795696 0.01509143601 -0.9998839735 3.201594755
274 0.006186532823 -0.01304918518 -0.9998957174 3.377051981
275 0.0126620425 -0.003386189419 -0.9999140995 3.720865383
276 0.004763260279 0.01968978948 -0.9997947907 2.407444188
277 -0.01334762186 -0.0005549594582 -0.9999107625 3.650635716
278 -0.01361707274 -0.003305510316 -0.9999018196 3.480413246
279 0.01440195418 0.006193622339 -0.9998771038 3.110832403
280 -0.01186904389 0.008178844465 -0.9998961108 3.383439628
281 0.01234353749 -0.006303337719 -0.9999039479 3.518758285
282 -0.009909226137 0.017161422 -0.9998036271 2.461008043
283 0.01351400836 0.01174955416 -0.9998396469 2.723398591
284 0.003757086131 -0.01738289611 -0.9998418471 2.742275295
285 -0.00499054084 -0.01331079256 -0.9998989535 3.430701109
286 0.0002627696688 -0.01398113298 -0.9999022247 3.48761382
287 0.003032686475 -0.01867659677 -0.9998209777 2.577498254
288 -0.009296596211 -0.01202883333 -0.9998844336 3.207961313
289 -0.0120238929 -0.003791247696 -0.9999205231 3.86830327
290 -0.00470177517 -0.01268225704 -0.9999085226 3.605666811
291 -0.01262554563 0.0006787707432 -0.9999200642 3.85718591
292 -0.01223679526 -0.006423911585 -0.9999044925 3.528776653
293 0.006278562075 -0.01038452519 -0.9999263679 4.018897764
294 0.00974410193 0.01172167753 -0.9998838206 3.199488483
295 -0.009562688905 0.01010440694 -0.9999032233 3.505560972
296 -0.01769009563 0.0003662508438 -0.9998434509 2.756285545
297 -0.01166501851 -0.01048720943 -0.9998769653 3.10908102
298 -0.01260524673 0.008209782508 -0.9998868472 3.241993234
299 0.01336915131 0.002562132208 -0.9999073463 3.582706468
300 0.01643485005 -0.002350204191 -0.9998621766 2.937554769
301 -0.01363367643 0.002148887942 -0.999904748 3.533505934
302 0.01001643533 0.008080620272 -0.9999171839 3.789518017
303 0.01452529947 0.004387161726 -0.9998848776 3.214142028
304 0.01406366649 0.005212744449 -0.999887514 3.251586828
305 0.009830794033 0.0137049636 -0.9998577546 2.891537305
306 0.01024471649 -0.0113138367 -0.9998835147 3.195283934
307 0.01197177131 0.009886563769 -0.999879459 3.141073935
308 0.009097872749 0.01066734713 -0.9999017134 3.478531311
309 -0.006804316244 0.0160794323 -0.999847565 2.793229256
310 -0.00500832676 0.016384247 -0.9998532258 2.846580717
311 0.005321626325 -0.0110676384 -0.999924591 3.971266454
312 -0.001350091759 0.01898330118 -0.9998188894 2.562595953
313 -0.01117769537 0.0111845158 -0.9998749751 3.084236556
314 -0.009831084454 -0.01242276274 -0.9998745045 3.078449223
315 -0.001285172736 0.01690011917 -0.9998563568 2.87743527
316 0.01609210731 0.008034825667 -0.9998382297 2.711444245
317 -0.002506489245 0.01298551592 -0.9999125431 3.687609745
318 -0.004522218812 -0.01131202296 -0.9999257911 4.003247681
319 0.0189150979 0.0003728507251 -0.999821024 2.577831323
320 0.01418173562 0.009797333903 -0.9998514343 2.829366896
321 -0.006549485224 -0.0111629622 -0.9999162428 3.76816874
322 -4.468600165e-05 -0.01524556135 -0.9998837787 3.198911033
323 -0.009909885538 -0.01156455143 -0.9998840209 3.202250029
324 -0.01721989426 -0.0006505905575 -0.999851515 2.830135478
325 0.01461154099 0.0002158610254 -0.9998932224 3.337367551
326 0.01383675029 0.008990844072 -0.9998638453 2.955499261
327 0.007340548614 -0.01915751512 -0.9997895308 2.37717448
328 -0.009308884134 -0.01155740156 -0.9998898795 3.286323687
329 -0.01437461174 -0.001354591981 -0.9998957624 3.377781213
330 0.01177927108 0.001720012074 -0.9999291427 4.09682776
331 -0.01277031985 0.01596547136 -0.9997909895 2.385454162
332 0.00737057334 0.01147473116 -0.9999069983 3.575996116
333 -0.002765465655 -0.01827170867 -0.9998292339 2.639065065
334 0.01838686784 -0.006440693334 -0.9998102023 2.503269159
335 0.008991351704 -0.01021938856 -0.9999073556 3.582884557
336 0.004560156292 0.01391290611 -0.9998928123 3.330976275
337 0.003408880597 -0.01350005755 -0.9999030593 3.50259464
338 0.009937252428 -0.009561330423 -0.9999049115 3.536541012
339 0.01192998078 -0.0140037417 -0.9998307711 2.651023141
340 -0.01583766541 0.014593728 -0.9997680688 2.264529984
341 0.0007526416541 -0.01373216542 -0.9999054261 3.546149907
342 -0.01747399647 -0.00435493187 -0.9998378339 2.708132854
343 0.01020241636 -0.01244461906 -0.9998705127 3.030629963
344 0.01021012327 0.00978041175 -0.9999000435 3.449353575
345 0.01320474378 0.006799164375 -0.999889697 3.283603449
346 0.01352922529 0.007973445084 -0.9998766845 3.105539308
347 -0.01464480853 0.00152686739 -0.9998915933 3.312196275
348 0.01394692001 0.006320221823 -0.9998827622 3.185014521
349 -0.0142148425 0.003695206963 -0.999892136 3.320518958
350 -0.001359266428 -0.01440635285 -0.9998952992 3.370302236
351 -0.004531971408 -0.0137258901 -0.9998955251 3.373944034
352 0.006178905264 -0.01695246306 -0.9998372043 2.702891898
353 0.00265465197 0.01853552314 -0.9998246782 2.604555203
354 -0.01866599446 0.003293413225 -0.9998203509 2.572997927
355 0.007313550185 -0.01166229269 -0.999905247 3.542796263
356 -0.01202677709 -0.01904707327 -0.9997462506 2.164998044
357 0.005621180877 0.01690212006 -0.9998413477 2.737956555
358 0.004149983364 0.01203855058 -0.9999189222 3.829924624
359 0.01166136296 0.007875966043 -0.999900986 3.465731097
360 -0.003648244128 0.01421281714 -0.9998923373 3.323620719
361 0.01227320574 -0.002355573452 -0.9999219068 3.902422737
362 -0.01247306729 0.004299408985 -0.999912965 3.696536992
363 -6.228530155e-06 0.01473977147 -0.9998913636 3.308694413
364 -0.002827130941 -0.01275482207 -0.9999146573 3.733004185
365 -0.006994274333 0.01623671727 -0.9998437124 2.758589616
366 -0.00511914018 0.01018533837 -0.9999350245 4.278236576
367 -0.007566429146 0.01183406893 -0.9999013471 3.472068348
368 0.01393235766 -0.003327043432 -0.9998974048 3.404710089
369 -0.01268605653 -0.01342614659 -0.9998293867 2.640247035
370 0.01298273479 0.002492484075 -0.9999126142 3.689110031
371 0.0008122032078 0.01548703476 -0.9998797388 3.144725601
372 0.009658489039 0.01502738234 -0.999840433 2.730097594
373 -0.007552408839 0.01532114531 -0.9998541012 2.855106985
374 -0.003484609554 -0.01534464144 -0.9998761921 3.099357454
375 -0.007159511249 0.01812485791 -0.9998100974 2.50257815
376 0.01407986536 0.0013277684 -0.9998999922 3.448469535
377 0.016914466 0.00573302154 -0.9998405039 2.730704948
378 -0.01565711367 2.73567736e-05 -0.9998774195 3.114835241
379 -0.01107132804 -0.01303344499 -0.9998537668 2.851841288
380 0.003749642069 -0.02078651163 -0.9997769057 2.308938738
381 0.01497254109 -0.008875555128 -0.9998485123 2.801948842
382 0.006495796323 -0.01620675935 -0.9998475612 2.793194641
383 0.01376363684 -0.01198148223 -0.9998334893 2.67257249
384 0.01699745494 -0.006991323552 -0.9998310897 2.653522143
385 -0.001466469569 0.01347743075 -0.9999080999 3.597365224
386 -0.01423239032 -0.01624443987 -0.9997667514 2.258126506
387 0.0007520027569 0.02897894235 -0.9995797394 1.682359242
388 0.009939278353 0.009316464585 -0.9999072028 3.57993478
389 -0.005939132745 -0.01190773593 -0.9999114623 3.665034379
390 0.001709170825 0.01307031796 -0.999913119 3.699810207
391 -0.009509457809 0.01217173942 -0.9998807024 3.157399197
392 -0.01305563131 -0.004740292274 -0.9999035354 3.511227393
393 0.00774794891 0.01171373997 -0.9999013739 3.472540263
394 -0.001896898888 0.01821294658 -0.9998323311 2.663326572
395 -0.0005456951752 -0.01454228042 -0.9998941065 3.351269709
396 0.01471367801 0.0008416807089 -0.9998913937 3.309152561
397 -0.0195056769 -0.0006249506379 -0.9998095509 2.498984879
398 0.002231527489 0.01746397252 -0.999845003 2.770049817
399 0.01448332497 0.003018275346 -0.9998905557 3.296459107
400 -0.01006174983 -0.01414343795 -0.9998493508 2.809735466
401 -0.006831147319 0.01679758675 -0.9998355747 2.689465807
402 -0.0064584948 0.01391884942 -0.9998822698 3.178346965
403 -0.01413093296 -0.006621571111 -0.9998782284 3.125162301
404 0.01209604794 0.01083137277 -0.9998681748 3.003637733
405 0.007692217385 -0.01553961638 -0.9998496638 2.812657985
406 -0.01197255745 -0.01211624129 -0.9998549168 2.863120168
407 -0.003243075681 -0.01720535337 -0.9998467174 2.785496705
408 -0.004902437397 -0.01076213238 -0.9999300689 4.123867892
409 -0.00545996702 -0.01582068947 -0.9998599375 2.913980651
410 0.01571685436 -0.007292678548 -0.9998498874 2.814752224
411 0.008373253264 0.01058158423 -0.9999089552 3.614221627
412 0.02020602703 0.0005739904537 -0.9997956726 2.41263354
413 -0.008318469881 -0.01819040895 -0.999799936 2.438202254
414 0.007602092004 -0.0136888504 -0.9998774043 3.114641675
415 -0.01360995026 -0.01364042742 -0.9998143368 2.530985445
416 -0.01044672744 -0.008354871832 -0.999910527 3.645827871
417 -0.006871487343 -0.01570073977 -0.9998531239 2.845593597
418 -0.001625733682 -0.01482841096 -0.9998887314 3.269326204
419 0.01341969156 0.01353554222 -0.999818334 2.558676209
420 0.01022747839 -0.01030332244 -0.9998946146 3.359337143
421 0.01232696864 0.009774153144 -0.9998762482 3.100060548
422 0.01319533229 0.006887372162 -0.9998892175 3.276490657
423 -0.01686923114 0.007707669725 -0.9998279956 2.629549794
424 0.00682724299 -0.01864940765 -0.9998027747 2.455684553
425 0.01183863583 -0.009817999127 -0.9998817198 3.170949102
426 -0.01371966963 -0.007311378812 -0.9998791499 3.137054502
427 0.01904207922 0.005067366474 -0.9998058417 2.475001719
428 0.006182743498 -0.0099665848 -0.9999312181 4.158174755
429 0.01979215804 0.002761523441 -0.9998003023 2.440436967
430 0.01667643441 -0.006654406406 -0.9998387947 2.716191029
431 0.0146598955 -0.008492131573 -0.9998564753 2.878622285
432 -0.007367810938 -0.01226370536 -0.9998976532 3.40883866
433 0.004408169177 -0.0159782634 -0.9998626221 2.942313771
434 -0.01689766146 0.008216787157 -0.9998234611 2.595562308
435 0.007302122996 -0.01219210654 -0.9998990107 3.431671184
436 0.01460266243 -0.0112643172 -0.9998299242 2.64441558
437 0.01303720098 -0.001047891497 -0.999914463 3.728762533
438 -0.01590340948 0.00102598113 -0.9998730064 3.060238837
439 -0.01295625453 -0.0004770193438 -0.9999159504 3.76161049
440 0.01201374398 -0.01125786017 -0.9998644561 2.962150715
441 0.0106416965 0.00948842523 -0.9998983569 3.420617253
442 -0.01411885339 0.009844503736 -0.9998518609 2.833437701
443 -0.009862254894 -0.01146818016 -0.9998856018 3.22429935
444 -0.001370829544 0.01461526781 -0.9998922516 3.322298854
445 0.0009368745787 -0.01621011705 -0.9998681685 3.003565863
446 -0.00421537742 -0.01431341106 -0.9998886722 3.26845707
447 0.008121251456 0.01145870066 -0.9999013669 3.47241589
448 -0.00739119883 0.01131897498 -0.9999086213 3.60761285
449 0.01874831656 0.007455058814 -0.9997964406 2.41718014
450 0.002179121411 -0.01322247268 -0.9999102048 3.639281227
451 0.01650126583 -0.0003236254277 -0.9998637925 2.954926479
452 0.01466947965 -0.008297353171 -0.9998579701 2.893729437
453 0.01004966392 -0.008048784663 -0.9999171072 3.787765719
454 0.008508154911 0.0119059825 -0.9998929237 3.332709144
455 -0.007803153951 -0.0128426755 -0.9998870819 3.245359823
456 -0.01240294977 -0.007140017216 -0.9998975883 3.407757469
457 -0.01287446512 0.006235973497 -0.9998976752 3.409204192
458 0.02002006676 -0.001164982658 -0.9997988997 2.43191209
459 0.01172030123 0.01237055956 -0.9998547914 2.861883686
460 -0.01553295618 0.008657837986 -0.9998418721 2.742491591
461 0.02064326881 -0.003928874944 -0.9997791853 2.320825309
462 -0.01402250931 -0.003878232055 -0.9998941587 3.352094885
463 -0.01063063867 -0.01421202208 -0.9998424916 2.747879288
464 -0.00179063984 -0.01735590917 -0.9998477714 2.795122773
465 -0.008264325744 0.02543483366 -0.9996423211 1.823579215
466 -0.01134650509 -0.005825321531 -0.9999186579 3.82369847
467 0.0113529826 -0.02160963033 -0.9997020224 1.997896664
468 0.01804935773 0.0004679037811 -0.9998369876 2.701094719
469 0.01227640144 0.01434765983 -0.9998217014 2.582723198
470 0.008124432384 0.0108386664 -0.9999082542 3.600388977
471 0.004383486403 0.01099856506 -0.9999299059 4.11907001
472 -0.01216806768 0.003694454418 -0.9999191413 3.835110199
473 0.01437422014 -0.002827859031 -0.9998926867 3.329027783
474 0.01261709994 -0.005055196808 -0.9999076226 3.588059696
475 -0.01878601363 0.00182412525 -0.9998218633 2.583896091
476 0.00975703584 -0.01206265176 -0.9998796391 3.143422824
477 0.01321403784 0.001476746456 -0.9999116003 3.667893045
478 0.01332651507 -0.001402743204 -0.9999102141 3.639470332
479 0.01900744535 0.004149290118 -0.9998107323 2.506771464
480 -0.01280945494 0.007145251729 -0.9998924258 3.32498842
481 0.000263085157 0.01607464175 -0.99987076 3.033527852
482 -0.0009667117746 -0.01610885574 -0.9998697766 3.022053425
483 0.009243338877 0.01009690617 -0.9999063022 3.562689037
484 0.009831428636 0.01030181468 -0.9998986027 3.424760478
485 0.0123336455 -0.00478817452 -0.9999124735 3.686142014
486 0.01414317456 0.007569237329 -0.9998713304 3.040243463
487 -0.01283733752 0.00106561622 -0.9999170302 3.786006561
488 0.00961514817 -0.01167479973 -0.9998856174 3.22451926
489 0.00419587731 0.01580183524 -0.9998663394 2.982944818
490 -0.007022182845 0.01069931196 -0.9999181035 3.8107339
491 0.01006024066 -0.01032663576 -0.9998960707 3.382787217
492 -0.01099583982 0.01019419215 -0.9998875787 3.252522216
493 -0.001796076536 0.01152617252 -0.9999319584 4.180734809
494 0.0153031046 0.0002868669863 -0.9998828595 3.186336278
495 0.014781473 -0.005519026599 -0.9998755165 3.090935819
496 -0.01449687644 -0.007557216705 -0.9998663556 2.983125798
497 -0.01848728871 0.005016382634 -0.9998165112 2.545936621
498 0.01315286187 -0.008169041658 -0.9998801273 3.149817078
499 0.01531046643 -0.007881845651 -0.9998517221 2.832111138
500 0.01489986175 -0.001110194696 -0.9998883746 3.264096461
501 0.01194933396 0.01089115578 -0.9998692895 3.016417503
502 -0.01246380568 0.003956378184 -0.9999144967 3.729496284
503 -0.009242231098 -0.01275409178 -0.9998759495 3.096325345
504 -0.01855309629 -0.0007983664998 -0.9998275577 2.626209256
505 0.01110215381 -0.009639291398 -0.9998919073 3.317003739
506 -0.01505986865 0.003928339021 -0.9998788769 3.133517653
507 0.01398612702 -0.002351402319 -0.9998994245 3.438723966
508 -0.005848239426 0.0141432883 -0.9998828759 3.186559326
509 -0.01070089673 0.01837935717 -0.9997738194 2.293133671
510 0.0125035021 0.004433809147 -0.999911998 3.676171525
511 0.01570924525 0.01043672276 -0.9998221314 2.585842774
512 -0.00891007256 0.01242222052 -0.9998831427 3.190194801
513 0.003298103439 -0.01778826675 -0.9998363366 2.695718242
514 0.01148597767 0.01204740936 -0.9998614565 2.929911173
515 -0.01732048229 0.004135872568 -0.9998414352 2.738711033
516 -0.00518760578 0.01754292658 -0.9998326532 2.665888357
517 0.01708096952 8.988561786e-05 -0.9998541056 2.855149913
518 0.00966106585 -0.009454819151 -0.9999086309 3.607802536
519 -0.01413565984 -0.0068820131 -0.9998764029 3.101999164
520 0.01350263117 0.009252561613 -0.9998660256 2.979449366
521 0.01447730479 -0.002306029661 -0.9998925392 3.326741125
522 0.01508842145 -0.001830383768 -0.9998844879 3.208716419
523 0.01290670574 -0.006989560528 -0.9998922757 3.322670619
524 -0.01570926675 0.006668943997 -0.9998543615 2.857656996
525 -0.002126790707 0.01306924386 -0.999912332 3.683166441
526 -0.001041283338 0.01611279341 -0.9998696383 3.020449754
527 -0.01922648283 0.001549349004 -0.9998139536 2.528378281
528 0.01709593804 0.0121258586 -0.9997803221 2.326821759
529 0.00929611735 -0.01050405674 -0.9999016187 3.476856443
530 -0.01141737746 -0.0125654483 -0.9998558661 2.872533154
531 -0.008828235999 0.009628086179 -0.9999146775 3.733445644
532 -0.01286571021 -0.00922692087 -0.9998746609 3.080368722
533 -0.01300994519 0.008926760681 -0.9998755194 3.090972251
534 0.006426021937 -0.01427040018 -0.9998775235 3.116156733
535 0.01313156277 -0.007972052856 -0.9998819973 3.174674508
536 0.01481556602 -0.0117438465 -0.9998212746 2.579637453
537 0.01547804388 -0.001909905966 -0.9998783838 3.127158995
538 0.01581810167 0.004058017082 -0.9998666512 2.986430083
539 0.01345439794 0.01230095309 -0.9998338191 2.675222342
540 0.01261066587 -0.001296813125 -0.9999196415 3.847026354
541 -0.01213838226 0.007966740268 -0.9998945898 3.358942662
542 -0.0009696553021 0.01612041944 -0.9998695874 3.01986038
543 0.006269075217 -0.0134449453 -0.99988996 3.287525565
544 0.00374861498 0.01214049941 -0.9999192748 3.838280481
545 0.01394309384 0.009272863188 -0.9998597922 2.912471275
546 -0.01671832122 0.002876638685 -0.999856101 2.874876345
547 0.01442189304 -0.006453312149 -0.9998751741 3.086694398
548 -0.004914712932 0.01812581157 -0.9998236347 2.596839193
549 -0.002025686257 -0.01226680065 -0.9999227081 3.922598716
550 -0.01598230817 0.009857870482 -0.9998236786 2.597161974
551 -0.01607606383 -0.003516716685 -0.9998645873 2.963585111
552 -0.02107488839 0.005268179043 -0.9997640198 2.245020585
553 0.003659428993 -0.0204363229 -0.9997844594 2.349044927
554 -0.01406334766 -0.007187200962 -0.9998752754 3.087947908
555 -0.006797235841 0.01240562817 -0.999899944 3.447638366
556 0.0029436131 -0.01109425758 -0.9999341241 4.248898977
557 0.00288685771 0.01428231171 -0.9998938352 3.346984153
558 0.01098491587 -0.009981579377 -0.9998898438 3.285790725
559 0.009272699858 -0.01213861577 -0.9998833287 3.192736878
560 -0.01511195555 0.001113082433 -0.9998851883 3.218488067
561 -0.01498948963 0.009228143513 -0.9998450663 2.770615758
562 -0.01350632772 0.01125395635 -0.9998454518 2.774069385
563 0.01050644596 -0.0119400346 -0.9998735171 3.066410185
564 -0.01510302634 0.01090674001 -0.9998264557 2.617858558
565 0.0167153736 -0.01422324246 -0.9997591188 2.22206709
566 0.01195302223 0.009273952757 -0.999885553 3.223611028
567 0.01022149165 0.01146386857 -0.9998820435 3.175296151
568 -0.01000408784 0.011842285 -0.999879832 3.145945142
569 -0.01598833607 0.003729645598 -0.9998652223 2.970558668
570 0.009669732763 0.01066101114 -0.9998964142 3.388391338
571 -0.001429627052 -0.02062724182 -0.9997862137 2.35866197
572 -0.02344091035 0.006140886101 -0.9997063635 2.01260858
573 -0.006170940818 0.012496757 -0.9999028706 3.499190225
574 0.0131585916 0.00692826903 -0.9998894192 3.27947648
575 -0.01612186551 -0.00578844799 -0.9998532789 2.847095857
576 0.01152585172 -0.006233508907 -0.9999141454 3.721858929
577 -0.01093116185 -0.004878148831 -0.9999283541 4.074221205
578 -0.008304687237 0.01539382746 -0.9998470194 2.788244859
579 0.008443278167 -0.007057810598 -0.9999394473 4.4317213
580 0.006161841684 0.01211016102 -0.9999076836 3.589244345
581 -0.01314895627 0.01119283767 -0.9998509016 2.824308132
582 -0.001592461088 -0.01489304138 -0.9998878244 3.256082733
583 -0.007741032699 -0.01233049322 -0.9998940121 3.3497757
584 -0.002663190173 0.01874477342 -0.9998207544 2.575891907
585 0.01526590064 -0.005180741054 -0.9998700477 3.025202848
586 -0.01552892141 2.068347178e-05 -0.9998794188 3.140550417
587 -0.01607407338 0.001996176675 -0.9998688111 3.010912784
588 0.01679244797 0.000543487266 -0.9998588492 2.902726347
589 0.007992426976 -0.01083668727 -0.9999093396 3.621874173
590 -0.01568824138 0.007245384795 -0.9998506806 2.822217842
591 0.00228715488 -0.01582441117 -0.9998721703 3.0502149
592 0.005788752286 -0.01226928872 -0.9999079732 3.594887625
593 0.01343874889 0.01299559544 -0.999825242 2.60875253
594 -0.007387466108 -0.01361606267 -0.9998800069 3.14823633
595 0.01370585711 0.00981064024 -0.9998579403 2.89342651
596 0.006659163357 -0.0107533989 -0.9999200068 3.855800368
597 0.01549663712 0.001762527261 -0.9998783665 3.126936063
598 -0.01594862902 -0.007229426357 -0.9998466766 2.785125815
599 -0.01697948592 -0.004605097749 -0.9998452331 2.772108328
600 -0.01460329974 0.001989063307 -0.9998913877 3.309061237
601 -0.00752370484 0.01129639544 -0.9999078884 3.59323254
602 -0.01239289699 -7.74481584e-06 -0.9999232051 3.93526989
603 0.01519238807 -0.003862966293 -0.9998771269 3.111124053
604 -0.01082036215 0.009476406683 -0.9998965534 3.390670186
605 0.002724392892 0.01564659416 -0.9998738729 3.070732574
606 -0.01065685528 -0.005060321951 -0.9999304099 4.133959072
607 -0.009591164319 0.005405083551 -0.9999393955 4.429824616
608 0.0140717114 -0.0007538076822 -0.9999007044 3.460814215
609 0.01503111764 0.002937200688 -0.9998827123 3.184336446
610 0.01117430891 -0.01481184225 -0.9998278573 2.628492743
611 0.01381541662 0.003394089354 -0.9998988021 3.428133022
612 0.002082456636 -0.01784638605 -0.9998385719 2.714316101
613 0.008541939147 0.01172290216 -0.9998947989 3.362278657
614 0.01584779087 0.003424898775 -0.9998685502 3.007922801
615 -0.01372634889 -0.0004101784321 -0.9999057051 3.551391859
616 0.01181082719 0.008721576736 -0.9998922134 3.321710724
617 -0.006238109497 -0.01103271617 -0.9999196794 3.847933694
618 -0.01827929578 -0.006515293771 -0.9998116914 2.513146682
619 0.01441999325 0.008147979526 -0.9998628277 2.944517497
620 0.01264965715 -0.006547167878 -0.9998985552 3.423959742
621 0.01337000294 -0.01146276138 -0.999844912 2.769237731
622 -0.002798907066 0.0148825918 -0.9998853307 3.220485506
623 0.001053758417 -0.01434566662 -0.9998965404 3.390456843
624 -0.002953667309 0.01552716932 -0.9998750836 3.085576605
625 0.01250012577 -0.003440401574 -0.9999159517 3.761639266
626 0.01295748768 0.000107318918 -0.9999160425 3.76367182
627 0.003697310582 0.0169279246 -0.9998498764 2.814648784
628 -0.007231897679 -0.01234437329 -0.9998976528 3.408832091
629 0.01444498222 -0.005666140813 -0.9998796114 3.143061494
630 0.006315708729 -0.0189336972 -0.9998007936 2.44344441
631 -0.01045993648 -0.0110852801 -0.9998838464 3.199843409
632 0.0105400117 -0.0106289591 -0.9998879604 3.258058421
633 -0.006397206619 -0.01595385629 -0.9998522642 2.837302295
634 0.00738925566 0.01137942074 -0.9999079496 3.594426578
635 -0.001347189526 -0.01502084386 -0.9998862732 3.233801695
636 0.01313415061 -0.007082799666 -0.9998886578 3.268245545
637 -0.009072146483 0.01194659892 -0.9998874811 3.251112492
638 0.01334784678 -0.01484064645 -0.9998007753 2.443331761
639 -0.01227548844 -0.001742591211 -0.9999231349 3.933473865
640 -0.01040755014 -0.007735000373 -0.9999159228 3.760992423
641 -0.01013071409 -0.01761574739 -0.9997935057 2.399942603
642 0.01286263843 -0.002208945668 -0.9999148329 3.736851291
643 -0.01643635262 0.001348747908 -0.9998640043 2.957227284
644 -0.009674285465 0.01674568082 -0.9998129777 2.521773389
645 8.348439001e-05 0.01362864044 -0.9999071223 3.578382532
646 0.003600510181 0.01251379789 -0.999915217 3.745305648
647 0.007758584081 -0.01159036679 -0.9999027292 3.496645991
648 0.01362778317 -0.0070645111 -0.9998821812 3.177151156
649 0.01543378098 -0.003646191252 -0.9998742439 3.075258602
650 -0.0131654998 -0.01278793725 -0.999831555 2.657183907
651 0.01382524838 -0.007794634056 -0.9998740452 3.072831152
652 0.01371543543 -0.0005841839918 -0.9999057683 3.55258322
653 -0.01248927276 0.004854483852 -0.999910222 3.639629905
654 -0.01139199414 0.002374846004 -0.999932289 4.190927742
655 0.0003862877061 0.01846029622 -0.9998295196 2.641275605
656 -0.0208205675 -0.01174037143 -0.999714293 2.040342325
657 0.01480624445 -0.004038563358 -0.9998822256 3.177750841
658 0.01644747304 -0.0140051076 -0.9997666416 2.257595019
659 0.0002791201759 -0.01455250785 -0.9998940677 3.350655171
660 -0.01196335898 0.009135589872 -0.9998867031 3.239930845
661 -0.008793261147 0.01348790415 -0.9998703691 3.028951034
662 -0.01192265274 -0.006096301427 -0.9999103387 3.64199793
663 -0.003951665162 0.0122787601 -0.9999168047 3.780873781
664 0.01993289141 -0.001189064129 -0.9998006131 2.442338154
665 -0.01238409489 -0.00317150386 -0.9999182845 3.814953128
666 -0.01602267724 0.006193548595 -0.999852446 2.839049568
667 0.01155856023 -0.009919637753 -0.9998839935 3.201871487
668 -0.01203415457 -0.009221407548 -0.9998850658 3.216771772
669 0.01518046773 0.008146369462 -0.999851584 2.83079376
670 0.01313501144 0.01044203259 -0.9998592078 2.906420474
671 0.01381779903 0.008902052298 -0.9998649018 2.967032964
672 -0.01092709062 -0.02437647676 -0.9996431294 1.825642713
673 -0.01316322358 -0.009226606121 -0.9998707913 3.033895315
674 -0.02146087696 7.589022707e-05 -0.999769686 2.272465335
675 0.005884764072 0.01571155078 -0.9998592485 2.90684014
676 0.01310532197 -0.002054270562 -0.9999120114 3.676450794
677 0.01169344792 -0.0175243945 -0.9997780548 2.314907682
678 0.0003945156559 -0.01443394996 -0.9998957473 3.377536799
679 -0.008843594586 0.01103695064 -0.9998999833 3.448315515
680 -0.002975628474 0.01967908986 -0.9998019199 2.450380599
681 -0.005593094318 0.01373724382 -0.9998899967 3.288073103
682 0.01424549686 -0.0009350968622 -0.9998980905 3.416144306
683 0.01417454064 0.01011493021 -0.9998483738 2.80066899
684 -0.005119765895 -0.01384150371 -0.9998910945 3.304602897
685 -0.00676317531 -0.01162793454 -0.9999095212 3.625508029
686 0.0137872702 -0.004433609739 -0.9998951216 3.367448005
687 0.01002067278 -0.01390082447 -0.9998531658 2.845999426
688 0.01852149017 -0.004666000238 -0.9998175748 2.553346887
689 0.01027391422 -0.01141284105 -0.9998820899 3.175921704
690 0.009877732167 -0.01599498698 -0.9998232798 2.594230261
691 0.0006243628965 -0.01368793226 -0.9999061209 3.559248105
692 0.008329944878 0.01407599909 -0.9998662302 2.981727244
693 0.01659001988 -0.002249177657 -0.9998598464 2.913033881
694 0.005226019668 -0.01730631209 -0.9998365768 2.697697941
695 -0.0008456719044 -0.01608065635 -0.9998703403 3.028614192
696 0.004304295014 0.01560066955 -0.9998690375 3.013513856
697 -0.01456556614 0.02287364775 -0.9996322526 1.798446818
698 -0.002452890075 0.01570660458 -0.999873635 3.067840049
699 -0.01224589575 0.01005339342 -0.9998744758 3.078097089
700 -0.004616765744 0.01463993469 -0.999882172 3.17702696
701 -0.0143409328 -0.01399522154 -0.9997992156 2.433824261
702 -0.02432166188 -0.003284613241 -0.9996987887 1.987144768
703 -0.003483873199 -0.01818032861 -0.9998286545 2.634599781
704 -0.00588111058 0.01246626299 -0.9999049979 3.538149354
705 0.001251748926 -0.01827957253 -0.9998321311 2.661739419
706 0.01795960293 0.0004653917808 -0.999838605 2.714594419
707 -0.0004030376268 0.01602718522 -0.9998714752 3.041955913
708 -0.005004234061 0.01609206756 -0.9998579914 2.893947001
709 0.02004963949 -0.01156964227 -0.9997320418 2.106822711
710 -0.01450541029 -0.002556364867 -0.9998915232 3.311125931
711 -0.007244985628 0.0234457524 -0.9996988581 1.987373761
712 -0.01297360999 -0.007687988392 -0.9998862837 3.233950627
713 -0.01753670158 -0.002207819532 -0.9998437826 2.759209819
714 0.01263261522 0.0141019192 -0.9998207604 2.575935096
715 -0.01710692034 -0.0009618957714 -0.9998532032 2.846362151
716 -0.006716467818 0.013823675 -0.9998818906 3.173240348
717 -0.00668960552 -0.01631974337 -0.9998444455 2.765082028
718 0.01061408114 -0.007436215157 -0.9999160185 3.76313386
719 -0.01457745614 -0.001412725985 -0.9998927452 3.329935345
720 0.01582864896 0.003897479389 -0.9998671229 2.991726329
721 -0.000784451534 -0.01518366723 -0.9998844138 3.207686644
722 0.01283890296 0.008813983518 -0.9998787308 3.131629126
723 0.01533630996 0.0013915689 -0.9998814235 3.166985513
724 -0.01597839489 -0.0002383487981 -0.9998723089 3.051869675
725 0.01179024288 -0.002751895154 -0.9999267059 4.028153471
726 -0.002437043389 -0.01425434656 -0.9998954317 3.372437205
727 0.01465925679 0.001766758837 -0.9998909864 3.302965323
728 -0.01436472325 0.0009163304469 -0.9998964022 3.388194708
729 0.0004961227324 -0.01514321559 -0.9998852119 3.218817779
730 0.00126440923 0.01816012138 -0.9998342919 2.67903615
731 -0.00971725088 0.006974153317 -0.9999284656 4.077393259
732 -0.0008703737347 -0.01413351838 -0.999899738 3.444095724
733 0.01000000412 -0.006745818387 -0.9999272443 4.043028242
734 0.0128765891 0.008397450935 -0.9998818312 3.172442663
735 -0.01109803957 -0.003081159317 -0.9999336678 4.234258905
736 -0.004812556004 -0.01577663492 -0.9998639593 2.956737584
737 -0.006837702085 0.01725644209 -0.9998277157 2.627412586
738 -0.01150438588 -0.007487563146 -0.9999057883 3.552959771
739 0.007954870289 0.01361907482 -0.9998756127 3.092131153
740 0.01184877824 0.01617889663 -0.9997989047 2.431942374
741 0.01516169009 -0.004284096891 -0.9998758771 3.095423124
742 -0.01295323632 0.002110961826 -0.999913875 3.716013631
743 -2.204689316e-05 0.01790936101 -0.9998396143 2.723121551
744 0.008111538623 -0.01254417005 -0.9998884171 3.264719162
745 -0.0155319195 -0.006044000891 -0.9998611051 2.926202723
746 0.01102087578 -0.01276641757 -0.9998577693 2.891686828
747 -0.0002355825375 0.01427238359 -0.9998981166 3.416581486
748 0.008451464288 0.01854663748 -0.9997922759 2.39282855
749 -0.006698434711 -0.01212703805 -0.9999040284 3.520232922
750 0.01302946354 -0.002679842002 -0.9999115218 3.666266556
751 -0.0137139756 0.001488735097 -0.9999048507 3.535412406
752 0.01381950143 0.007150225424 -0.9998789405 3.134340372
753 0.008809685211 0.01041436639 -0.9999069609 3.575277514
754 0.007163457825 0.01350104984 -0.9998831964 3.190928652
755 -0.006226099784 -0.01324960042 -0.9998928361 3.331347343
756 0.001993483607 -0.01460645832 -0.9998913328 3.308224698
757 0.01318714975 -0.005137847707 -0.9998998458 3.445947921
758 -0.0179752693 -0.006832374599 -0.9998150871 2.536114736
759 -0.01797034949 0.002611418257 -0.9998351099 2.685672746
760 -0.0135142745 0.01289138843 -0.999825573 2.61122667
761 0.005117087387 0.01235835517 -0.9999105392 3.646077201
762 0.005668033989 0.01506546281 -0.9998704442 3.029828988
763 0.01768890355 -0.01447978304 -0.9997386851 2.133431844
764 -0.0115455352 -0.01145094817 -0.9998677795 2.999144169
765 0.005419684125 0.01835350276 -0.9998168712 2.54843771
766 -0.007174213422 -0.01143665552 -0.9999088626 3.612385632
767 0.01085727286 0.01428127085 -0.9998390695 2.718508924
768 -0.007303409285 -0.01473969645 -0.9998646916 2.964727652
769 -0.0004022632587 0.01515494173 -0.9998850764 3.216919838
770 0.01807674141 0.00093398043 -0.9998361661 2.694315145
771 -0.004446156285 0.01323916868 -0.9999024733 3.492056557
772 -0.00370997227 -0.01607752241 -0.9998638654 2.955718075
773 0.0137113935 0.01083116375 -0.9998473301 2.791080526
774 -0.001179791288 -0.01496359794 -0.9998873431 3.249119787
775 0.01019905845 -0.009626084912 -0.999901654 3.477481303
776 -0.01566739976 0.002195204742 -0.999874849 3.082683049
777 -0.01696689749 0.009370094008 -0.9998121452 2.516180083
778 -0.00559025056 -0.01536685192 -0.9998662955 2.982455844
779 -0.01313917185 -0.006440015354 -0.9998929385 3.332938604
780 -0.001130060986 0.01647447032 -0.9998636481 2.953361816
781 -0.01691969954 -0.004240787478 -0.9998478582 2.795919428
782 -0.00794667328 -0.01631302685 -0.9998353542 2.687664272
783 -0.02391342778 0.0007120579241 -0.9997137795 2.038511512
784 0.01032795533 -0.01332880108 -0.9998578281 2.892284384
785 0.01862573524 0.002278383413 -0.99982393 2.599015425
786 -0.01569837976 0.00229718764 -0.999874134 3.073915079
787 0.008030510013 0.01398042555 -0.9998700209 3.024890995
788 -0.01006577235 -0.009294676883 -0.9999061402 3.559613349
789 0.003712337714 -0.01634155874 -0.9998595761 2.910229568
790 -0.008803653562 0.0124123643 -0.9998842077 3.204831972
791 0.008318622486 -0.01395891137 -0.9998679659 3.001261219
792 -0.01277653282 0.002769118273 -0.9999145424 3.730495294
793 0.004370896464 -0.01660460552 -0.9998525803 2.840342417
794 0.008257665682 -0.01564004386 -0.9998435878 2.757490754
795 0.00798973708 0.01089096282 -0.9999087714 3.610578065
796 -0.01091723705 -0.01749031295 -0.9997874289 2.365393341
797 -0.009759738787 0.01722024281 -0.9998040862 2.463889245
798 -0.01407295443 -0.004311381071 -0.9998916761 3.313462652
799 -0.001851371627 -0.01271249026 -0.9999174791 3.796290495
800 0.002180037222 -0.02247354423 -0.9997450611 2.159942052
801 -0.0155132031 0.003962635572 -0.9998718108 3.045935223
802 0.01058965756 -0.005736524081 -0.9999274731 4.049400597
803 0.01261222679 -0.01142730063 -0.9998551638 2.865560506
804 0.01808686548 0.007904882783 -0.9998051701 2.470732804
805 0.01346668561 -0.004543192017 -0.9998989988 3.431469408
806 0.01101476863 -0.009528799386 -0.9998939328 3.348524013
807 0.01421992903 -0.006681771453 -0.9998765662 3.10405012
808 -0.009058081332 -0.008550820705 -0.9999224143 3.915164765
809 0.01028062436 -0.01006396557 -0.9998965073 3.38991555
810 0.002851502827 0.01242691237 -0.9999187171 3.825089882
811 0.0001310833903 -0.01386078905 -0.9999039261 3.518358365
812 0.01433696341 -0.001703502592 -0.9998957693 3.377894163
813 0.007108762899 0.01179217634 -0.9999052005 3.54192867
814 -0.01454958992 -0.00778172653 -0.9998638678 2.955744059
815 0.004901415001 -0.01529346447 -0.9998710347 3.036757077
816 0.02144412393 0.005778300061 -0.99975335 2.195930817
817 0.001106164704 -0.01401674747 -0.9999011487 3.468582351
818 -0.01362509266 -0.002037717131 -0.9999050978 3.54001057
819 0.01071315163 0.01485830042 -0.9998322156 2.662409401
820 0.018454496 -0.004055416598 -0.9998214767 2.581096971
821 -0.0006863915775 0.01468020853 -0.9998920043 3.318493908
822 -0.01515697087 0.003804870542 -0.9998778871 3.120793329
823 -0.009019748937 0.01118848751 -0.9998967256 3.393495936
824 0.01132068644 0.01012380342 -0.9998846687 3.211229478
825 0.003838861511 0.01305367453 -0.9999074281 3.584287666
826 -0.007228696802 0.01397950781 -0.999876152 3.098855799
827 0.001572830833 -0.01279115978 -0.9999169528 3.784241881
828 -0.01160659433 0.006059120811 -0.9999142833 3.724852936
829 0.01202587873 0.008027048625 -0.9998954669 3.37300425
830 0.01665392979 -0.01107869914 -0.9997999345 2.438193012
831 -0.005466718172 0.02062503997 -0.9997723354 2.285648577
832 -0.008573801597 -0.01123171924 -0.9999001642 3.451438852
833 0.013034041 -0.003685399958 -0.9999082616 3.600533145
834 0.0170506227 0.002035333108 -0.999852556 2.84010807
835 -0.01096239989 -0.006868951634 -0.9999163181 3.769865753
836 -0.01107972183 0.009391048286 -0.9998945184 3.357805987
837 -0.0160778281 0.002156449622 -0.9998684179 3.006411159
838 0.00423032839 0.01892561095 -0.9998119451 2.514841076
839 0.009530810068 0.0166139348 -0.9998165536 2.546230744
840 -0.01120850949 -0.008634644017 -0.9998999011 3.446900004
841 0.01268715637 -0.007677270845 -0.9998900417 3.28874699
842 -0.01177018964 -0.004754807987 -0.999919424 3.841831126
843 0.01576255667 -0.006032887742 -0.9998575629 2.88959077
844 0.01638275898 -0.01490963927 -0.9997546238 2.201622721
845 0.01043087397 -0.004130050534 -0.9999370678 4.347131809
846 -0.002301844506 -0.01273997821 -0.9999161937 3.767066368
847 0.01659439563 0.005012281302 -0.9998497402 2.813373726
848 -0.01114102188 0.007164130014 -0.9999122726 3.68191973
849 -0.003274438736 -0.01586509327 -0.9998687798 3.010553773
850 -0.0009447171941 -0.01905609637 -0.9998179698 2.556115479
851 -0.002640986863 0.01924597819 -0.999811291 2.510478899
852 0.01276078231 -0.007479887218 -0.9998906009 3.297140145
853 -0.008221203021 0.0113040896 -0.9999023099 3.489135366
854 -0.006938368438 0.01223249706 -0.9999011076 3.467862068
855 -0.008849258845 0.01200004448 -0.9998888386 3.270901821
856 0.01500122711 -0.006985005358 -0.9998630771 2.947197377
857 0.008289328663 0.0129844687 -0.9998813383 3.165847414
858 0.01525823963 0.009409179632 -0.9998393138 2.720574571
859 -0.00300761116 -0.01701419023 -0.9998507247 2.822634366
860 -0.024062479 -0.001550723546 -0.9997092539 2.022586389
861 0.009754876376 -0.01477426113 -0.9998432695 2.754689975
862 0.01352326458 -0.009850153494 -0.9998600381 2.915028014
863 -0.01282465782 -0.01799048275 -0.9997559056 2.207394727
864 0.003578573893 0.01716882532 -0.9998462008 2.780815046
865 -0.01641491553 0.002323931241 -0.9998625655 2.941707523
866 -0.01496147671 0.005299980057 -0.9998740243 3.072576464
867 0.0001914683201 0.01752645957 -0.9998463815 2.7824498
868 0.01417828917 0.004021933563 -0.9998913942 3.309159522
869 0.01327356695 0.004855385704 -0.9999001138 3.450568298
870 0.002727278996 -0.01470477679 -0.9998881595 3.260956637
871 0.01127194507 -0.01080046952 -0.9998781391 3.124018131
872 0.01031169006 -0.01112587412 -0.9998849354 3.21494845
873 0.001456705865 0.01554144335 -0.9998781634 3.124328608
874 0.01717042426 -0.004917820772 -0.9998404831 2.73052632
875 0.01155300258 -0.01106545495 -0.9998720337 3.048586978
876 -0.01377085517 -0.007209019654 -0.9998791895 3.137568493
877 -0.005060823867 -0.0154381607 -0.9998680169 3.001840739
878 0.01334917953 0.001984442187 -0.9999089266 3.613652976
879 0.01004594029 0.01483987936 -0.9998394156 2.721436847
880 0.007403269969 0.01179836582 -0.9999029904 3.501350324
881 0.01122902506 0.007493324648 -0.9999088754 3.61263845
882 -0.0102571696 0.01352785855 -0.9998558834 2.872705144
883 -0.02274378553 0.003645851833 -0.9997346788 2.117265286
884 -0.01549395893 -0.004740426675 -0.9998687242 3.009915694
885 -0.01039379163 -0.0114055664 -0.999880934 3.16046854
886 0.003280880005 0.01417576141 -0.9998941362 3.35173915
887 0.01123586967 0.01455108095 -0.9998309964 2.652789355
888 -0.004922035062 0.01930132297 -0.9998015966 2.448383268
889 -0.01294471171 -0.0053259592 -0.9999020295 3.484138603
890 0.0195246567 0.004818204217 -0.9997977659 2.425086362
891 0.01055243879 -0.007954939305 -0.9999126787 3.690470798
892 0.001034456236 0.01872756574 -0.9998240886 2.600186983
893 -0.01491883333 -0.007374674592 -0.9998615117 2.930494766
894 -0.01935394186 -0.0002037641911 -0.9998126742 2.519729652
895 0.01192015537 0.006573761704 -0.9999073435 3.582651185
896 -0.02201492067 -0.005865612699 -0.9997404352 2.140611079
897 -0.01479077924 -0.002142576653 -0.9998883149 3.263224101
898 -0.01177969543 -0.001477896819 -0.9999295248 4.107920107
899 0.0002561212826 -0.0142391873 -0.9998985848 3.424459239
900 0.0114401617 0.008420339731 -0.9998991052 3.433278324
901 0.01352279307 -0.006837388428 -0.9998851855 3.2184484
902 0.01455666816 -0.001683958378 -0.9998926281 3.328118302
903 0.01017616315 0.01603737461 -0.9998196079 2.567693995
904 -0.005059595308 0.01140919183 -0.9999221124 3.907569437
905 0.01232713695 0.01404187678 -0.9998254185 2.610070514
906 -0.002235638753 0.01503845186 -0.9998844168 3.207728273
907 -0.009622757405 -0.01064478604 -0.9998970402 3.398676717
908 -0.002973883893 0.01284962268 -0.9999130178 3.697658138
909 0.01162772048 0.009880461282 -0.9998835795 3.196173925
910 0.002667667244 0.01458523061 -0.9998900713 3.289188439
911 0.01671035291 0.0005601067187 -0.9998602154 2.916876213
912 -0.007292814283 -0.01279799749 -0.9998915072 3.310882129
913 0.01736246476 0.003031327686 -0.9998446659 2.767042765
914 0.01430549934 -0.006110542581 -0.9998789997 3.135106432
915 -0.01318882548 0.003944482752 -0.9999052435 3.542731068
916 -0.004918382805 -0.01353529792 -0.9998962972 3.386480173
917 -0.005100530935 -0.01498397046 -0.9998747248 3.081154169
918 0.01246353373 0.008409088731 -0.9998869674 3.243716138
919 -0.01479149885 0.009465233721 -0.9998457986 2.777186129
920 0.004977020149 0.01232306425 -0.9999116818 3.669584411
921 0.005593744535 -0.01717906407 -0.9998367816 2.699389616
922 0.004986222326 0.01233016829 -0.9999115484 3.66681585
923 -0.01517123386 0.02005381184 -0.9996837892 1.93944917
924 0.006126887153 -0.01390030146 -0.9998846148 3.210479385
925 0.0122066154 -0.009610186241 -0.9998793141 3.13918834
926 0.003096159151 0.01167180688 -0.9999270887 4.038712649
927 -0.009901776233 0.00706612152 -0.9999260096 4.009155599
928 -0.01738970163 -0.005769912599 -0.9998321391 2.661802981
929 -0.002186586459 -0.01435039038 -0.999894637 3.359695058
930 0.003434784754 0.01544626747 -0.9998747997 3.082076104
931 -0.01391503461 0.0005210575619 -0.9999030455 3.50234473
932 0.002709259969 0.01450769728 -0.9998910874 3.304495616
933 0.01035428644 0.005382713188 -0.9999319053 4.179102763
934 0.01431768432 -0.003347370154 -0.9998918937 3.316794975
935 -0.010952989 0.01157022115 -0.999873073 3.061040959
936 -0.01275924389 -0.003708958518 -0.9999117188 3.670352981
937 0.001392147436 -0.02041558131 -0.9997906111 2.383297823
938 -0.01385970001 -0.002433067053 -0.9999009895 3.465793473
939 0.008791755016 -0.01099760784 -0.9999008739 3.463771587
940 -0.006207832945 -0.01407612959 -0.9998816557 3.170090118
941 -0.01054596575 0.0131997912 -0.9998572639 2.88656268
942 0.008308999163 0.01034464224 -0.9999119706 3.675598687
943 -7.600476603e-05 -0.01397564059 -0.9999023331 3.489549004
944 -0.006993905669 -0.0129389556 -0.9998918285 3.315795813
945 0.01089444884 0.007064452852 -0.9999156987 3.755990156
946 -0.0121888823 0.01500865809 -0.9998130682 2.522383662
947 -0.01289913958 1.537132272e-05 -0.9999168025 3.780823438
948 0.01490862046 -0.007862433471 -0.9998579475 2.893499622
949 -0.002169312803 -0.01446513244 -0.9998930213 3.334228715
950 -0.005142195697 -0.01263282046 -0.9999069805 3.575654676
951 -0.006220891736 0.01356013465 -0.9998887054 3.268944543
952 0.01566627946 0.003582468453 -0.9998708585 3.03468417
953 -0.002191125425 -0.01554667339 -0.9998767424 3.106267918
954 0.0002194890275 0.01257169243 -0.9999209491 3.878711877
955 0.01175747851 -0.01087890302 -0.9998716974 3.044588288
956 0.004923433874 0.01753576592 -0.9998341146 2.677604166
957 -0.01079517885 -0.008377124318 -0.9999066396 3.569120554
958 -0.01103471854 0.0178047311 -0.9997805892 2.328237449
959 -0.01618569321 -0.003392291295 -0.9998632485 2.94904394
960 0.01175162969 0.01111827709 -0.999869133 3.014613052
961 -0.01028856055 -0.007920357683 -0.9999157032 3.756090028
962 0.01151757262 -0.01693254521 -0.9997902952 2.381502617
963 -0.01304126963 -0.01000317347 -0.9998649218 2.967252142
964 0.0123669288 0.008716746307 -0.9998855322 3.223317735
965 0.004651664803 0.01383567614 -0.9998934624 3.341123207
966 -0.007920423022 0.03330367454 -0.9994138943 1.424649826
967 -0.01101661663 -0.01025067554 -0.9998867725 3.240923448
968 -0.01139740651 -0.01267024656 -0.9998547714 2.8616875
969 -0.01467700754 -0.00602867517 -0.9998741123 3.073650871
970 -0.0004887372423 -0.01329196433 -0.9999115385 3.666611514
971 0.00898159645 -0.0105314688 -0.999904205 3.523476111
972 -0.01783058056 -0.002907692392 -0.9998367945 2.699496892
973 -0.006151886397 -0.01539412497 -0.9998625782 2.941843023
974 0.01339134776 -0.009267644353 -0.9998673825 2.994652394
975 0.01592928814 -0.009925495234 -0.9998238556 2.598467051
976 0.01193029046 0.009917177976 -0.9998796516 3.143586509
977 0.0125259596 -0.006310568484 -0.9999016337 3.477122135
978 -0.005294506976 -0.01156421754 -0.9999191153 3.834492944
979 -0.01291396101 0.01773272719 -0.999759361 2.223185041
980 -0.01053676446 0.01363775543 -0.9998514831 2.829831724
981 -0.003777371063 -0.01634088027 -0.9998593437 2.907823632
982 -0.01360928015 0.007326391843 -0.9998805486 3.155366453
983 0.009340195515 -0.008055417306 -0.9999239326 3.954043489
984 0.02117659134 -0.003085974807 -0.9997709881 2.278916087
985 0.00462435796 -0.01476303956 -0.9998803268 3.152441534
986 0.005469196365 0.01545955271 -0.999865536 2.974021258
987 -0.0009731858762 -0.01561995217 -0.9998775275 3.116208149
988 0.01130734223 -0.011489903 -0.9998700546 3.025283991
989 -0.01531079456 -0.00830399059 -0.9998483001 2.799989115
990 0.01673258175 0.01780240071 -0.9997015031 1.996158052
991 -0.004134240337 0.01411082388 -0.9998918905 3.316746479
992 0.01038494717 -0.01946386951 -0.9997566257 2.210657838
993 0.01710031092 0.004285728381 -0.9998445939 2.76640178
994 0.007326624562 -0.01666100736 -0.999834352 2.679521926
995 -0.01231569363 0.007582109451 -0.9998954122 3.372121841
996 0.01792375775 -0.004009195847 -0.9998313184 2.65532027
997 0.008241117094 -0.01381599124 -0.9998705928 3.031567929
998 -0.00901141165 0.01406807443 -0.9998604321 2.919139705
999 0.009023944774 -0.01066020925 -0.9999024594 3.491808188
1000 0.01452648087 -0.006779784097 -0.9998714997 3.04224583
