0 -0.0133735 -5.67642e-39 -2.69889e-39
1 -0.0133735 -5.67642e-39 -2.698889632e-39
101 -0.0133734995 -5.676415547e-39 -2.698889632e-39
201 -0.0133734995 -5.676415547e-39 -2.698889632e-39
301 -0.0133734995 -5.676415547e-39 -2.698889632e-39
401 -0.0133734995 -5.676415547e-39 -2.698889632e-39
501 -0.0133734995 -5.676415547e-39 -2.698889632e-39
601 -0.0133734995 -5.676415547e-39 -2.698889632e-39
701 -0.0133734995 -5.676415547e-39 -2.698889632e-39
801 -0.0133734995 -5.676415547e-39 -2.698889632e-39
901 -0.0133734995 -5.676415547e-39 -2.698889632e-39
1001 -0.0133734995 -5.676415547e-39 -2.698889632e-39
1101 -0.0133734995 -5.676415547e-39 -2.698889632e-39
1201 -0.0133734995 -5.676415547e-39 -2.698889632e-39
1301 -0.0133734995 -5.676415547e-39 -2.698889632e-39
1401 -0.0133734995 -5.676415547e-39 -2.698889632e-39
1501 -0.0133734995 -5.676415547e-39 -2.698889632e-39
1601 -0.0133734995 -5.676415547e-39 -2.698889632e-39
1701 -0.0133734995 -5.676415547e-39 -2.698889632e-39
1801 -0.0133734995 -5.676415547e-39 -2.698889632e-39
1901 -0.0133734995 -5.676415547e-39 -2.698889632e-39
2001 -0.0133734995 -5.676415547e-39 -2.698889632e-39
2101 -0.0133734995 -5.676415547e-39 -2.698889632e-39
2201 -0.0133734995 -5.676415547e-39 -2.698889632e-39
2301 -0.0133734995 -5.676415547e-39 -2.698889632e-39
2401 -0.0133734995 -5.676415547e-39 -2.698889632e-39
2501 -0.0133734995 -5.676415547e-39 -2.698889632e-39
2601 -0.0133734995 -5.676415547e-39 -2.698889632e-39
2701 -0.0133734995 -5.676415547e-39 -2.698889632e-39
2801 -0.0133734995 -5.676415547e-39 -2.698889632e-39
2901 -0.0133734995 -5.676415547e-39 -2.698889632e-39
3001 -0.0133734995 -5.676415547e-39 -2.698889632e-39
3101 -0.0133734995 -5.676415547e-39 -2.698889632e-39
3201 -0.0133734995 -5.676415547e-39 -2.698889632e-39
3301 -0.0133734995 -5.676415547e-39 -2.698889632e-39
3401 -0.0133734995 -5.676415547e-39 -2.698889632e-39
3501 -0.0133734995 -5.676415547e-39 -2.698889632e-39
3601 -0.0133734995 -5.676415547e-39 -2.698889632e-39
3701 -0.0133734995 -5.676415547e-39 -2.698889632e-39
3801 -0.0133734995 -5.676415547e-39 -2.698889632e-39
3901 -0.0133734995 -5.676415547e-39 -2.698889632e-39
4001 -0.0133734995 -5.676415547e-39 -2.698889632e-39
4101 -0.0133734995 -5.676415547e-39 -2.698889632e-39
4201 -0.0133734995 -5.676415547e-39 -2.698889632e-39
4301 -0.0133734995 -5.676415547e-39 -2.698889632e-39
4401 -0.0133734995 -5.676415547e-39 -2.698889632e-39
4501 -0.0133734995 -5.676415547e-39 -2.698889632e-39
4601 -0.0133734995 -5.676415547e-39 -2.698889632e-39
4701 -0.0133734995 -5.676415547e-39 -2.698889632e-39
4801 -0.0133734995 -5.676415547e-39 -2.698889632e-39
4901 -0.0133734995 -5.676415547e-39 -2.698889632e-39
5001 -0.0133734995 -5.676415547e-39 -2.698889632e-39
5101 -0.0133734995 -5.676415547e-39 -2.698889632e-39
5201 -0.0133734995 -5.676415547e-39 -2.698889632e-39
5301 -0.0133734995 -5.676415547e-39 -2.698889632e-39
5401 -0.0133734995 -5.676415547e-39 -2.698889632e-39
5501 -0.0133734995 -5.676415547e-39 -2.698889632e-39
5601 -0.0133734995 -5.676415547e-39 -2.698889632e-39
5701 -0.0133734995 -5.676415547e-39 -2.698889632e-39
5801 -0.0133734995 -5.676415547e-39 -2.698889632e-39
5901 -0.0133734995 -5.676415547e-39 -2.698889632e-39
6001 -0.0133734995 -5.676415547e-39 -2.698889632e-39
6101 -0.0133734995 -5.676415547e-39 -2.698889632e-39
6201 -0.0133734995 -5.676415547e-39 -2.698889632e-39
6301 -0.0133734995 -5.676415547e-39 -2.698889632e-39
6401 -0.0133734995 -5.676415547e-39 -2.698889632e-39
6501 -0.0133734995 -5.676415547e-39 -2.698889632e-39
6601 -0.0133734995 -5.676415547e-39 -2.698889632e-39
6701 -0.0133734995 -5.676415547e-39 -2.698889632e-39
6801 -0.0133734995 -5.676415547e-39 -2.698889632e-39
6901 -0.0133734995 -5.676415547e-39 -2.698889632e-39
7001 -0.0133734995 -5.676415547e-39 -2.698889632e-39
7101 -0.0133734995 -5.676415547e-39 -2.698889632e-39
7201 -0.0133734995 -5.676415547e-39 -2.698889632e-39
7301 -0.0133734995 -5.676415547e-39 -2.698889632e-39
7401 -0.0133734995 -5.676415547e-39 -2.698889632e-39
7501 -0.0133734995 -5.676415547e-39 -2.698889632e-39
7601 -0.0133734995 -5.676415547e-39 -2.698889632e-39
7701 -0.0133734995 -5.676415547e-39 -2.698889632e-39
7801 -0.0133734995 -5.676415547e-39 -2.698889632e-39
7901 -0.0133734995 -5.676415547e-39 -2.698889632e-39
8001 -0.0133734995 -5.676415547e-39 -2.698889632e-39
8101 -0.0133734995 -5.676415547e-39 -2.698889632e-39
8201 -0.0133734995 -5.676415547e-39 -2.698889632e-39
8301 -0.0133734995 -5.676415547e-39 -2.698889632e-39
8401 -0.0133734995 -5.676415547e-39 -2.698889632e-39
8501 -0.0133734995 -5.676415547e-39 -2.698889632e-39
8601 -0.0133734995 -5.676415547e-39 -2.698889632e-39
8701 -0.0133734995 -5.676415547e-39 -2.698889632e-39
8801 -0.0133734995 -5.676415547e-39 -2.698889632e-39
8901 -0.0133734995 -5.676415547e-39 -2.698889632e-39
9001 -0.0133734995 -5.676415547e-39 -2.698889632e-39
9101 -0.0133734995 -5.676415547e-39 -2.698889632e-39
9201 -0.0133734995 -5.676415547e-39 -2.698889632e-39
9301 -0.0133734995 -5.676415547e-39 -2.698889632e-39
9401 -0.0133734995 -5.676415547e-39 -2.698889632e-39
9501 -0.0133734995 -5.676415547e-39 -2.698889632e-39
9601 -0.0133734995 -5.676415547e-39 -2.698889632e-39
9701 -0.0133734995 -5.676415547e-39 -2.698889632e-39
9801 -0.0133734995 -5.676415547e-39 -2.698889632e-39
9901 -0.0133734995 -5.676415547e-39 -2.698889632e-39
10001 -0.0133734995 -5.676415547e-39 -2.698889632e-39
10101 -0.0133734995 -5.676415547e-39 -2.698889632e-39
10201 -0.0133734995 -5.676415547e-39 -2.698889632e-39
10301 -0.0133734995 -5.676415547e-39 -2.698889632e-39
10401 -0.0133734995 -5.676415547e-39 -2.698889632e-39
10501 -0.0133734995 -5.676415547e-39 -2.698889632e-39
10601 -0.0133734995 -5.676415547e-39 -2.698889632e-39
10701 -0.0133734995 -5.676415547e-39 -2.698889632e-39
10801 -0.0133734995 -5.676415547e-39 -2.698889632e-39
10901 -0.0133734995 -5.676415547e-39 -2.698889632e-39
11001 -0.0133734995 -5.676415547e-39 -2.698889632e-39
11101 -0.0133734995 -5.676415547e-39 -2.698889632e-39
11201 -0.0133734995 -5.676415547e-39 -2.698889632e-39
11301 -0.0133734995 -5.676415547e-39 -2.698889632e-39
11401 -0.0133734995 -5.676415547e-39 -2.698889632e-39
11501 -0.0133734995 -5.676415547e-39 -2.698889632e-39
11601 -0.0133734995 -5.676415547e-39 -2.698889632e-39
11701 -0.0133734995 -5.676415547e-39 -2.698889632e-39
11801 -0.0133734995 -5.676415547e-39 -2.698889632e-39
11901 -0.0133734995 -5.676415547e-39 -2.698889632e-39
12001 -0.0133734995 -5.676415547e-39 -2.698889632e-39
12101 -0.0133734995 -5.676415547e-39 -2.698889632e-39
12201 -0.0133734995 -5.676415547e-39 -2.698889632e-39
12301 -0.0133734995 -5.676415547e-39 -2.698889632e-39
12401 -0.0133734995 -5.676415547e-39 -2.698889632e-39
12501 -0.0133734995 -5.676415547e-39 -2.698889632e-39
12601 -0.0133734995 -5.676415547e-39 -2.698889632e-39
12701 -0.0133734995 -5.676415547e-39 -2.698889632e-39
12801 -0.0133734995 -5.676415547e-39 -2.698889632e-39
12901 -0.0133734995 -5.676415547e-39 -2.698889632e-39
13001 -0.0133734995 -5.676415547e-39 -2.698889632e-39
13101 -0.0133734995 -5.676415547e-39 -2.698889632e-39
13201 -0.0133734995 -5.676415547e-39 -2.698889632e-39
13301 -0.0133734995 -5.676415547e-39 -2.698889632e-39
13401 -0.0133734995 -5.676415547e-39 -2.698889632e-39
13501 -0.0133734995 -5.676415547e-39 -2.698889632e-39
13601 -0.0133734995 -5.676415547e-39 -2.698889632e-39
13701 -0.0133734995 -5.676415547e-39 -2.698889632e-39
13801 -0.0133734995 -5.676415547e-39 -2.698889632e-39
13901 -0.0133734995 -5.676415547e-39 -2.698889632e-39
14001 -0.0133734995 -5.676415547e-39 -2.698889632e-39
14101 -0.0133734995 -5.676415547e-39 -2.698889632e-39
14201 -0.0133734995 -5.676415547e-39 -2.698889632e-39
14301 -0.0133734995 -5.676415547e-39 -2.698889632e-39
14401 -0.0133734995 -5.676415547e-39 -2.698889632e-39
14501 -0.0133734995 -5.676415547e-39 -2.698889632e-39
14601 -0.0133734995 -5.676415547e-39 -2.698889632e-39
14701 -0.0133734995 -5.676415547e-39 -2.698889632e-39
14801 -0.0133734995 -5.676415547e-39 -2.698889632e-39
14901 -0.0133734995 -5.676415547e-39 -2.698889632e-39
15001 -0.0133734995 -5.676415547e-39 -2.698889632e-39
15101 -0.0133734995 -5.676415547e-39 -2.698889632e-39
15201 -0.0133734995 -5.676415547e-39 -2.698889632e-39
15301 -0.0133734995 -5.676415547e-39 -2.698889632e-39
15401 -0.0133734995 -5.676415547e-39 -2.698889632e-39
15501 -0.0133734995 -5.676415547e-39 -2.698889632e-39
15601 -0.0133734995 -5.676415547e-39 -2.698889632e-39
15701 -0.0133734995 -5.676415547e-39 -2.698889632e-39
15801 -0.0133734995 -5.676415547e-39 -2.698889632e-39
15901 -0.0133734995 -5.676415547e-39 -2.698889632e-39
16001 -0.0133734995 -5.676415547e-39 -2.698889632e-39
16101 -0.0133734995 -5.676415547e-39 -2.698889632e-39
16201 -0.0133734995 -5.676415547e-39 -2.698889632e-39
16301 -0.0133734995 -5.676415547e-39 -2.698889632e-39
16401 -0.0133734995 -5.676415547e-39 -2.698889632e-39
16501 -0.0133734995 -5.676415547e-39 -2.698889632e-39
16601 -0.0133734995 -5.676415547e-39 -2.698889632e-39
16701 -0.0133734995 -5.676415547e-39 -2.698889632e-39
16801 -0.0133734995 -5.676415547e-39 -2.698889632e-39
16901 -0.0133734995 -5.676415547e-39 -2.698889632e-39
17001 -0.0133734995 -5.676415547e-39 -2.698889632e-39
17101 -0.0133734995 -5.676415547e-39 -2.698889632e-39
17201 -0.0133734995 -5.676415547e-39 -2.698889632e-39
17301 -0.0133734995 -5.676415547e-39 -2.698889632e-39
17401 -0.0133734995 -5.676415547e-39 -2.698889632e-39
17501 -0.0133734995 -5.676415547e-39 -2.698889632e-39
17601 -0.0133734995 -5.676415547e-39 -2.698889632e-39
17701 -0.0133734995 -5.676415547e-39 -2.698889632e-39
17801 -0.0133734995 -5.676415547e-39 -2.698889632e-39
17901 -0.0133734995 -5.676415547e-39 -2.698889632e-39
18001 -0.0133734995 -5.676415547e-39 -2.698889632e-39
18101 -0.0133734995 -5.676415547e-39 -2.698889632e-39
18201 -0.0133734995 -5.676415547e-39 -2.698889632e-39
18301 -0.0133734995 -5.676415547e-39 -2.698889632e-39
18401 -0.0133734995 -5.676415547e-39 -2.698889632e-39
18501 -0.0133734995 -5.676415547e-39 -2.698889632e-39
18601 -0.0133734995 -5.676415547e-39 -2.698889632e-39
18701 -0.0133734995 -5.676415547e-39 -2.698889632e-39
18801 -0.0133734995 -5.676415547e-39 -2.698889632e-39
18901 -0.0133734995 -5.676415547e-39 -2.698889632e-39
19001 -0.0133734995 -5.676415547e-39 -2.698889632e-39
19101 -0.0133734995 -5.676415547e-39 -2.698889632e-39
19201 -0.0133734995 -5.676415547e-39 -2.698889632e-39
19301 -0.0133734995 -5.676415547e-39 -2.698889632e-39
19401 -0.0133734995 -5.676415547e-39 -2.698889632e-39
19501 -0.0133734995 -5.676415547e-39 -2.698889632e-39
19601 -0.0133734995 -5.676415547e-39 -2.698889632e-39
19701 -0.0133734995 -5.676415547e-39 -2.698889632e-39
19801 -0.0133734995 -5.676415547e-39 -2.698889632e-39
19901 -0.0133734995 -5.676415547e-39 -2.698889632e-39
20001 -0.0133734995 -5.676415547e-39 -2.698889632e-39
20101 -0.0133734995 -5.676415547e-39 -2.698889632e-39
20201 -0.0133734995 -5.676415547e-39 -2.698889632e-39
20301 -0.0133734995 -5.676415547e-39 -2.698889632e-39
20401 -0.0133734995 -5.676415547e-39 -2.698889632e-39
20501 -0.0133734995 -5.676415547e-39 -2.698889632e-39
20601 -0.0133734995 -5.676415547e-39 -2.698889632e-39
20701 -0.0133734995 -5.676415547e-39 -2.698889632e-39
20801 -0.0133734995 -5.676415547e-39 -2.698889632e-39
20901 -0.0133734995 -5.676415547e-39 -2.698889632e-39
21001 -0.0133734995 -5.676415547e-39 -2.698889632e-39
21101 -0.0133734995 -5.676415547e-39 -2.698889632e-39
21201 -0.0133734995 -5.676415547e-39 -2.698889632e-39
21301 -0.0133734995 -5.676415547e-39 -2.698889632e-39
21401 -0.0133734995 -5.676415547e-39 -2.698889632e-39
21501 -0.0133734995 -5.676415547e-39 -2.698889632e-39
21601 -0.0133734995 -5.676415547e-39 -2.698889632e-39
21701 -0.0133734995 -5.676415547e-39 -2.698889632e-39
21801 -0.0133734995 -5.676415547e-39 -2.698889632e-39
21901 -0.0133734995 -5.676415547e-39 -2.698889632e-39
22001 -0.0133734995 -5.676415547e-39 -2.698889632e-39
22101 -0.0133734995 -5.676415547e-39 -2.698889632e-39
22201 -0.0133734995 -5.676415547e-39 -2.698889632e-39
22301 -0.0133734995 -5.676415547e-39 -2.698889632e-39
22401 -0.0133734995 -5.676415547e-39 -2.698889632e-39
22501 -0.0133734995 -5.676415547e-39 -2.698889632e-39
22601 -0.0133734995 -5.676415547e-39 -2.698889632e-39
22701 -0.0133734995 -5.676415547e-39 -2.698889632e-39
22801 -0.0133734995 -5.676415547e-39 -2.698889632e-39
22901 -0.0133734995 -5.676415547e-39 -2.698889632e-39
23001 -0.0133734995 -5.676415547e-39 -2.698889632e-39
23101 -0.0133734995 -5.676415547e-39 -2.698889632e-39
23201 -0.0133734995 -5.676415547e-39 -2.698889632e-39
23301 -0.0133734995 -5.676415547e-39 -2.698889632e-39
23401 -0.0133734995 -5.676415547e-39 -2.698889632e-39
23501 -0.0133734995 -5.676415547e-39 -2.698889632e-39
23601 -0.0133734995 -5.676415547e-39 -2.698889632e-39
23701 -0.0133734995 -5.676415547e-39 -2.698889632e-39
23801 -0.0133734995 -5.676415547e-39 -2.698889632e-39
23901 -0.0133734995 -5.676415547e-39 -2.698889632e-39
24001 -0.0133734995 -5.676415547e-39 -2.698889632e-39
24101 -0.0133734995 -5.676415547e-39 -2.698889632e-39
24201 -0.0133734995 -5.676415547e-39 -2.698889632e-39
24301 -0.0133734995 -5.676415547e-39 -2.698889632e-39
24401 -0.0133734995 -5.676415547e-39 -2.698889632e-39
24501 -0.0133734995 -5.676415547e-39 -2.698889632e-39
24601 -0.0133734995 -5.676415547e-39 -2.698889632e-39
24701 -0.0133734995 -5.676415547e-39 -2.698889632e-39
24801 -0.0133734995 -5.676415547e-39 -2.698889632e-39
24901 -0.0133734995 -5.676415547e-39 -2.698889632e-39
25001 -0.0133734995 -5.676415547e-39 -2.698889632e-39
25101 -0.0133734995 -5.676415547e-39 -2.698889632e-39
25201 -0.0133734995 -5.676415547e-39 -2.698889632e-39
25301 -0.0133734995 -5.676415547e-39 -2.698889632e-39
25401 -0.0133734995 -5.676415547e-39 -2.698889632e-39
25501 -0.0133734995 -5.676415547e-39 -2.698889632e-39
25601 -0.0133734995 -5.676415547e-39 -2.698889632e-39
25701 -0.0133734995 -5.676415547e-39 -2.698889632e-39
25801 -0.0133734995 -5.676415547e-39 -2.698889632e-39
25901 -0.0133734995 -5.676415547e-39 -2.698889632e-39
26001 -0.0133734995 -5.676415547e-39 -2.698889632e-39
26101 -0.0133734995 -5.676415547e-39 -2.698889632e-39
26201 -0.0133734995 -5.676415547e-39 -2.698889632e-39
26301 -0.0133734995 -5.676415547e-39 -2.698889632e-39
26401 -0.0133734995 -5.676415547e-39 -2.698889632e-39
26501 -0.0133734995 -5.676415547e-39 -2.698889632e-39
26601 -0.0133734995 -5.676415547e-39 -2.698889632e-39
26701 -0.0133734995 -5.676415547e-39 -2.698889632e-39
26801 -0.0133734995 -5.676415547e-39 -2.698889632e-39
26901 -0.0133734995 -5.676415547e-39 -2.698889632e-39
27001 -0.0133734995 -5.676415547e-39 -2.698889632e-39
27101 -0.0133734995 -5.676415547e-39 -2.698889632e-39
27201 -0.0133734995 -5.676415547e-39 -2.698889632e-39
27301 -0.0133734995 -5.676415547e-39 -2.698889632e-39
27401 -0.0133734995 -5.676415547e-39 -2.698889632e-39
27501 -0.0133734995 -5.676415547e-39 -2.698889632e-39
27601 -0.0133734995 -5.676415547e-39 -2.698889632e-39
27701 -0.0133734995 -5.676415547e-39 -2.698889632e-39
27801 -0.0133734995 -5.676415547e-39 -2.698889632e-39
27901 -0.0133734995 -5.676415547e-39 -2.698889632e-39
28001 -0.0133734995 -5.676415547e-39 -2.698889632e-39
28101 -0.0133734995 -5.676415547e-39 -2.698889632e-39
28201 -0.0133734995 -5.676415547e-39 -2.698889632e-39
28301 -0.0133734995 -5.676415547e-39 -2.698889632e-39
28401 -0.0133734995 -5.676415547e-39 -2.698889632e-39
28501 -0.0133734995 -5.676415547e-39 -2.698889632e-39
28601 -0.0133734995 -5.676415547e-39 -2.698889632e-39
28701 -0.0133734995 -5.676415547e-39 -2.698889632e-39
28801 -0.0133734995 -5.676415547e-39 -2.698889632e-39
28901 -0.0133734995 -5.676415547e-39 -2.698889632e-39
29001 -0.0133734995 -5.676415547e-39 -2.698889632e-39
29101 -0.0133734995 -5.676415547e-39 -2.698889632e-39
29201 -0.0133734995 -5.676415547e-39 -2.698889632e-39
29301 -0.0133734995 -5.676415547e-39 -2.698889632e-39
29401 -0.0133734995 -5.676415547e-39 -2.698889632e-39
29501 -0.0133734995 -5.676415547e-39 -2.698889632e-39
29601 -0.0133734995 -5.676415547e-39 -2.698889632e-39
29701 -0.0133734995 -5.676415547e-39 -2.698889632e-39
29801 -0.0133734995 -5.676415547e-39 -2.698889632e-39
29901 -0.0133734995 -5.676415547e-39 -2.698889632e-39
30001 -0.0133734995 -5.676415547e-39 -2.698889632e-39
30101 -0.0133734995 -5.676415547e-39 -2.698889632e-39
30201 -0.0133734995 -5.676415547e-39 -2.698889632e-39
30301 -0.0133734995 -5.676415547e-39 -2.698889632e-39
30401 -0.0133734995 -5.676415547e-39 -2.698889632e-39
30501 -0.0133734995 -5.676415547e-39 -2.698889632e-39
30601 -0.0133734995 -5.676415547e-39 -2.698889632e-39
30701 -0.0133734995 -5.676415547e-39 -2.698889632e-39
30801 -0.0133734995 -5.676415547e-39 -2.698889632e-39
30901 -0.0133734995 -5.676415547e-39 -2.698889632e-39
31001 -0.0133734995 -5.676415547e-39 -2.698889632e-39
31101 -0.0133734995 -5.676415547e-39 -2.698889632e-39
31201 -0.0133734995 -5.676415547e-39 -2.698889632e-39
31301 -0.0133734995 -5.676415547e-39 -2.698889632e-39
31401 -0.0133734995 -5.676415547e-39 -2.698889632e-39
31501 -0.0133734995 -5.676415547e-39 -2.698889632e-39
31601 -0.0133734995 -5.676415547e-39 -2.698889632e-39
31701 -0.0133734995 -5.676415547e-39 -2.698889632e-39
31801 -0.0133734995 -5.676415547e-39 -2.698889632e-39
31901 -0.0133734995 -5.676415547e-39 -2.698889632e-39
32001 -0.0133734995 -5.676415547e-39 -2.698889632e-39
32101 -0.0133734995 -5.676415547e-39 -2.698889632e-39
32201 -0.0133734995 -5.676415547e-39 -2.698889632e-39
32301 -0.0133734995 -5.676415547e-39 -2.698889632e-39
32401 -0.0133734995 -5.676415547e-39 -2.698889632e-39
32501 -0.0133734995 -5.676415547e-39 -2.698889632e-39
32601 -0.0133734995 -5.676415547e-39 -2.698889632e-39
32701 -0.0133734995 -5.676415547e-39 -2.698889632e-39
32801 -0.0133734995 -5.676415547e-39 -2.698889632e-39
32901 -0.0133734995 -5.676415547e-39 -2.698889632e-39
33001 -0.0133734995 -5.676415547e-39 -2.698889632e-39
33101 -0.0133734995 -5.676415547e-39 -2.698889632e-39
33201 -0.0133734995 -5.676415547e-39 -2.698889632e-39
33301 -0.0133734995 -5.676415547e-39 -2.698889632e-39
33401 -0.0133734995 -5.676415547e-39 -2.698889632e-39
33501 -0.0133734995 -5.676415547e-39 -2.698889632e-39
33601 -0.0133734995 -5.676415547e-39 -2.698889632e-39
33701 -0.0133734995 -5.676415547e-39 -2.698889632e-39
33801 -0.0133734995 -5.676415547e-39 -2.698889632e-39
33901 -0.0133734995 -5.676415547e-39 -2.698889632e-39
34001 -0.0133734995 -5.676415547e-39 -2.698889632e-39
34101 -0.0133734995 -5.676415547e-39 -2.698889632e-39
34201 -0.0133734995 -5.676415547e-39 -2.698889632e-39
34301 -0.0133734995 -5.676415547e-39 -2.698889632e-39
34401 -0.0133734995 -5.676415547e-39 -2.698889632e-39
34501 -0.0133734995 -5.676415547e-39 -2.698889632e-39
34601 -0.0133734995 -5.676415547e-39 -2.698889632e-39
34701 -0.0133734995 -5.676415547e-39 -2.698889632e-39
34801 -0.0133734995 -5.676415547e-39 -2.698889632e-39
34901 -0.0133734995 -5.676415547e-39 -2.698889632e-39
35001 -0.0133734995 -5.676415547e-39 -2.698889632e-39
35101 -0.0133734995 -5.676415547e-39 -2.698889632e-39
35201 -0.0133734995 -5.676415547e-39 -2.698889632e-39
35301 -0.0133734995 -5.676415547e-39 -2.698889632e-39
35401 -0.0133734995 -5.676415547e-39 -2.698889632e-39
35501 -0.0133734995 -5.676415547e-39 -2.698889632e-39
35601 -0.0133734995 -5.676415547e-39 -2.698889632e-39
35701 -0.0133734995 -5.676415547e-39 -2.698889632e-39
35801 -0.0133734995 -5.676415547e-39 -2.698889632e-39
35901 -0.0133734995 -5.676415547e-39 -2.698889632e-39
36001 -0.0133734995 -5.676415547e-39 -2.698889632e-39
36101 -0.0133734995 -5.676415547e-39 -2.698889632e-39
36201 -0.0133734995 -5.676415547e-39 -2.698889632e-39
36301 -0.0133734995 -5.676415547e-39 -2.698889632e-39
36401 -0.0133734995 -5.676415547e-39 -2.698889632e-39
36501 -0.0133734995 -5.676415547e-39 -2.698889632e-39
36601 -0.0133734995 -5.676415547e-39 -2.698889632e-39
36701 -0.0133734995 -5.676415547e-39 -2.698889632e-39
36801 -0.0133734995 -5.676415547e-39 -2.698889632e-39
36901 -0.0133734995 -5.676415547e-39 -2.698889632e-39
37001 -0.0133734995 -5.676415547e-39 -2.698889632e-39
37101 -0.0133734995 -5.676415547e-39 -2.698889632e-39
37201 -0.0133734995 -5.676415547e-39 -2.698889632e-39
37301 -0.0133734995 -5.676415547e-39 -2.698889632e-39
37401 -0.0133734995 -5.676415547e-39 -2.698889632e-39
37501 -0.0133734995 -5.676415547e-39 -2.698889632e-39
37601 -0.0133734995 -5.676415547e-39 -2.698889632e-39
37701 -0.0133734995 -5.676415547e-39 -2.698889632e-39
37801 -0.0133734995 -5.676415547e-39 -2.698889632e-39
37901 -0.0133734995 -5.676415547e-39 -2.698889632e-39
38001 -0.0133734995 -5.676415547e-39 -2.698889632e-39
38101 -0.0133734995 -5.676415547e-39 -2.698889632e-39
38201 -0.0133734995 -5.676415547e-39 -2.698889632e-39
38301 -0.0133734995 -5.676415547e-39 -2.698889632e-39
38401 -0.0133734995 -5.676415547e-39 -2.698889632e-39
38501 -0.0133734995 -5.676415547e-39 -2.698889632e-39
38601 -0.0133734995 -5.676415547e-39 -2.698889632e-39
38701 -0.0133734995 -5.676415547e-39 -2.698889632e-39
38801 -0.0133734995 -5.676415547e-39 -2.698889632e-39
38901 -0.0133734995 -5.676415547e-39 -2.698889632e-39
39001 -0.0133734995 -5.676415547e-39 -2.698889632e-39
39101 -0.0133734995 -5.676415547e-39 -2.698889632e-39
39201 -0.0133734995 -5.676415547e-39 -2.698889632e-39
39301 -0.0133734995 -5.676415547e-39 -2.698889632e-39
39401 -0.0133734995 -5.676415547e-39 -2.698889632e-39
39501 -0.0133734995 -5.676415547e-39 -2.698889632e-39
39601 -0.0133734995 -5.676415547e-39 -2.698889632e-39
39701 -0.0133734995 -5.676415547e-39 -2.698889632e-39
39801 -0.0133734995 -5.676415547e-39 -2.698889632e-39
39901 -0.0133734995 -5.676415547e-39 -2.698889632e-39
40001 -0.0133734995 -5.676415547e-39 -2.698889632e-39
40101 -0.0133734995 -5.676415547e-39 -2.698889632e-39
40201 -0.0133734995 -5.676415547e-39 -2.698889632e-39
40301 -0.0133734995 -5.676415547e-39 -2.698889632e-39
40401 -0.0133734995 -5.676415547e-39 -2.698889632e-39
40501 -0.0133734995 -5.676415547e-39 -2.698889632e-39
40601 -0.0133734995 -5.676415547e-39 -2.698889632e-39
40701 -0.0133734995 -5.676415547e-39 -2.698889632e-39
40801 -0.0133734995 -5.676415547e-39 -2.698889632e-39
40901 -0.0133734995 -5.676415547e-39 -2.698889632e-39
41001 -0.0133734995 -5.676415547e-39 -2.698889632e-39
41101 -0.0133734995 -5.676415547e-39 -2.698889632e-39
41201 -0.0133734995 -5.676415547e-39 -2.698889632e-39
41301 -0.0133734995 -5.676415547e-39 -2.698889632e-39
41401 -0.0133734995 -5.676415547e-39 -2.698889632e-39
41501 -0.0133734995 -5.676415547e-39 -2.698889632e-39
41601 -0.0133734995 -5.676415547e-39 -2.698889632e-39
41701 -0.0133734995 -5.676415547e-39 -2.698889632e-39
41801 -0.0133734995 -5.676415547e-39 -2.698889632e-39
41901 -0.0133734995 -5.676415547e-39 -2.698889632e-39
42001 -0.0133734995 -5.676415547e-39 -2.698889632e-39
42101 -0.0133734995 -5.676415547e-39 -2.698889632e-39
42201 -0.0133734995 -5.676415547e-39 -2.698889632e-39
42301 -0.0133734995 -5.676415547e-39 -2.698889632e-39
42401 -0.0133734995 -5.676415547e-39 -2.698889632e-39
42501 -0.0133734995 -5.676415547e-39 -2.698889632e-39
42601 -0.0133734995 -5.676415547e-39 -2.698889632e-39
42701 -0.0133734995 -5.676415547e-39 -2.698889632e-39
42801 -0.0133734995 -5.676415547e-39 -2.698889632e-39
42901 -0.0133734995 -5.676415547e-39 -2.698889632e-39
43001 -0.0133734995 -5.676415547e-39 -2.698889632e-39
43101 -0.0133734995 -5.676415547e-39 -2.698889632e-39
43201 -0.0133734995 -5.676415547e-39 -2.698889632e-39
43301 -0.0133734995 -5.676415547e-39 -2.698889632e-39
43401 -0.0133734995 -5.676415547e-39 -2.698889632e-39
43501 -0.0133734995 -5.676415547e-39 -2.698889632e-39
43601 -0.0133734995 -5.676415547e-39 -2.698889632e-39
43701 -0.0133734995 -5.676415547e-39 -2.698889632e-39
43801 -0.0133734995 -5.676415547e-39 -2.698889632e-39
43901 -0.0133734995 -5.676415547e-39 -2.698889632e-39
44001 -0.0133734995 -5.676415547e-39 -2.698889632e-39
44101 -0.0133734995 -5.676415547e-39 -2.698889632e-39
44201 -0.0133734995 -5.676415547e-39 -2.698889632e-39
44301 -0.0133734995 -5.676415547e-39 -2.698889632e-39
44401 -0.0133734995 -5.676415547e-39 -2.698889632e-39
44501 -0.0133734995 -5.676415547e-39 -2.698889632e-39
44601 -0.0133734995 -5.676415547e-39 -2.698889632e-39
44701 -0.0133734995 -5.676415547e-39 -2.698889632e-39
44801 -0.0133734995 -5.676415547e-39 -2.698889632e-39
44901 -0.0133734995 -5.676415547e-39 -2.698889632e-39
45001 -0.0133734995 -5.676415547e-39 -2.698889632e-39
45101 -0.0133734995 -5.676415547e-39 -2.698889632e-39
45201 -0.0133734995 -5.676415547e-39 -2.698889632e-39
45301 -0.0133734995 -5.676415547e-39 -2.698889632e-39
45401 -0.0133734995 -5.676415547e-39 -2.698889632e-39
45501 -0.0133734995 -5.676415547e-39 -2.698889632e-39
45601 -0.0133734995 -5.676415547e-39 -2.698889632e-39
45701 -0.0133734995 -5.676415547e-39 -2.698889632e-39
45801 -0.0133734995 -5.676415547e-39 -2.698889632e-39
45901 -0.0133734995 -5.676415547e-39 -2.698889632e-39
46001 -0.0133734995 -5.676415547e-39 -2.698889632e-39
46101 -0.0133734995 -5.676415547e-39 -2.698889632e-39
46201 -0.0133734995 -5.676415547e-39 -2.698889632e-39
46301 -0.0133734995 -5.676415547e-39 -2.698889632e-39
46401 -0.0133734995 -5.676415547e-39 -2.698889632e-39
46501 -0.0133734995 -5.676415547e-39 -2.698889632e-39
46601 -0.0133734995 -5.676415547e-39 -2.698889632e-39
46701 -0.0133734995 -5.676415547e-39 -2.698889632e-39
46801 -0.0133734995 -5.676415547e-39 -2.698889632e-39
46901 -0.0133734995 -5.676415547e-39 -2.698889632e-39
47001 -0.0133734995 -5.676415547e-39 -2.698889632e-39
47101 -0.0133734995 -5.676415547e-39 -2.698889632e-39
47201 -0.0133734995 -5.676415547e-39 -2.698889632e-39
47301 -0.0133734995 -5.676415547e-39 -2.698889632e-39
47401 -0.0133734995 -5.676415547e-39 -2.698889632e-39
47501 -0.0133734995 -5.676415547e-39 -2.698889632e-39
47601 -0.0133734995 -5.676415547e-39 -2.698889632e-39
47701 -0.0133734995 -5.676415547e-39 -2.698889632e-39
47801 -0.0133734995 -5.676415547e-39 -2.698889632e-39
47901 -0.0133734995 -5.676415547e-39 -2.698889632e-39
48001 -0.0133734995 -5.676415547e-39 -2.698889632e-39
48101 -0.0133734995 -5.676415547e-39 -2.698889632e-39
48201 -0.0133734995 -5.676415547e-39 -2.698889632e-39
48301 -0.0133734995 -5.676415547e-39 -2.698889632e-39
48401 -0.0133734995 -5.676415547e-39 -2.698889632e-39
48501 -0.0133734995 -5.676415547e-39 -2.698889632e-39
48601 -0.0133734995 -5.676415547e-39 -2.698889632e-39
48701 -0.0133734995 -5.676415547e-39 -2.698889632e-39
48801 -0.0133734995 -5.676415547e-39 -2.698889632e-39
48901 -0.0133734995 -5.676415547e-39 -2.698889632e-39
49001 -0.0133734995 -5.676415547e-39 -2.698889632e-39
49101 -0.0133734995 -5.676415547e-39 -2.698889632e-39
49201 -0.0133734995 -5.676415547e-39 -2.698889632e-39
49301 -0.0133734995 -5.676415547e-39 -2.698889632e-39
49401 -0.0133734995 -5.676415547e-39 -2.698889632e-39
49501 -0.0133734995 -5.676415547e-39 -2.698889632e-39
49601 -0.0133734995 -5.676415547e-39 -2.698889632e-39
49701 -0.0133734995 -5.676415547e-39 -2.698889632e-39
49801 -0.0133734995 -5.676415547e-39 -2.698889632e-39
49901 -0.0133734995 -5.676415547e-39 -2.698889632e-39
50001 -0.0133734995 -5.676415547e-39 -2.698889632e-39
50101 -0.0133734995 -5.676415547e-39 -2.698889632e-39
50201 -0.0133734995 -5.676415547e-39 -2.698889632e-39
50301 -0.0133734995 -5.676415547e-39 -2.698889632e-39
50401 -0.0133734995 -5.676415547e-39 -2.698889632e-39
50501 -0.0133734995 -5.676415547e-39 -2.698889632e-39
50601 -0.0133734995 -5.676415547e-39 -2.698889632e-39
50701 -0.0133734995 -5.676415547e-39 -2.698889632e-39
50801 -0.0133734995 -5.676415547e-39 -2.698889632e-39
50901 -0.0133734995 -5.676415547e-39 -2.698889632e-39
51001 -0.0133734995 -5.676415547e-39 -2.698889632e-39
51101 -0.0133734995 -5.676415547e-39 -2.698889632e-39
51201 -0.0133734995 -5.676415547e-39 -2.698889632e-39
51301 -0.0133734995 -5.676415547e-39 -2.698889632e-39
51401 -0.0133734995 -5.676415547e-39 -2.698889632e-39
51501 -0.0133734995 -5.676415547e-39 -2.698889632e-39
51601 -0.0133734995 -5.676415547e-39 -2.698889632e-39
51701 -0.0133734995 -5.676415547e-39 -2.698889632e-39
51801 -0.0133734995 -5.676415547e-39 -2.698889632e-39
51901 -0.0133734995 -5.676415547e-39 -2.698889632e-39
52001 -0.0133734995 -5.676415547e-39 -2.698889632e-39
52101 -0.0133734995 -5.676415547e-39 -2.698889632e-39
52201 -0.0133734995 -5.676415547e-39 -2.698889632e-39
52301 -0.0133734995 -5.676415547e-39 -2.698889632e-39
52401 -0.0133734995 -5.676415547e-39 -2.698889632e-39
52501 -0.0133734995 -5.676415547e-39 -2.698889632e-39
52601 -0.0133734995 -5.676415547e-39 -2.698889632e-39
52701 -0.0133734995 -5.676415547e-39 -2.698889632e-39
52801 -0.0133734995 -5.676415547e-39 -2.698889632e-39
52901 -0.0133734995 -5.676415547e-39 -2.698889632e-39
53001 -0.0133734995 -5.676415547e-39 -2.698889632e-39
53101 -0.0133734995 -5.676415547e-39 -2.698889632e-39
53201 -0.0133734995 -5.676415547e-39 -2.698889632e-39
53301 -0.0133734995 -5.676415547e-39 -2.698889632e-39
53401 -0.0133734995 -5.676415547e-39 -2.698889632e-39
53501 -0.0133734995 -5.676415547e-39 -2.698889632e-39
53601 -0.0133734995 -5.676415547e-39 -2.698889632e-39
53701 -0.0133734995 -5.676415547e-39 -2.698889632e-39
53801 -0.0133734995 -5.676415547e-39 -2.698889632e-39
53901 -0.0133734995 -5.676415547e-39 -2.698889632e-39
54001 -0.0133734995 -5.676415547e-39 -2.698889632e-39
54101 -0.0133734995 -5.676415547e-39 -2.698889632e-39
54201 -0.0133734995 -5.676415547e-39 -2.698889632e-39
54301 -0.0133734995 -5.676415547e-39 -2.698889632e-39
54401 -0.0133734995 -5.676415547e-39 -2.698889632e-39
54501 -0.0133734995 -5.676415547e-39 -2.698889632e-39
54601 -0.0133734995 -5.676415547e-39 -2.698889632e-39
54701 -0.0133734995 -5.676415547e-39 -2.698889632e-39
54801 -0.0133734995 -5.676415547e-39 -2.698889632e-39
54901 -0.0133734995 -5.676415547e-39 -2.698889632e-39
55001 -0.0133734995 -5.676415547e-39 -2.698889632e-39
55101 -0.0133734995 -5.676415547e-39 -2.698889632e-39
55201 -0.0133734995 -5.676415547e-39 -2.698889632e-39
55301 -0.0133734995 -5.676415547e-39 -2.698889632e-39
55401 -0.0133734995 -5.676415547e-39 -2.698889632e-39
55501 -0.0133734995 -5.676415547e-39 -2.698889632e-39
55601 -0.0133734995 -5.676415547e-39 -2.698889632e-39
55701 -0.0133734995 -5.676415547e-39 -2.698889632e-39
55801 -0.0133734995 -5.676415547e-39 -2.698889632e-39
55901 -0.0133734995 -5.676415547e-39 -2.698889632e-39
56001 -0.0133734995 -5.676415547e-39 -2.698889632e-39
56101 -0.0133734995 -5.676415547e-39 -2.698889632e-39
56201 -0.0133734995 -5.676415547e-39 -2.698889632e-39
56301 -0.0133734995 -5.676415547e-39 -2.698889632e-39
56401 -0.0133734995 -5.676415547e-39 -2.698889632e-39
56501 -0.0133734995 -5.676415547e-39 -2.698889632e-39
56601 -0.0133734995 -5.676415547e-39 -2.698889632e-39
56701 -0.0133734995 -5.676415547e-39 -2.698889632e-39
56801 -0.0133734995 -5.676415547e-39 -2.698889632e-39
56901 -0.0133734995 -5.676415547e-39 -2.698889632e-39
57001 -0.0133734995 -5.676415547e-39 -2.698889632e-39
57101 -0.0133734995 -5.676415547e-39 -2.698889632e-39
57201 -0.0133734995 -5.676415547e-39 -2.698889632e-39
57301 -0.0133734995 -5.676415547e-39 -2.698889632e-39
57401 -0.0133734995 -5.676415547e-39 -2.698889632e-39
57501 -0.0133734995 -5.676415547e-39 -2.698889632e-39
57601 -0.0133734995 -5.676415547e-39 -2.698889632e-39
57701 -0.0133734995 -5.676415547e-39 -2.698889632e-39
57801 -0.0133734995 -5.676415547e-39 -2.698889632e-39
57901 -0.0133734995 -5.676415547e-39 -2.698889632e-39
58001 -0.0133734995 -5.676415547e-39 -2.698889632e-39
58101 -0.0133734995 -5.676415547e-39 -2.698889632e-39
58201 -0.0133734995 -5.676415547e-39 -2.698889632e-39
58301 -0.0133734995 -5.676415547e-39 -2.698889632e-39
58401 -0.0133734995 -5.676415547e-39 -2.698889632e-39
58501 -0.0133734995 -5.676415547e-39 -2.698889632e-39
58601 -0.0133734995 -5.676415547e-39 -2.698889632e-39
58701 -0.0133734995 -5.676415547e-39 -2.698889632e-39
58801 -0.0133734995 -5.676415547e-39 -2.698889632e-39
58901 -0.0133734995 -5.676415547e-39 -2.698889632e-39
59001 -0.0133734995 -5.676415547e-39 -2.698889632e-39
59101 -0.0133734995 -5.676415547e-39 -2.698889632e-39
59201 -0.0133734995 -5.676415547e-39 -2.698889632e-39
59301 -0.0133734995 -5.676415547e-39 -2.698889632e-39
59401 -0.0133734995 -5.676415547e-39 -2.698889632e-39
59501 -0.0133734995 -5.676415547e-39 -2.698889632e-39
59601 -0.0133734995 -5.676415547e-39 -2.698889632e-39
59701 -0.0133734995 -5.676415547e-39 -2.698889632e-39
59801 -0.0133734995 -5.676415547e-39 -2.698889632e-39
59901 -0.0133734995 -5.676415547e-39 -2.698889632e-39
60001 -0.0133734995 -5.676415547e-39 -2.698889632e-39
60101 -0.0133734995 -5.676415547e-39 -2.698889632e-39
60201 -0.0133734995 -5.676415547e-39 -2.698889632e-39
60301 -0.0133734995 -5.676415547e-39 -2.698889632e-39
60401 -0.0133734995 -5.676415547e-39 -2.698889632e-39
60501 -0.0133734995 -5.676415547e-39 -2.698889632e-39
60601 -0.0133734995 -5.676415547e-39 -2.698889632e-39
60701 -0.0133734995 -5.676415547e-39 -2.698889632e-39
60801 -0.0133734995 -5.676415547e-39 -2.698889632e-39
60901 -0.0133734995 -5.676415547e-39 -2.698889632e-39
61001 -0.0133734995 -5.676415547e-39 -2.698889632e-39
61101 -0.0133734995 -5.676415547e-39 -2.698889632e-39
61201 -0.0133734995 -5.676415547e-39 -2.698889632e-39
61301 -0.0133734995 -5.676415547e-39 -2.698889632e-39
61401 -0.0133734995 -5.676415547e-39 -2.698889632e-39
61501 -0.0133734995 -5.676415547e-39 -2.698889632e-39
61601 -0.0133734995 -5.676415547e-39 -2.698889632e-39
61701 -0.0133734995 -5.676415547e-39 -2.698889632e-39
61801 -0.0133734995 -5.676415547e-39 -2.698889632e-39
61901 -0.0133734995 -5.676415547e-39 -2.698889632e-39
62001 -0.0133734995 -5.676415547e-39 -2.698889632e-39
62101 -0.0133734995 -5.676415547e-39 -2.698889632e-39
62201 -0.0133734995 -5.676415547e-39 -2.698889632e-39
62301 -0.0133734995 -5.676415547e-39 -2.698889632e-39
62401 -0.0133734995 -5.676415547e-39 -2.698889632e-39
62501 -0.0133734995 -5.676415547e-39 -2.698889632e-39
62601 -0.0133734995 -5.676415547e-39 -2.698889632e-39
62701 -0.0133734995 -5.676415547e-39 -2.698889632e-39
62801 -0.0133734995 -5.676415547e-39 -2.698889632e-39
62901 -0.0133734995 -5.676415547e-39 -2.698889632e-39
63001 -0.0133734995 -5.676415547e-39 -2.698889632e-39
63101 -0.0133734995 -5.676415547e-39 -2.698889632e-39
63201 -0.0133734995 -5.676415547e-39 -2.698889632e-39
63301 -0.0133734995 -5.676415547e-39 -2.698889632e-39
63401 -0.0133734995 -5.676415547e-39 -2.698889632e-39
63501 -0.0133734995 -5.676415547e-39 -2.698889632e-39
63601 -0.0133734995 -5.676415547e-39 -2.698889632e-39
63701 -0.0133734995 -5.676415547e-39 -2.698889632e-39
63801 -0.0133734995 -5.676415547e-39 -2.698889632e-39
63901 -0.0133734995 -5.676415547e-39 -2.698889632e-39
64001 -0.0133734995 -5.676415547e-39 -2.698889632e-39
64101 -0.0133734995 -5.676415547e-39 -2.698889632e-39
64201 -0.0133734995 -5.676415547e-39 -2.698889632e-39
64301 -0.0133734995 -5.676415547e-39 -2.698889632e-39
64401 -0.0133734995 -5.676415547e-39 -2.698889632e-39
64501 -0.0133734995 -5.676415547e-39 -2.698889632e-39
64601 -0.0133734995 -5.676415547e-39 -2.698889632e-39
64701 -0.0133734995 -5.676415547e-39 -2.698889632e-39
64801 -0.0133734995 -5.676415547e-39 -2.698889632e-39
64901 -0.0133734995 -5.676415547e-39 -2.698889632e-39
65001 -0.0133734995 -5.676415547e-39 -2.698889632e-39
65101 -0.0133734995 -5.676415547e-39 -2.698889632e-39
65201 -0.0133734995 -5.676415547e-39 -2.698889632e-39
65301 -0.0133734995 -5.676415547e-39 -2.698889632e-39
65401 -0.0133734995 -5.676415547e-39 -2.698889632e-39
65501 -0.0133734995 -5.676415547e-39 -2.698889632e-39
65601 -0.0133734995 -5.676415547e-39 -2.698889632e-39
65701 -0.0133734995 -5.676415547e-39 -2.698889632e-39
65801 -0.0133734995 -5.676415547e-39 -2.698889632e-39
65901 -0.0133734995 -5.676415547e-39 -2.698889632e-39
66001 -0.0133734995 -5.676415547e-39 -2.698889632e-39
66101 -0.0133734995 -5.676415547e-39 -2.698889632e-39
66201 -0.0133734995 -5.676415547e-39 -2.698889632e-39
66301 -0.0133734995 -5.676415547e-39 -2.698889632e-39
66401 -0.0133734995 -5.676415547e-39 -2.698889632e-39
66501 -0.0133734995 -5.676415547e-39 -2.698889632e-39
66601 -0.0133734995 -5.676415547e-39 -2.698889632e-39
66701 -0.0133734995 -5.676415547e-39 -2.698889632e-39
66801 -0.0133734995 -5.676415547e-39 -2.698889632e-39
66901 -0.0133734995 -5.676415547e-39 -2.698889632e-39
67001 -0.0133734995 -5.676415547e-39 -2.698889632e-39
67101 -0.0133734995 -5.676415547e-39 -2.698889632e-39
67201 -0.0133734995 -5.676415547e-39 -2.698889632e-39
67301 -0.0133734995 -5.676415547e-39 -2.698889632e-39
67401 -0.0133734995 -5.676415547e-39 -2.698889632e-39
67501 -0.0133734995 -5.676415547e-39 -2.698889632e-39
67601 -0.0133734995 -5.676415547e-39 -2.698889632e-39
67701 -0.0133734995 -5.676415547e-39 -2.698889632e-39
67801 -0.0133734995 -5.676415547e-39 -2.698889632e-39
67901 -0.0133734995 -5.676415547e-39 -2.698889632e-39
68001 -0.0133734995 -5.676415547e-39 -2.698889632e-39
68101 -0.0133734995 -5.676415547e-39 -2.698889632e-39
68201 -0.0133734995 -5.676415547e-39 -2.698889632e-39
68301 -0.0133734995 -5.676415547e-39 -2.698889632e-39
68401 -0.0133734995 -5.676415547e-39 -2.698889632e-39
68501 -0.0133734995 -5.676415547e-39 -2.698889632e-39
68601 -0.0133734995 -5.676415547e-39 -2.698889632e-39
68701 -0.0133734995 -5.676415547e-39 -2.698889632e-39
68801 -0.0133734995 -5.676415547e-39 -2.698889632e-39
68901 -0.0133734995 -5.676415547e-39 -2.698889632e-39
69001 -0.0133734995 -5.676415547e-39 -2.698889632e-39
69101 -0.0133734995 -5.676415547e-39 -2.698889632e-39
69201 -0.0133734995 -5.676415547e-39 -2.698889632e-39
69301 -0.0133734995 -5.676415547e-39 -2.698889632e-39
69401 -0.0133734995 -5.676415547e-39 -2.698889632e-39
69501 -0.0133734995 -5.676415547e-39 -2.698889632e-39
69601 -0.0133734995 -5.676415547e-39 -2.698889632e-39
69701 -0.0133734995 -5.676415547e-39 -2.698889632e-39
69801 -0.0133734995 -5.676415547e-39 -2.698889632e-39
69901 -0.0133734995 -5.676415547e-39 -2.698889632e-39
70001 -0.0133734995 -5.676415547e-39 -2.698889632e-39
70101 -0.0133734995 -5.676415547e-39 -2.698889632e-39
70201 -0.0133734995 -5.676415547e-39 -2.698889632e-39
70301 -0.0133734995 -5.676415547e-39 -2.698889632e-39
70401 -0.0133734995 -5.676415547e-39 -2.698889632e-39
70501 -0.0133734995 -5.676415547e-39 -2.698889632e-39
70601 -0.0133734995 -5.676415547e-39 -2.698889632e-39
70701 -0.0133734995 -5.676415547e-39 -2.698889632e-39
70801 -0.0133734995 -5.676415547e-39 -2.698889632e-39
70901 -0.0133734995 -5.676415547e-39 -2.698889632e-39
71001 -0.0133734995 -5.676415547e-39 -2.698889632e-39
71101 -0.0133734995 -5.676415547e-39 -2.698889632e-39
71201 -0.0133734995 -5.676415547e-39 -2.698889632e-39
71301 -0.0133734995 -5.676415547e-39 -2.698889632e-39
71401 -0.0133734995 -5.676415547e-39 -2.698889632e-39
71501 -0.0133734995 -5.676415547e-39 -2.698889632e-39
71601 -0.0133734995 -5.676415547e-39 -2.698889632e-39
71701 -0.0133734995 -5.676415547e-39 -2.698889632e-39
71801 -0.0133734995 -5.676415547e-39 -2.698889632e-39
71901 -0.0133734995 -5.676415547e-39 -2.698889632e-39
72001 -0.0133734995 -5.676415547e-39 -2.698889632e-39
72101 -0.0133734995 -5.676415547e-39 -2.698889632e-39
72201 -0.0133734995 -5.676415547e-39 -2.698889632e-39
72301 -0.0133734995 -5.676415547e-39 -2.698889632e-39
72401 -0.0133734995 -5.676415547e-39 -2.698889632e-39
72501 -0.0133734995 -5.676415547e-39 -2.698889632e-39
72601 -0.0133734995 -5.676415547e-39 -2.698889632e-39
72701 -0.0133734995 -5.676415547e-39 -2.698889632e-39
72801 -0.0133734995 -5.676415547e-39 -2.698889632e-39
72901 -0.0133734995 -5.676415547e-39 -2.698889632e-39
73001 -0.0133734995 -5.676415547e-39 -2.698889632e-39
73101 -0.0133734995 -5.676415547e-39 -2.698889632e-39
73201 -0.0133734995 -5.676415547e-39 -2.698889632e-39
73301 -0.0133734995 -5.676415547e-39 -2.698889632e-39
73401 -0.0133734995 -5.676415547e-39 -2.698889632e-39
73501 -0.0133734995 -5.676415547e-39 -2.698889632e-39
73601 -0.0133734995 -5.676415547e-39 -2.698889632e-39
73701 -0.0133734995 -5.676415547e-39 -2.698889632e-39
73801 -0.0133734995 -5.676415547e-39 -2.698889632e-39
73901 -0.0133734995 -5.676415547e-39 -2.698889632e-39
74001 -0.0133734995 -5.676415547e-39 -2.698889632e-39
74101 -0.0133734995 -5.676415547e-39 -2.698889632e-39
74201 -0.0133734995 -5.676415547e-39 -2.698889632e-39
74301 -0.0133734995 -5.676415547e-39 -2.698889632e-39
74401 -0.0133734995 -5.676415547e-39 -2.698889632e-39
74501 -0.0133734995 -5.676415547e-39 -2.698889632e-39
74601 -0.0133734995 -5.676415547e-39 -2.698889632e-39
74701 -0.0133734995 -5.676415547e-39 -2.698889632e-39
74801 -0.0133734995 -5.676415547e-39 -2.698889632e-39
74901 -0.0133734995 -5.676415547e-39 -2.698889632e-39
75001 -0.0133734995 -5.676415547e-39 -2.698889632e-39
75101 -0.0133734995 -5.676415547e-39 -2.698889632e-39
75201 -0.0133734995 -5.676415547e-39 -2.698889632e-39
75301 -0.0133734995 -5.676415547e-39 -2.698889632e-39
75401 -0.0133734995 -5.676415547e-39 -2.698889632e-39
75501 -0.0133734995 -5.676415547e-39 -2.698889632e-39
75601 -0.0133734995 -5.676415547e-39 -2.698889632e-39
75701 -0.0133734995 -5.676415547e-39 -2.698889632e-39
75801 -0.0133734995 -5.676415547e-39 -2.698889632e-39
75901 -0.0133734995 -5.676415547e-39 -2.698889632e-39
76001 -0.0133734995 -5.676415547e-39 -2.698889632e-39
76101 -0.0133734995 -5.676415547e-39 -2.698889632e-39
76201 -0.0133734995 -5.676415547e-39 -2.698889632e-39
76301 -0.0133734995 -5.676415547e-39 -2.698889632e-39
76401 -0.0133734995 -5.676415547e-39 -2.698889632e-39
76501 -0.0133734995 -5.676415547e-39 -2.698889632e-39
76601 -0.0133734995 -5.676415547e-39 -2.698889632e-39
76701 -0.0133734995 -5.676415547e-39 -2.698889632e-39
76801 -0.0133734995 -5.676415547e-39 -2.698889632e-39
76901 -0.0133734995 -5.676415547e-39 -2.698889632e-39
77001 -0.0133734995 -5.676415547e-39 -2.698889632e-39
77101 -0.0133734995 -5.676415547e-39 -2.698889632e-39
77201 -0.0133734995 -5.676415547e-39 -2.698889632e-39
77301 -0.0133734995 -5.676415547e-39 -2.698889632e-39
77401 -0.0133734995 -5.676415547e-39 -2.698889632e-39
77501 -0.0133734995 -5.676415547e-39 -2.698889632e-39
77601 -0.0133734995 -5.676415547e-39 -2.698889632e-39
77701 -0.0133734995 -5.676415547e-39 -2.698889632e-39
77801 -0.0133734995 -5.676415547e-39 -2.698889632e-39
77901 -0.0133734995 -5.676415547e-39 -2.698889632e-39
78001 -0.0133734995 -5.676415547e-39 -2.698889632e-39
78101 -0.0133734995 -5.676415547e-39 -2.698889632e-39
78201 -0.0133734995 -5.676415547e-39 -2.698889632e-39
78301 -0.0133734995 -5.676415547e-39 -2.698889632e-39
78401 -0.0133734995 -5.676415547e-39 -2.698889632e-39
78501 -0.0133734995 -5.676415547e-39 -2.698889632e-39
78601 -0.0133734995 -5.676415547e-39 -2.698889632e-39
78701 -0.0133734995 -5.676415547e-39 -2.698889632e-39
78801 -0.0133734995 -5.676415547e-39 -2.698889632e-39
78901 -0.0133734995 -5.676415547e-39 -2.698889632e-39
79001 -0.0133734995 -5.676415547e-39 -2.698889632e-39
79101 -0.0133734995 -5.676415547e-39 -2.698889632e-39
79201 -0.0133734995 -5.676415547e-39 -2.698889632e-39
79301 -0.0133734995 -5.676415547e-39 -2.698889632e-39
79401 -0.0133734995 -5.676415547e-39 -2.698889632e-39
79501 -0.0133734995 -5.676415547e-39 -2.698889632e-39
79601 -0.0133734995 -5.676415547e-39 -2.698889632e-39
79701 -0.0133734995 -5.676415547e-39 -2.698889632e-39
79801 -0.0133734995 -5.676415547e-39 -2.698889632e-39
79901 -0.0133734995 -5.676415547e-39 -2.698889632e-39
80001 -0.0133734995 -5.676415547e-39 -2.698889632e-39
80101 -0.0133734995 -5.676415547e-39 -2.698889632e-39
80201 -0.0133734995 -5.676415547e-39 -2.698889632e-39
80301 -0.0133734995 -5.676415547e-39 -2.698889632e-39
80401 -0.0133734995 -5.676415547e-39 -2.698889632e-39
80501 -0.0133734995 -5.676415547e-39 -2.698889632e-39
80601 -0.0133734995 -5.676415547e-39 -2.698889632e-39
80701 -0.0133734995 -5.676415547e-39 -2.698889632e-39
80801 -0.0133734995 -5.676415547e-39 -2.698889632e-39
80901 -0.0133734995 -5.676415547e-39 -2.698889632e-39
81001 -0.0133734995 -5.676415547e-39 -2.698889632e-39
81101 -0.0133734995 -5.676415547e-39 -2.698889632e-39
81201 -0.0133734995 -5.676415547e-39 -2.698889632e-39
81301 -0.0133734995 -5.676415547e-39 -2.698889632e-39
81401 -0.0133734995 -5.676415547e-39 -2.698889632e-39
81501 -0.0133734995 -5.676415547e-39 -2.698889632e-39
81601 -0.0133734995 -5.676415547e-39 -2.698889632e-39
81701 -0.0133734995 -5.676415547e-39 -2.698889632e-39
81801 -0.0133734995 -5.676415547e-39 -2.698889632e-39
81901 -0.0133734995 -5.676415547e-39 -2.698889632e-39
82001 -0.0133734995 -5.676415547e-39 -2.698889632e-39
82101 -0.0133734995 -5.676415547e-39 -2.698889632e-39
82201 -0.0133734995 -5.676415547e-39 -2.698889632e-39
82301 -0.0133734995 -5.676415547e-39 -2.698889632e-39
82401 -0.0133734995 -5.676415547e-39 -2.698889632e-39
82501 -0.0133734995 -5.676415547e-39 -2.698889632e-39
82601 -0.0133734995 -5.676415547e-39 -2.698889632e-39
82701 -0.0133734995 -5.676415547e-39 -2.698889632e-39
82801 -0.0133734995 -5.676415547e-39 -2.698889632e-39
82901 -0.0133734995 -5.676415547e-39 -2.698889632e-39
83001 -0.0133734995 -5.676415547e-39 -2.698889632e-39
83101 -0.0133734995 -5.676415547e-39 -2.698889632e-39
83201 -0.0133734995 -5.676415547e-39 -2.698889632e-39
83301 -0.0133734995 -5.676415547e-39 -2.698889632e-39
83401 -0.0133734995 -5.676415547e-39 -2.698889632e-39
83501 -0.0133734995 -5.676415547e-39 -2.698889632e-39
83601 -0.0133734995 -5.676415547e-39 -2.698889632e-39
83701 -0.0133734995 -5.676415547e-39 -2.698889632e-39
83801 -0.0133734995 -5.676415547e-39 -2.698889632e-39
83901 -0.0133734995 -5.676415547e-39 -2.698889632e-39
84001 -0.0133734995 -5.676415547e-39 -2.698889632e-39
84101 -0.0133734995 -5.676415547e-39 -2.698889632e-39
84201 -0.0133734995 -5.676415547e-39 -2.698889632e-39
84301 -0.0133734995 -5.676415547e-39 -2.698889632e-39
84401 -0.0133734995 -5.676415547e-39 -2.698889632e-39
84501 -0.0133734995 -5.676415547e-39 -2.698889632e-39
84601 -0.0133734995 -5.676415547e-39 -2.698889632e-39
84701 -0.0133734995 -5.676415547e-39 -2.698889632e-39
84801 -0.0133734995 -5.676415547e-39 -2.698889632e-39
84901 -0.0133734995 -5.676415547e-39 -2.698889632e-39
85001 -0.0133734995 -5.676415547e-39 -2.698889632e-39
85101 -0.0133734995 -5.676415547e-39 -2.698889632e-39
85201 -0.0133734995 -5.676415547e-39 -2.698889632e-39
85301 -0.0133734995 -5.676415547e-39 -2.698889632e-39
85401 -0.0133734995 -5.676415547e-39 -2.698889632e-39
85501 -0.0133734995 -5.676415547e-39 -2.698889632e-39
85601 -0.0133734995 -5.676415547e-39 -2.698889632e-39
85701 -0.0133734995 -5.676415547e-39 -2.698889632e-39
85801 -0.0133734995 -5.676415547e-39 -2.698889632e-39
85901 -0.0133734995 -5.676415547e-39 -2.698889632e-39
86001 -0.0133734995 -5.676415547e-39 -2.698889632e-39
86101 -0.0133734995 -5.676415547e-39 -2.698889632e-39
86201 -0.0133734995 -5.676415547e-39 -2.698889632e-39
86301 -0.0133734995 -5.676415547e-39 -2.698889632e-39
86401 -0.0133734995 -5.676415547e-39 -2.698889632e-39
86501 -0.0133734995 -5.676415547e-39 -2.698889632e-39
86601 -0.0133734995 -5.676415547e-39 -2.698889632e-39
86701 -0.0133734995 -5.676415547e-39 -2.698889632e-39
86801 -0.0133734995 -5.676415547e-39 -2.698889632e-39
86901 -0.0133734995 -5.676415547e-39 -2.698889632e-39
87001 -0.0133734995 -5.676415547e-39 -2.698889632e-39
87101 -0.0133734995 -5.676415547e-39 -2.698889632e-39
87201 -0.0133734995 -5.676415547e-39 -2.698889632e-39
87301 -0.0133734995 -5.676415547e-39 -2.698889632e-39
87401 -0.0133734995 -5.676415547e-39 -2.698889632e-39
87501 -0.0133734995 -5.676415547e-39 -2.698889632e-39
87601 -0.0133734995 -5.676415547e-39 -2.698889632e-39
87701 -0.0133734995 -5.676415547e-39 -2.698889632e-39
87801 -0.0133734995 -5.676415547e-39 -2.698889632e-39
87901 -0.0133734995 -5.676415547e-39 -2.698889632e-39
88001 -0.0133734995 -5.676415547e-39 -2.698889632e-39
88101 -0.0133734995 -5.676415547e-39 -2.698889632e-39
88201 -0.0133734995 -5.676415547e-39 -2.698889632e-39
88301 -0.0133734995 -5.676415547e-39 -2.698889632e-39
88401 -0.0133734995 -5.676415547e-39 -2.698889632e-39
88501 -0.0133734995 -5.676415547e-39 -2.698889632e-39
88601 -0.0133734995 -5.676415547e-39 -2.698889632e-39
88701 -0.0133734995 -5.676415547e-39 -2.698889632e-39
88801 -0.0133734995 -5.676415547e-39 -2.698889632e-39
88901 -0.0133734995 -5.676415547e-39 -2.698889632e-39
89001 -0.0133734995 -5.676415547e-39 -2.698889632e-39
89101 -0.0133734995 -5.676415547e-39 -2.698889632e-39
89201 -0.0133734995 -5.676415547e-39 -2.698889632e-39
89301 -0.0133734995 -5.676415547e-39 -2.698889632e-39
89401 -0.0133734995 -5.676415547e-39 -2.698889632e-39
89501 -0.0133734995 -5.676415547e-39 -2.698889632e-39
89601 -0.0133734995 -5.676415547e-39 -2.698889632e-39
89701 -0.0133734995 -5.676415547e-39 -2.698889632e-39
89801 -0.0133734995 -5.676415547e-39 -2.698889632e-39
89901 -0.0133734995 -5.676415547e-39 -2.698889632e-39
90001 -0.0133734995 -5.676415547e-39 -2.698889632e-39
90101 -0.0133734995 -5.676415547e-39 -2.698889632e-39
90201 -0.0133734995 -5.676415547e-39 -2.698889632e-39
90301 -0.0133734995 -5.676415547e-39 -2.698889632e-39
90401 -0.0133734995 -5.676415547e-39 -2.698889632e-39
90501 -0.0133734995 -5.676415547e-39 -2.698889632e-39
90601 -0.0133734995 -5.676415547e-39 -2.698889632e-39
90701 -0.0133734995 -5.676415547e-39 -2.698889632e-39
90801 -0.0133734995 -5.676415547e-39 -2.698889632e-39
90901 -0.0133734995 -5.676415547e-39 -2.698889632e-39
91001 -0.0133734995 -5.676415547e-39 -2.698889632e-39
91101 -0.0133734995 -5.676415547e-39 -2.698889632e-39
91201 -0.0133734995 -5.676415547e-39 -2.698889632e-39
91301 -0.0133734995 -5.676415547e-39 -2.698889632e-39
91401 -0.0133734995 -5.676415547e-39 -2.698889632e-39
91501 -0.0133734995 -5.676415547e-39 -2.698889632e-39
91601 -0.0133734995 -5.676415547e-39 -2.698889632e-39
91701 -0.0133734995 -5.676415547e-39 -2.698889632e-39
91801 -0.0133734995 -5.676415547e-39 -2.698889632e-39
91901 -0.0133734995 -5.676415547e-39 -2.698889632e-39
92001 -0.0133734995 -5.676415547e-39 -2.698889632e-39
92101 -0.0133734995 -5.676415547e-39 -2.698889632e-39
92201 -0.0133734995 -5.676415547e-39 -2.698889632e-39
92301 -0.0133734995 -5.676415547e-39 -2.698889632e-39
92401 -0.0133734995 -5.676415547e-39 -2.698889632e-39
92501 -0.0133734995 -5.676415547e-39 -2.698889632e-39
92601 -0.0133734995 -5.676415547e-39 -2.698889632e-39
92701 -0.0133734995 -5.676415547e-39 -2.698889632e-39
92801 -0.0133734995 -5.676415547e-39 -2.698889632e-39
92901 -0.0133734995 -5.676415547e-39 -2.698889632e-39
93001 -0.0133734995 -5.676415547e-39 -2.698889632e-39
93101 -0.0133734995 -5.676415547e-39 -2.698889632e-39
93201 -0.0133734995 -5.676415547e-39 -2.698889632e-39
93301 -0.0133734995 -5.676415547e-39 -2.698889632e-39
93401 -0.0133734995 -5.676415547e-39 -2.698889632e-39
93501 -0.0133734995 -5.676415547e-39 -2.698889632e-39
93601 -0.0133734995 -5.676415547e-39 -2.698889632e-39
93701 -0.0133734995 -5.676415547e-39 -2.698889632e-39
93801 -0.0133734995 -5.676415547e-39 -2.698889632e-39
93901 -0.0133734995 -5.676415547e-39 -2.698889632e-39
94001 -0.0133734995 -5.676415547e-39 -2.698889632e-39
94101 -0.0133734995 -5.676415547e-39 -2.698889632e-39
94201 -0.0133734995 -5.676415547e-39 -2.698889632e-39
94301 -0.0133734995 -5.676415547e-39 -2.698889632e-39
94401 -0.0133734995 -5.676415547e-39 -2.698889632e-39
94501 -0.0133734995 -5.676415547e-39 -2.698889632e-39
94601 -0.0133734995 -5.676415547e-39 -2.698889632e-39
94701 -0.0133734995 -5.676415547e-39 -2.698889632e-39
94801 -0.0133734995 -5.676415547e-39 -2.698889632e-39
94901 -0.0133734995 -5.676415547e-39 -2.698889632e-39
95001 -0.0133734995 -5.676415547e-39 -2.698889632e-39
95101 -0.0133734995 -5.676415547e-39 -2.698889632e-39
95201 -0.0133734995 -5.676415547e-39 -2.698889632e-39
95301 -0.0133734995 -5.676415547e-39 -2.698889632e-39
95401 -0.0133734995 -5.676415547e-39 -2.698889632e-39
95501 -0.0133734995 -5.676415547e-39 -2.698889632e-39
95601 -0.0133734995 -5.676415547e-39 -2.698889632e-39
95701 -0.0133734995 -5.676415547e-39 -2.698889632e-39
95801 -0.0133734995 -5.676415547e-39 -2.698889632e-39
95901 -0.0133734995 -5.676415547e-39 -2.698889632e-39
96001 -0.0133734995 -5.676415547e-39 -2.698889632e-39
96101 -0.0133734995 -5.676415547e-39 -2.698889632e-39
96201 -0.0133734995 -5.676415547e-39 -2.698889632e-39
96301 -0.0133734995 -5.676415547e-39 -2.698889632e-39
96401 -0.0133734995 -5.676415547e-39 -2.698889632e-39
96501 -0.0133734995 -5.676415547e-39 -2.698889632e-39
96601 -0.0133734995 -5.676415547e-39 -2.698889632e-39
96701 -0.0133734995 -5.676415547e-39 -2.698889632e-39
96801 -0.0133734995 -5.676415547e-39 -2.698889632e-39
96901 -0.0133734995 -5.676415547e-39 -2.698889632e-39
97001 -0.0133734995 -5.676415547e-39 -2.698889632e-39
97101 -0.0133734995 -5.676415547e-39 -2.698889632e-39
97201 -0.0133734995 -5.676415547e-39 -2.698889632e-39
97301 -0.0133734995 -5.676415547e-39 -2.698889632e-39
97401 -0.0133734995 -5.676415547e-39 -2.698889632e-39
97501 -0.0133734995 -5.676415547e-39 -2.698889632e-39
97601 -0.0133734995 -5.676415547e-39 -2.698889632e-39
97701 -0.0133734995 -5.676415547e-39 -2.698889632e-39
97801 -0.0133734995 -5.676415547e-39 -2.698889632e-39
97901 -0.0133734995 -5.676415547e-39 -2.698889632e-39
98001 -0.0133734995 -5.676415547e-39 -2.698889632e-39
98101 -0.0133734995 -5.676415547e-39 -2.698889632e-39
98201 -0.0133734995 -5.676415547e-39 -2.698889632e-39
98301 -0.0133734995 -5.676415547e-39 -2.698889632e-39
98401 -0.0133734995 -5.676415547e-39 -2.698889632e-39
98501 -0.0133734995 -5.676415547e-39 -2.698889632e-39
98601 -0.0133734995 -5.676415547e-39 -2.698889632e-39
98701 -0.0133734995 -5.676415547e-39 -2.698889632e-39
98801 -0.0133734995 -5.676415547e-39 -2.698889632e-39
98901 -0.0133734995 -5.676415547e-39 -2.698889632e-39
99001 -0.0133734995 -5.676415547e-39 -2.698889632e-39
99101 -0.0133734995 -5.676415547e-39 -2.698889632e-39
99201 -0.0133734995 -5.676415547e-39 -2.698889632e-39
99301 -0.0133734995 -5.676415547e-39 -2.698889632e-39
99401 -0.0133734995 -5.676415547e-39 -2.698889632e-39
99501 -0.0133734995 -5.676415547e-39 -2.698889632e-39
99601 -0.0133734995 -5.676415547e-39 -2.698889632e-39
99701 -0.0133734995 -5.676415547e-39 -2.698889632e-39
99801 -0.0133734995 -5.676415547e-39 -2.698889632e-39
99901 -0.0133734995 -5.676415547e-39 -2.698889632e-39
