0 -0.0167472 -3.00171e-39 -1.41545e-39
1 -0.0167472 -3.00171e-39 -1.415451579e-39
251 -0.01674724696 -3.001706722e-39 -1.415451579e-39
501 -0.01674724696 -3.001706722e-39 -1.415451579e-39
751 -0.01674724696 -3.001706722e-39 -1.415451579e-39
1001 -0.01674724696 -3.001706722e-39 -1.415451579e-39
1251 -0.01674724696 -3.001706722e-39 -1.415451579e-39
1501 -0.01674724696 -3.001706722e-39 -1.415451579e-39
1751 -0.01674724696 -3.001706722e-39 -1.415451579e-39
2001 -0.01674724696 -3.001706722e-39 -1.415451579e-39
2251 -0.01674724696 -3.001706722e-39 -1.415451579e-39
2501 -0.01674724696 -3.001706722e-39 -1.415451579e-39
2751 -0.01674724696 -3.001706722e-39 -1.415451579e-39
3001 -0.01674724696 -3.001706722e-39 -1.415451579e-39
3251 -0.01674724696 -3.001706722e-39 -1.415451579e-39
3501 -0.01674724696 -3.001706722e-39 -1.415451579e-39
3751 -0.01674724696 -3.001706722e-39 -1.415451579e-39
4001 -0.01674724696 -3.001706722e-39 -1.415451579e-39
4251 -0.01674724696 -3.001706722e-39 -1.415451579e-39
4501 -0.01674724696 -3.001706722e-39 -1.415451579e-39
4751 -0.01674724696 -3.001706722e-39 -1.415451579e-39
5001 -0.01674724696 -3.001706722e-39 -1.415451579e-39
5251 -0.01674724696 -3.001706722e-39 -1.415451579e-39
5501 -0.01674724696 -3.001706722e-39 -1.415451579e-39
5751 -0.01674724696 -3.001706722e-39 -1.415451579e-39
6001 -0.01674724696 -3.001706722e-39 -1.415451579e-39
6251 -0.01674724696 -3.001706722e-39 -1.415451579e-39
6501 -0.01674724696 -3.001706722e-39 -1.415451579e-39
6751 -0.01674724696 -3.001706722e-39 -1.415451579e-39
7001 -0.01674724696 -3.001706722e-39 -1.415451579e-39
7251 -0.01674724696 -3.001706722e-39 -1.415451579e-39
7501 -0.01674724696 -3.001706722e-39 -1.415451579e-39
7751 -0.01674724696 -3.001706722e-39 -1.415451579e-39
8001 -0.01674724696 -3.001706722e-39 -1.415451579e-39
8251 -0.01674724696 -3.001706722e-39 -1.415451579e-39
8501 -0.01674724696 -3.001706722e-39 -1.415451579e-39
8751 -0.01674724696 -3.001706722e-39 -1.415451579e-39
9001 -0.01674724696 -3.001706722e-39 -1.415451579e-39
9251 -0.01674724696 -3.001706722e-39 -1.415451579e-39
9501 -0.01674724696 -3.001706722e-39 -1.415451579e-39
9751 -0.01674724696 -3.001706722e-39 -1.415451579e-39
10001 -0.01674724696 -3.001706722e-39 -1.415451579e-39
10251 -0.01674724696 -3.001706722e-39 -1.415451579e-39
10501 -0.01674724696 -3.001706722e-39 -1.415451579e-39
10751 -0.01674724696 -3.001706722e-39 -1.415451579e-39
11001 -0.01674724696 -3.001706722e-39 -1.415451579e-39
11251 -0.01674724696 -3.001706722e-39 -1.415451579e-39
11501 -0.01674724696 -3.001706722e-39 -1.415451579e-39
11751 -0.01674724696 -3.001706722e-39 -1.415451579e-39
12001 -0.01674724696 -3.001706722e-39 -1.415451579e-39
12251 -0.01674724696 -3.001706722e-39 -1.415451579e-39
12501 -0.01674724696 -3.001706722e-39 -1.415451579e-39
12751 -0.01674724696 -3.001706722e-39 -1.415451579e-39
13001 -0.01674724696 -3.001706722e-39 -1.415451579e-39
13251 -0.01674724696 -3.001706722e-39 -1.415451579e-39
13501 -0.01674724696 -3.001706722e-39 -1.415451579e-39
13751 -0.01674724696 -3.001706722e-39 -1.415451579e-39
14001 -0.01674724696 -3.001706722e-39 -1.415451579e-39
14251 -0.01674724696 -3.001706722e-39 -1.415451579e-39
14501 -0.01674724696 -3.001706722e-39 -1.415451579e-39
14751 -0.01674724696 -3.001706722e-39 -1.415451579e-39
15001 -0.01674724696 -3.001706722e-39 -1.415451579e-39
15251 -0.01674724696 -3.001706722e-39 -1.415451579e-39
15501 -0.01674724696 -3.001706722e-39 -1.415451579e-39
15751 -0.01674724696 -3.001706722e-39 -1.415451579e-39
16001 -0.01674724696 -3.001706722e-39 -1.415451579e-39
16251 -0.01674724696 -3.001706722e-39 -1.415451579e-39
16501 -0.01674724696 -3.001706722e-39 -1.415451579e-39
16751 -0.01674724696 -3.001706722e-39 -1.415451579e-39
17001 -0.01674724696 -3.001706722e-39 -1.415451579e-39
17251 -0.01674724696 -3.001706722e-39 -1.415451579e-39
17501 -0.01674724696 -3.001706722e-39 -1.415451579e-39
17751 -0.01674724696 -3.001706722e-39 -1.415451579e-39
18001 -0.01674724696 -3.001706722e-39 -1.415451579e-39
18251 -0.01674724696 -3.001706722e-39 -1.415451579e-39
18501 -0.01674724696 -3.001706722e-39 -1.415451579e-39
18751 -0.01674724696 -3.001706722e-39 -1.415451579e-39
19001 -0.01674724696 -3.001706722e-39 -1.415451579e-39
19251 -0.01674724696 -3.001706722e-39 -1.415451579e-39
19501 -0.01674724696 -3.001706722e-39 -1.415451579e-39
19751 -0.01674724696 -3.001706722e-39 -1.415451579e-39
20001 -0.01674724696 -3.001706722e-39 -1.415451579e-39
20251 -0.01674724696 -3.001706722e-39 -1.415451579e-39
20501 -0.01674724696 -3.001706722e-39 -1.415451579e-39
20751 -0.01674724696 -3.001706722e-39 -1.415451579e-39
21001 -0.01674724696 -3.001706722e-39 -1.415451579e-39
21251 -0.01674724696 -3.001706722e-39 -1.415451579e-39
21501 -0.01674724696 -3.001706722e-39 -1.415451579e-39
21751 -0.01674724696 -3.001706722e-39 -1.415451579e-39
22001 -0.01674724696 -3.001706722e-39 -1.415451579e-39
22251 -0.01674724696 -3.001706722e-39 -1.415451579e-39
22501 -0.01674724696 -3.001706722e-39 -1.415451579e-39
22751 -0.01674724696 -3.001706722e-39 -1.415451579e-39
23001 -0.01674724696 -3.001706722e-39 -1.415451579e-39
23251 -0.01674724696 -3.001706722e-39 -1.415451579e-39
23501 -0.01674724696 -3.001706722e-39 -1.415451579e-39
23751 -0.01674724696 -3.001706722e-39 -1.415451579e-39
24001 -0.01674724696 -3.001706722e-39 -1.415451579e-39
24251 -0.01674724696 -3.001706722e-39 -1.415451579e-39
24501 -0.01674724696 -3.001706722e-39 -1.415451579e-39
24751 -0.01674724696 -3.001706722e-39 -1.415451579e-39
25001 -0.01674724696 -3.001706722e-39 -1.415451579e-39
25251 -0.01674724696 -3.001706722e-39 -1.415451579e-39
25501 -0.01674724696 -3.001706722e-39 -1.415451579e-39
25751 -0.01674724696 -3.001706722e-39 -1.415451579e-39
26001 -0.01674724696 -3.001706722e-39 -1.415451579e-39
26251 -0.01674724696 -3.001706722e-39 -1.415451579e-39
26501 -0.01674724696 -3.001706722e-39 -1.415451579e-39
26751 -0.01674724696 -3.001706722e-39 -1.415451579e-39
27001 -0.01674724696 -3.001706722e-39 -1.415451579e-39
27251 -0.01674724696 -3.001706722e-39 -1.415451579e-39
27501 -0.01674724696 -3.001706722e-39 -1.415451579e-39
27751 -0.01674724696 -3.001706722e-39 -1.415451579e-39
28001 -0.01674724696 -3.001706722e-39 -1.415451579e-39
28251 -0.01674724696 -3.001706722e-39 -1.415451579e-39
28501 -0.01674724696 -3.001706722e-39 -1.415451579e-39
28751 -0.01674724696 -3.001706722e-39 -1.415451579e-39
29001 -0.01674724696 -3.001706722e-39 -1.415451579e-39
29251 -0.01674724696 -3.001706722e-39 -1.415451579e-39
29501 -0.01674724696 -3.001706722e-39 -1.415451579e-39
29751 -0.01674724696 -3.001706722e-39 -1.415451579e-39
30001 -0.01674724696 -3.001706722e-39 -1.415451579e-39
30251 -0.01674724696 -3.001706722e-39 -1.415451579e-39
30501 -0.01674724696 -3.001706722e-39 -1.415451579e-39
30751 -0.01674724696 -3.001706722e-39 -1.415451579e-39
31001 -0.01674724696 -3.001706722e-39 -1.415451579e-39
31251 -0.01674724696 -3.001706722e-39 -1.415451579e-39
31501 -0.01674724696 -3.001706722e-39 -1.415451579e-39
31751 -0.01674724696 -3.001706722e-39 -1.415451579e-39
32001 -0.01674724696 -3.001706722e-39 -1.415451579e-39
32251 -0.01674724696 -3.001706722e-39 -1.415451579e-39
32501 -0.01674724696 -3.001706722e-39 -1.415451579e-39
32751 -0.01674724696 -3.001706722e-39 -1.415451579e-39
33001 -0.01674724696 -3.001706722e-39 -1.415451579e-39
33251 -0.01674724696 -3.001706722e-39 -1.415451579e-39
33501 -0.01674724696 -3.001706722e-39 -1.415451579e-39
33751 -0.01674724696 -3.001706722e-39 -1.415451579e-39
34001 -0.01674724696 -3.001706722e-39 -1.415451579e-39
34251 -0.01674724696 -3.001706722e-39 -1.415451579e-39
34501 -0.01674724696 -3.001706722e-39 -1.415451579e-39
34751 -0.01674724696 -3.001706722e-39 -1.415451579e-39
35001 -0.01674724696 -3.001706722e-39 -1.415451579e-39
35251 -0.01674724696 -3.001706722e-39 -1.415451579e-39
35501 -0.01674724696 -3.001706722e-39 -1.415451579e-39
35751 -0.01674724696 -3.001706722e-39 -1.415451579e-39
36001 -0.01674724696 -3.001706722e-39 -1.415451579e-39
36251 -0.01674724696 -3.001706722e-39 -1.415451579e-39
36501 -0.01674724696 -3.001706722e-39 -1.415451579e-39
36751 -0.01674724696 -3.001706722e-39 -1.415451579e-39
37001 -0.01674724696 -3.001706722e-39 -1.415451579e-39
37251 -0.01674724696 -3.001706722e-39 -1.415451579e-39
37501 -0.01674724696 -3.001706722e-39 -1.415451579e-39
37751 -0.01674724696 -3.001706722e-39 -1.415451579e-39
38001 -0.01674724696 -3.001706722e-39 -1.415451579e-39
38251 -0.01674724696 -3.001706722e-39 -1.415451579e-39
38501 -0.01674724696 -3.001706722e-39 -1.415451579e-39
38751 -0.01674724696 -3.001706722e-39 -1.415451579e-39
39001 -0.01674724696 -3.001706722e-39 -1.415451579e-39
39251 -0.01674724696 -3.001706722e-39 -1.415451579e-39
39501 -0.01674724696 -3.001706722e-39 -1.415451579e-39
39751 -0.01674724696 -3.001706722e-39 -1.415451579e-39
40001 -0.01674724696 -3.001706722e-39 -1.415451579e-39
40251 -0.01674724696 -3.001706722e-39 -1.415451579e-39
40501 -0.01674724696 -3.001706722e-39 -1.415451579e-39
40751 -0.01674724696 -3.001706722e-39 -1.415451579e-39
41001 -0.01674724696 -3.001706722e-39 -1.415451579e-39
41251 -0.01674724696 -3.001706722e-39 -1.415451579e-39
41501 -0.01674724696 -3.001706722e-39 -1.415451579e-39
41751 -0.01674724696 -3.001706722e-39 -1.415451579e-39
42001 -0.01674724696 -3.001706722e-39 -1.415451579e-39
42251 -0.01674724696 -3.001706722e-39 -1.415451579e-39
42501 -0.01674724696 -3.001706722e-39 -1.415451579e-39
42751 -0.01674724696 -3.001706722e-39 -1.415451579e-39
43001 -0.01674724696 -3.001706722e-39 -1.415451579e-39
43251 -0.01674724696 -3.001706722e-39 -1.415451579e-39
43501 -0.01674724696 -3.001706722e-39 -1.415451579e-39
43751 -0.01674724696 -3.001706722e-39 -1.415451579e-39
44001 -0.01674724696 -3.001706722e-39 -1.415451579e-39
44251 -0.01674724696 -3.001706722e-39 -1.415451579e-39
44501 -0.01674724696 -3.001706722e-39 -1.415451579e-39
44751 -0.01674724696 -3.001706722e-39 -1.415451579e-39
45001 -0.01674724696 -3.001706722e-39 -1.415451579e-39
45251 -0.01674724696 -3.001706722e-39 -1.415451579e-39
45501 -0.01674724696 -3.001706722e-39 -1.415451579e-39
45751 -0.01674724696 -3.001706722e-39 -1.415451579e-39
46001 -0.01674724696 -3.001706722e-39 -1.415451579e-39
46251 -0.01674724696 -3.001706722e-39 -1.415451579e-39
46501 -0.01674724696 -3.001706722e-39 -1.415451579e-39
46751 -0.01674724696 -3.001706722e-39 -1.415451579e-39
47001 -0.01674724696 -3.001706722e-39 -1.415451579e-39
47251 -0.01674724696 -3.001706722e-39 -1.415451579e-39
47501 -0.01674724696 -3.001706722e-39 -1.415451579e-39
47751 -0.01674724696 -3.001706722e-39 -1.415451579e-39
48001 -0.01674724696 -3.001706722e-39 -1.415451579e-39
48251 -0.01674724696 -3.001706722e-39 -1.415451579e-39
48501 -0.01674724696 -3.001706722e-39 -1.415451579e-39
48751 -0.01674724696 -3.001706722e-39 -1.415451579e-39
49001 -0.01674724696 -3.001706722e-39 -1.415451579e-39
49251 -0.01674724696 -3.001706722e-39 -1.415451579e-39
49501 -0.01674724696 -3.001706722e-39 -1.415451579e-39
49751 -0.01674724696 -3.001706722e-39 -1.415451579e-39
50001 -0.01674724696 -3.001706722e-39 -1.415451579e-39
50251 -0.01674724696 -3.001706722e-39 -1.415451579e-39
50501 -0.01674724696 -3.001706722e-39 -1.415451579e-39
50751 -0.01674724696 -3.001706722e-39 -1.415451579e-39
51001 -0.01674724696 -3.001706722e-39 -1.415451579e-39
51251 -0.01674724696 -3.001706722e-39 -1.415451579e-39
51501 -0.01674724696 -3.001706722e-39 -1.415451579e-39
51751 -0.01674724696 -3.001706722e-39 -1.415451579e-39
52001 -0.01674724696 -3.001706722e-39 -1.415451579e-39
52251 -0.01674724696 -3.001706722e-39 -1.415451579e-39
52501 -0.01674724696 -3.001706722e-39 -1.415451579e-39
52751 -0.01674724696 -3.001706722e-39 -1.415451579e-39
53001 -0.01674724696 -3.001706722e-39 -1.415451579e-39
53251 -0.01674724696 -3.001706722e-39 -1.415451579e-39
53501 -0.01674724696 -3.001706722e-39 -1.415451579e-39
53751 -0.01674724696 -3.001706722e-39 -1.415451579e-39
54001 -0.01674724696 -3.001706722e-39 -1.415451579e-39
54251 -0.01674724696 -3.001706722e-39 -1.415451579e-39
54501 -0.01674724696 -3.001706722e-39 -1.415451579e-39
54751 -0.01674724696 -3.001706722e-39 -1.415451579e-39
55001 -0.01674724696 -3.001706722e-39 -1.415451579e-39
55251 -0.01674724696 -3.001706722e-39 -1.415451579e-39
55501 -0.01674724696 -3.001706722e-39 -1.415451579e-39
55751 -0.01674724696 -3.001706722e-39 -1.415451579e-39
56001 -0.01674724696 -3.001706722e-39 -1.415451579e-39
56251 -0.01674724696 -3.001706722e-39 -1.415451579e-39
56501 -0.01674724696 -3.001706722e-39 -1.415451579e-39
56751 -0.01674724696 -3.001706722e-39 -1.415451579e-39
57001 -0.01674724696 -3.001706722e-39 -1.415451579e-39
57251 -0.01674724696 -3.001706722e-39 -1.415451579e-39
57501 -0.01674724696 -3.001706722e-39 -1.415451579e-39
57751 -0.01674724696 -3.001706722e-39 -1.415451579e-39
58001 -0.01674724696 -3.001706722e-39 -1.415451579e-39
58251 -0.01674724696 -3.001706722e-39 -1.415451579e-39
58501 -0.01674724696 -3.001706722e-39 -1.415451579e-39
58751 -0.01674724696 -3.001706722e-39 -1.415451579e-39
59001 -0.01674724696 -3.001706722e-39 -1.415451579e-39
59251 -0.01674724696 -3.001706722e-39 -1.415451579e-39
59501 -0.01674724696 -3.001706722e-39 -1.415451579e-39
59751 -0.01674724696 -3.001706722e-39 -1.415451579e-39
60001 -0.01674724696 -3.001706722e-39 -1.415451579e-39
60251 -0.01674724696 -3.001706722e-39 -1.415451579e-39
60501 -0.01674724696 -3.001706722e-39 -1.415451579e-39
60751 -0.01674724696 -3.001706722e-39 -1.415451579e-39
61001 -0.01674724696 -3.001706722e-39 -1.415451579e-39
61251 -0.01674724696 -3.001706722e-39 -1.415451579e-39
61501 -0.01674724696 -3.001706722e-39 -1.415451579e-39
61751 -0.01674724696 -3.001706722e-39 -1.415451579e-39
62001 -0.01674724696 -3.001706722e-39 -1.415451579e-39
62251 -0.01674724696 -3.001706722e-39 -1.415451579e-39
62501 -0.01674724696 -3.001706722e-39 -1.415451579e-39
62751 -0.01674724696 -3.001706722e-39 -1.415451579e-39
63001 -0.01674724696 -3.001706722e-39 -1.415451579e-39
63251 -0.01674724696 -3.001706722e-39 -1.415451579e-39
63501 -0.01674724696 -3.001706722e-39 -1.415451579e-39
63751 -0.01674724696 -3.001706722e-39 -1.415451579e-39
64001 -0.01674724696 -3.001706722e-39 -1.415451579e-39
64251 -0.01674724696 -3.001706722e-39 -1.415451579e-39
64501 -0.01674724696 -3.001706722e-39 -1.415451579e-39
64751 -0.01674724696 -3.001706722e-39 -1.415451579e-39
65001 -0.01674724696 -3.001706722e-39 -1.415451579e-39
65251 -0.01674724696 -3.001706722e-39 -1.415451579e-39
65501 -0.01674724696 -3.001706722e-39 -1.415451579e-39
65751 -0.01674724696 -3.001706722e-39 -1.415451579e-39
66001 -0.01674724696 -3.001706722e-39 -1.415451579e-39
66251 -0.01674724696 -3.001706722e-39 -1.415451579e-39
66501 -0.01674724696 -3.001706722e-39 -1.415451579e-39
66751 -0.01674724696 -3.001706722e-39 -1.415451579e-39
67001 -0.01674724696 -3.001706722e-39 -1.415451579e-39
67251 -0.01674724696 -3.001706722e-39 -1.415451579e-39
67501 -0.01674724696 -3.001706722e-39 -1.415451579e-39
67751 -0.01674724696 -3.001706722e-39 -1.415451579e-39
68001 -0.01674724696 -3.001706722e-39 -1.415451579e-39
68251 -0.01674724696 -3.001706722e-39 -1.415451579e-39
68501 -0.01674724696 -3.001706722e-39 -1.415451579e-39
68751 -0.01674724696 -3.001706722e-39 -1.415451579e-39
69001 -0.01674724696 -3.001706722e-39 -1.415451579e-39
69251 -0.01674724696 -3.001706722e-39 -1.415451579e-39
69501 -0.01674724696 -3.001706722e-39 -1.415451579e-39
69751 -0.01674724696 -3.001706722e-39 -1.415451579e-39
70001 -0.01674724696 -3.001706722e-39 -1.415451579e-39
70251 -0.01674724696 -3.001706722e-39 -1.415451579e-39
70501 -0.01674724696 -3.001706722e-39 -1.415451579e-39
70751 -0.01674724696 -3.001706722e-39 -1.415451579e-39
71001 -0.01674724696 -3.001706722e-39 -1.415451579e-39
71251 -0.01674724696 -3.001706722e-39 -1.415451579e-39
71501 -0.01674724696 -3.001706722e-39 -1.415451579e-39
71751 -0.01674724696 -3.001706722e-39 -1.415451579e-39
72001 -0.01674724696 -3.001706722e-39 -1.415451579e-39
72251 -0.01674724696 -3.001706722e-39 -1.415451579e-39
72501 -0.01674724696 -3.001706722e-39 -1.415451579e-39
72751 -0.01674724696 -3.001706722e-39 -1.415451579e-39
73001 -0.01674724696 -3.001706722e-39 -1.415451579e-39
73251 -0.01674724696 -3.001706722e-39 -1.415451579e-39
73501 -0.01674724696 -3.001706722e-39 -1.415451579e-39
73751 -0.01674724696 -3.001706722e-39 -1.415451579e-39
74001 -0.01674724696 -3.001706722e-39 -1.415451579e-39
74251 -0.01674724696 -3.001706722e-39 -1.415451579e-39
74501 -0.01674724696 -3.001706722e-39 -1.415451579e-39
74751 -0.01674724696 -3.001706722e-39 -1.415451579e-39
75001 -0.01674724696 -3.001706722e-39 -1.415451579e-39
75251 -0.01674724696 -3.001706722e-39 -1.415451579e-39
75501 -0.01674724696 -3.001706722e-39 -1.415451579e-39
75751 -0.01674724696 -3.001706722e-39 -1.415451579e-39
76001 -0.01674724696 -3.001706722e-39 -1.415451579e-39
76251 -0.01674724696 -3.001706722e-39 -1.415451579e-39
76501 -0.01674724696 -3.001706722e-39 -1.415451579e-39
76751 -0.01674724696 -3.001706722e-39 -1.415451579e-39
77001 -0.01674724696 -3.001706722e-39 -1.415451579e-39
77251 -0.01674724696 -3.001706722e-39 -1.415451579e-39
77501 -0.01674724696 -3.001706722e-39 -1.415451579e-39
77751 -0.01674724696 -3.001706722e-39 -1.415451579e-39
78001 -0.01674724696 -3.001706722e-39 -1.415451579e-39
78251 -0.01674724696 -3.001706722e-39 -1.415451579e-39
78501 -0.01674724696 -3.001706722e-39 -1.415451579e-39
78751 -0.01674724696 -3.001706722e-39 -1.415451579e-39
79001 -0.01674724696 -3.001706722e-39 -1.415451579e-39
79251 -0.01674724696 -3.001706722e-39 -1.415451579e-39
79501 -0.01674724696 -3.001706722e-39 -1.415451579e-39
79751 -0.01674724696 -3.001706722e-39 -1.415451579e-39
80001 -0.01674724696 -3.001706722e-39 -1.415451579e-39
80251 -0.01674724696 -3.001706722e-39 -1.415451579e-39
80501 -0.01674724696 -3.001706722e-39 -1.415451579e-39
80751 -0.01674724696 -3.001706722e-39 -1.415451579e-39
81001 -0.01674724696 -3.001706722e-39 -1.415451579e-39
81251 -0.01674724696 -3.001706722e-39 -1.415451579e-39
81501 -0.01674724696 -3.001706722e-39 -1.415451579e-39
81751 -0.01674724696 -3.001706722e-39 -1.415451579e-39
82001 -0.01674724696 -3.001706722e-39 -1.415451579e-39
82251 -0.01674724696 -3.001706722e-39 -1.415451579e-39
82501 -0.01674724696 -3.001706722e-39 -1.415451579e-39
82751 -0.01674724696 -3.001706722e-39 -1.415451579e-39
83001 -0.01674724696 -3.001706722e-39 -1.415451579e-39
83251 -0.01674724696 -3.001706722e-39 -1.415451579e-39
83501 -0.01674724696 -3.001706722e-39 -1.415451579e-39
83751 -0.01674724696 -3.001706722e-39 -1.415451579e-39
84001 -0.01674724696 -3.001706722e-39 -1.415451579e-39
84251 -0.01674724696 -3.001706722e-39 -1.415451579e-39
84501 -0.01674724696 -3.001706722e-39 -1.415451579e-39
84751 -0.01674724696 -3.001706722e-39 -1.415451579e-39
85001 -0.01674724696 -3.001706722e-39 -1.415451579e-39
85251 -0.01674724696 -3.001706722e-39 -1.415451579e-39
85501 -0.01674724696 -3.001706722e-39 -1.415451579e-39
85751 -0.01674724696 -3.001706722e-39 -1.415451579e-39
86001 -0.01674724696 -3.001706722e-39 -1.415451579e-39
86251 -0.01674724696 -3.001706722e-39 -1.415451579e-39
86501 -0.01674724696 -3.001706722e-39 -1.415451579e-39
86751 -0.01674724696 -3.001706722e-39 -1.415451579e-39
87001 -0.01674724696 -3.001706722e-39 -1.415451579e-39
87251 -0.01674724696 -3.001706722e-39 -1.415451579e-39
87501 -0.01674724696 -3.001706722e-39 -1.415451579e-39
87751 -0.01674724696 -3.001706722e-39 -1.415451579e-39
88001 -0.01674724696 -3.001706722e-39 -1.415451579e-39
88251 -0.01674724696 -3.001706722e-39 -1.415451579e-39
88501 -0.01674724696 -3.001706722e-39 -1.415451579e-39
88751 -0.01674724696 -3.001706722e-39 -1.415451579e-39
89001 -0.01674724696 -3.001706722e-39 -1.415451579e-39
89251 -0.01674724696 -3.001706722e-39 -1.415451579e-39
89501 -0.01674724696 -3.001706722e-39 -1.415451579e-39
89751 -0.01674724696 -3.001706722e-39 -1.415451579e-39
90001 -0.01674724696 -3.001706722e-39 -1.415451579e-39
90251 -0.01674724696 -3.001706722e-39 -1.415451579e-39
90501 -0.01674724696 -3.001706722e-39 -1.415451579e-39
90751 -0.01674724696 -3.001706722e-39 -1.415451579e-39
91001 -0.01674724696 -3.001706722e-39 -1.415451579e-39
91251 -0.01674724696 -3.001706722e-39 -1.415451579e-39
91501 -0.01674724696 -3.001706722e-39 -1.415451579e-39
91751 -0.01674724696 -3.001706722e-39 -1.415451579e-39
92001 -0.01674724696 -3.001706722e-39 -1.415451579e-39
92251 -0.01674724696 -3.001706722e-39 -1.415451579e-39
92501 -0.01674724696 -3.001706722e-39 -1.415451579e-39
92751 -0.01674724696 -3.001706722e-39 -1.415451579e-39
93001 -0.01674724696 -3.001706722e-39 -1.415451579e-39
93251 -0.01674724696 -3.001706722e-39 -1.415451579e-39
93501 -0.01674724696 -3.001706722e-39 -1.415451579e-39
93751 -0.01674724696 -3.001706722e-39 -1.415451579e-39
94001 -0.01674724696 -3.001706722e-39 -1.415451579e-39
94251 -0.01674724696 -3.001706722e-39 -1.415451579e-39
94501 -0.01674724696 -3.001706722e-39 -1.415451579e-39
94751 -0.01674724696 -3.001706722e-39 -1.415451579e-39
95001 -0.01674724696 -3.001706722e-39 -1.415451579e-39
95251 -0.01674724696 -3.001706722e-39 -1.415451579e-39
95501 -0.01674724696 -3.001706722e-39 -1.415451579e-39
95751 -0.01674724696 -3.001706722e-39 -1.415451579e-39
96001 -0.01674724696 -3.001706722e-39 -1.415451579e-39
96251 -0.01674724696 -3.001706722e-39 -1.415451579e-39
96501 -0.01674724696 -3.001706722e-39 -1.415451579e-39
96751 -0.01674724696 -3.001706722e-39 -1.415451579e-39
97001 -0.01674724696 -3.001706722e-39 -1.415451579e-39
97251 -0.01674724696 -3.001706722e-39 -1.415451579e-39
97501 -0.01674724696 -3.001706722e-39 -1.415451579e-39
97751 -0.01674724696 -3.001706722e-39 -1.415451579e-39
98001 -0.01674724696 -3.001706722e-39 -1.415451579e-39
98251 -0.01674724696 -3.001706722e-39 -1.415451579e-39
98501 -0.01674724696 -3.001706722e-39 -1.415451579e-39
98751 -0.01674724696 -3.001706722e-39 -1.415451579e-39
99001 -0.01674724696 -3.001706722e-39 -1.415451579e-39
99251 -0.01674724696 -3.001706722e-39 -1.415451579e-39
99501 -0.01674724696 -3.001706722e-39 -1.415451579e-39
99751 -0.01674724696 -3.001706722e-39 -1.415451579e-39
100001 -0.01674724696 -3.001706722e-39 -1.415451579e-39
100251 -0.01674724696 -3.001706722e-39 -1.415451579e-39
100501 -0.01674724696 -3.001706722e-39 -1.415451579e-39
100751 -0.01674724696 -3.001706722e-39 -1.415451579e-39
101001 -0.01674724696 -3.001706722e-39 -1.415451579e-39
101251 -0.01674724696 -3.001706722e-39 -1.415451579e-39
101501 -0.01674724696 -3.001706722e-39 -1.415451579e-39
101751 -0.01674724696 -3.001706722e-39 -1.415451579e-39
102001 -0.01674724696 -3.001706722e-39 -1.415451579e-39
102251 -0.01674724696 -3.001706722e-39 -1.415451579e-39
102501 -0.01674724696 -3.001706722e-39 -1.415451579e-39
102751 -0.01674724696 -3.001706722e-39 -1.415451579e-39
103001 -0.01674724696 -3.001706722e-39 -1.415451579e-39
103251 -0.01674724696 -3.001706722e-39 -1.415451579e-39
103501 -0.01674724696 -3.001706722e-39 -1.415451579e-39
103751 -0.01674724696 -3.001706722e-39 -1.415451579e-39
104001 -0.01674724696 -3.001706722e-39 -1.415451579e-39
104251 -0.01674724696 -3.001706722e-39 -1.415451579e-39
104501 -0.01674724696 -3.001706722e-39 -1.415451579e-39
104751 -0.01674724696 -3.001706722e-39 -1.415451579e-39
105001 -0.01674724696 -3.001706722e-39 -1.415451579e-39
105251 -0.01674724696 -3.001706722e-39 -1.415451579e-39
105501 -0.01674724696 -3.001706722e-39 -1.415451579e-39
105751 -0.01674724696 -3.001706722e-39 -1.415451579e-39
106001 -0.01674724696 -3.001706722e-39 -1.415451579e-39
106251 -0.01674724696 -3.001706722e-39 -1.415451579e-39
106501 -0.01674724696 -3.001706722e-39 -1.415451579e-39
106751 -0.01674724696 -3.001706722e-39 -1.415451579e-39
107001 -0.01674724696 -3.001706722e-39 -1.415451579e-39
107251 -0.01674724696 -3.001706722e-39 -1.415451579e-39
107501 -0.01674724696 -3.001706722e-39 -1.415451579e-39
107751 -0.01674724696 -3.001706722e-39 -1.415451579e-39
108001 -0.01674724696 -3.001706722e-39 -1.415451579e-39
108251 -0.01674724696 -3.001706722e-39 -1.415451579e-39
108501 -0.01674724696 -3.001706722e-39 -1.415451579e-39
108751 -0.01674724696 -3.001706722e-39 -1.415451579e-39
109001 -0.01674724696 -3.001706722e-39 -1.415451579e-39
109251 -0.01674724696 -3.001706722e-39 -1.415451579e-39
109501 -0.01674724696 -3.001706722e-39 -1.415451579e-39
109751 -0.01674724696 -3.001706722e-39 -1.415451579e-39
110001 -0.01674724696 -3.001706722e-39 -1.415451579e-39
110251 -0.01674724696 -3.001706722e-39 -1.415451579e-39
110501 -0.01674724696 -3.001706722e-39 -1.415451579e-39
110751 -0.01674724696 -3.001706722e-39 -1.415451579e-39
111001 -0.01674724696 -3.001706722e-39 -1.415451579e-39
111251 -0.01674724696 -3.001706722e-39 -1.415451579e-39
111501 -0.01674724696 -3.001706722e-39 -1.415451579e-39
111751 -0.01674724696 -3.001706722e-39 -1.415451579e-39
112001 -0.01674724696 -3.001706722e-39 -1.415451579e-39
112251 -0.01674724696 -3.001706722e-39 -1.415451579e-39
112501 -0.01674724696 -3.001706722e-39 -1.415451579e-39
112751 -0.01674724696 -3.001706722e-39 -1.415451579e-39
113001 -0.01674724696 -3.001706722e-39 -1.415451579e-39
113251 -0.01674724696 -3.001706722e-39 -1.415451579e-39
113501 -0.01674724696 -3.001706722e-39 -1.415451579e-39
113751 -0.01674724696 -3.001706722e-39 -1.415451579e-39
114001 -0.01674724696 -3.001706722e-39 -1.415451579e-39
114251 -0.01674724696 -3.001706722e-39 -1.415451579e-39
114501 -0.01674724696 -3.001706722e-39 -1.415451579e-39
114751 -0.01674724696 -3.001706722e-39 -1.415451579e-39
115001 -0.01674724696 -3.001706722e-39 -1.415451579e-39
115251 -0.01674724696 -3.001706722e-39 -1.415451579e-39
115501 -0.01674724696 -3.001706722e-39 -1.415451579e-39
115751 -0.01674724696 -3.001706722e-39 -1.415451579e-39
116001 -0.01674724696 -3.001706722e-39 -1.415451579e-39
116251 -0.01674724696 -3.001706722e-39 -1.415451579e-39
116501 -0.01674724696 -3.001706722e-39 -1.415451579e-39
116751 -0.01674724696 -3.001706722e-39 -1.415451579e-39
117001 -0.01674724696 -3.001706722e-39 -1.415451579e-39
117251 -0.01674724696 -3.001706722e-39 -1.415451579e-39
117501 -0.01674724696 -3.001706722e-39 -1.415451579e-39
117751 -0.01674724696 -3.001706722e-39 -1.415451579e-39
118001 -0.01674724696 -3.001706722e-39 -1.415451579e-39
118251 -0.01674724696 -3.001706722e-39 -1.415451579e-39
118501 -0.01674724696 -3.001706722e-39 -1.415451579e-39
118751 -0.01674724696 -3.001706722e-39 -1.415451579e-39
119001 -0.01674724696 -3.001706722e-39 -1.415451579e-39
119251 -0.01674724696 -3.001706722e-39 -1.415451579e-39
119501 -0.01674724696 -3.001706722e-39 -1.415451579e-39
119751 -0.01674724696 -3.001706722e-39 -1.415451579e-39
120001 -0.01674724696 -3.001706722e-39 -1.415451579e-39
120251 -0.01674724696 -3.001706722e-39 -1.415451579e-39
120501 -0.01674724696 -3.001706722e-39 -1.415451579e-39
120751 -0.01674724696 -3.001706722e-39 -1.415451579e-39
121001 -0.01674724696 -3.001706722e-39 -1.415451579e-39
121251 -0.01674724696 -3.001706722e-39 -1.415451579e-39
121501 -0.01674724696 -3.001706722e-39 -1.415451579e-39
121751 -0.01674724696 -3.001706722e-39 -1.415451579e-39
122001 -0.01674724696 -3.001706722e-39 -1.415451579e-39
122251 -0.01674724696 -3.001706722e-39 -1.415451579e-39
122501 -0.01674724696 -3.001706722e-39 -1.415451579e-39
122751 -0.01674724696 -3.001706722e-39 -1.415451579e-39
123001 -0.01674724696 -3.001706722e-39 -1.415451579e-39
123251 -0.01674724696 -3.001706722e-39 -1.415451579e-39
123501 -0.01674724696 -3.001706722e-39 -1.415451579e-39
123751 -0.01674724696 -3.001706722e-39 -1.415451579e-39
124001 -0.01674724696 -3.001706722e-39 -1.415451579e-39
124251 -0.01674724696 -3.001706722e-39 -1.415451579e-39
124501 -0.01674724696 -3.001706722e-39 -1.415451579e-39
124751 -0.01674724696 -3.001706722e-39 -1.415451579e-39
125001 -0.01674724696 -3.001706722e-39 -1.415451579e-39
125251 -0.01674724696 -3.001706722e-39 -1.415451579e-39
125501 -0.01674724696 -3.001706722e-39 -1.415451579e-39
125751 -0.01674724696 -3.001706722e-39 -1.415451579e-39
126001 -0.01674724696 -3.001706722e-39 -1.415451579e-39
126251 -0.01674724696 -3.001706722e-39 -1.415451579e-39
126501 -0.01674724696 -3.001706722e-39 -1.415451579e-39
126751 -0.01674724696 -3.001706722e-39 -1.415451579e-39
127001 -0.01674724696 -3.001706722e-39 -1.415451579e-39
127251 -0.01674724696 -3.001706722e-39 -1.415451579e-39
127501 -0.01674724696 -3.001706722e-39 -1.415451579e-39
127751 -0.01674724696 -3.001706722e-39 -1.415451579e-39
128001 -0.01674724696 -3.001706722e-39 -1.415451579e-39
128251 -0.01674724696 -3.001706722e-39 -1.415451579e-39
128501 -0.01674724696 -3.001706722e-39 -1.415451579e-39
128751 -0.01674724696 -3.001706722e-39 -1.415451579e-39
129001 -0.01674724696 -3.001706722e-39 -1.415451579e-39
129251 -0.01674724696 -3.001706722e-39 -1.415451579e-39
129501 -0.01674724696 -3.001706722e-39 -1.415451579e-39
129751 -0.01674724696 -3.001706722e-39 -1.415451579e-39
130001 -0.01674724696 -3.001706722e-39 -1.415451579e-39
130251 -0.01674724696 -3.001706722e-39 -1.415451579e-39
130501 -0.01674724696 -3.001706722e-39 -1.415451579e-39
130751 -0.01674724696 -3.001706722e-39 -1.415451579e-39
131001 -0.01674724696 -3.001706722e-39 -1.415451579e-39
131251 -0.01674724696 -3.001706722e-39 -1.415451579e-39
131501 -0.01674724696 -3.001706722e-39 -1.415451579e-39
131751 -0.01674724696 -3.001706722e-39 -1.415451579e-39
132001 -0.01674724696 -3.001706722e-39 -1.415451579e-39
132251 -0.01674724696 -3.001706722e-39 -1.415451579e-39
132501 -0.01674724696 -3.001706722e-39 -1.415451579e-39
132751 -0.01674724696 -3.001706722e-39 -1.415451579e-39
133001 -0.01674724696 -3.001706722e-39 -1.415451579e-39
133251 -0.01674724696 -3.001706722e-39 -1.415451579e-39
133501 -0.01674724696 -3.001706722e-39 -1.415451579e-39
133751 -0.01674724696 -3.001706722e-39 -1.415451579e-39
134001 -0.01674724696 -3.001706722e-39 -1.415451579e-39
134251 -0.01674724696 -3.001706722e-39 -1.415451579e-39
134501 -0.01674724696 -3.001706722e-39 -1.415451579e-39
134751 -0.01674724696 -3.001706722e-39 -1.415451579e-39
135001 -0.01674724696 -3.001706722e-39 -1.415451579e-39
135251 -0.01674724696 -3.001706722e-39 -1.415451579e-39
135501 -0.01674724696 -3.001706722e-39 -1.415451579e-39
135751 -0.01674724696 -3.001706722e-39 -1.415451579e-39
136001 -0.01674724696 -3.001706722e-39 -1.415451579e-39
136251 -0.01674724696 -3.001706722e-39 -1.415451579e-39
136501 -0.01674724696 -3.001706722e-39 -1.415451579e-39
136751 -0.01674724696 -3.001706722e-39 -1.415451579e-39
137001 -0.01674724696 -3.001706722e-39 -1.415451579e-39
137251 -0.01674724696 -3.001706722e-39 -1.415451579e-39
137501 -0.01674724696 -3.001706722e-39 -1.415451579e-39
137751 -0.01674724696 -3.001706722e-39 -1.415451579e-39
138001 -0.01674724696 -3.001706722e-39 -1.415451579e-39
138251 -0.01674724696 -3.001706722e-39 -1.415451579e-39
138501 -0.01674724696 -3.001706722e-39 -1.415451579e-39
138751 -0.01674724696 -3.001706722e-39 -1.415451579e-39
139001 -0.01674724696 -3.001706722e-39 -1.415451579e-39
139251 -0.01674724696 -3.001706722e-39 -1.415451579e-39
139501 -0.01674724696 -3.001706722e-39 -1.415451579e-39
139751 -0.01674724696 -3.001706722e-39 -1.415451579e-39
140001 -0.01674724696 -3.001706722e-39 -1.415451579e-39
140251 -0.01674724696 -3.001706722e-39 -1.415451579e-39
140501 -0.01674724696 -3.001706722e-39 -1.415451579e-39
140751 -0.01674724696 -3.001706722e-39 -1.415451579e-39
141001 -0.01674724696 -3.001706722e-39 -1.415451579e-39
141251 -0.01674724696 -3.001706722e-39 -1.415451579e-39
141501 -0.01674724696 -3.001706722e-39 -1.415451579e-39
141751 -0.01674724696 -3.001706722e-39 -1.415451579e-39
142001 -0.01674724696 -3.001706722e-39 -1.415451579e-39
142251 -0.01674724696 -3.001706722e-39 -1.415451579e-39
142501 -0.01674724696 -3.001706722e-39 -1.415451579e-39
142751 -0.01674724696 -3.001706722e-39 -1.415451579e-39
143001 -0.01674724696 -3.001706722e-39 -1.415451579e-39
143251 -0.01674724696 -3.001706722e-39 -1.415451579e-39
143501 -0.01674724696 -3.001706722e-39 -1.415451579e-39
143751 -0.01674724696 -3.001706722e-39 -1.415451579e-39
144001 -0.01674724696 -3.001706722e-39 -1.415451579e-39
144251 -0.01674724696 -3.001706722e-39 -1.415451579e-39
144501 -0.01674724696 -3.001706722e-39 -1.415451579e-39
144751 -0.01674724696 -3.001706722e-39 -1.415451579e-39
145001 -0.01674724696 -3.001706722e-39 -1.415451579e-39
145251 -0.01674724696 -3.001706722e-39 -1.415451579e-39
145501 -0.01674724696 -3.001706722e-39 -1.415451579e-39
145751 -0.01674724696 -3.001706722e-39 -1.415451579e-39
146001 -0.01674724696 -3.001706722e-39 -1.415451579e-39
146251 -0.01674724696 -3.001706722e-39 -1.415451579e-39
146501 -0.01674724696 -3.001706722e-39 -1.415451579e-39
146751 -0.01674724696 -3.001706722e-39 -1.415451579e-39
147001 -0.01674724696 -3.001706722e-39 -1.415451579e-39
147251 -0.01674724696 -3.001706722e-39 -1.415451579e-39
147501 -0.01674724696 -3.001706722e-39 -1.415451579e-39
147751 -0.01674724696 -3.001706722e-39 -1.415451579e-39
148001 -0.01674724696 -3.001706722e-39 -1.415451579e-39
148251 -0.01674724696 -3.001706722e-39 -1.415451579e-39
148501 -0.01674724696 -3.001706722e-39 -1.415451579e-39
148751 -0.01674724696 -3.001706722e-39 -1.415451579e-39
149001 -0.01674724696 -3.001706722e-39 -1.415451579e-39
149251 -0.01674724696 -3.001706722e-39 -1.415451579e-39
149501 -0.01674724696 -3.001706722e-39 -1.415451579e-39
149751 -0.01674724696 -3.001706722e-39 -1.415451579e-39
150001 -0.01674724696 -3.001706722e-39 -1.415451579e-39
150251 -0.01674724696 -3.001706722e-39 -1.415451579e-39
150501 -0.01674724696 -3.001706722e-39 -1.415451579e-39
150751 -0.01674724696 -3.001706722e-39 -1.415451579e-39
151001 -0.01674724696 -3.001706722e-39 -1.415451579e-39
151251 -0.01674724696 -3.001706722e-39 -1.415451579e-39
151501 -0.01674724696 -3.001706722e-39 -1.415451579e-39
151751 -0.01674724696 -3.001706722e-39 -1.415451579e-39
152001 -0.01674724696 -3.001706722e-39 -1.415451579e-39
152251 -0.01674724696 -3.001706722e-39 -1.415451579e-39
152501 -0.01674724696 -3.001706722e-39 -1.415451579e-39
152751 -0.01674724696 -3.001706722e-39 -1.415451579e-39
153001 -0.01674724696 -3.001706722e-39 -1.415451579e-39
153251 -0.01674724696 -3.001706722e-39 -1.415451579e-39
153501 -0.01674724696 -3.001706722e-39 -1.415451579e-39
153751 -0.01674724696 -3.001706722e-39 -1.415451579e-39
154001 -0.01674724696 -3.001706722e-39 -1.415451579e-39
154251 -0.01674724696 -3.001706722e-39 -1.415451579e-39
154501 -0.01674724696 -3.001706722e-39 -1.415451579e-39
154751 -0.01674724696 -3.001706722e-39 -1.415451579e-39
155001 -0.01674724696 -3.001706722e-39 -1.415451579e-39
155251 -0.01674724696 -3.001706722e-39 -1.415451579e-39
155501 -0.01674724696 -3.001706722e-39 -1.415451579e-39
155751 -0.01674724696 -3.001706722e-39 -1.415451579e-39
156001 -0.01674724696 -3.001706722e-39 -1.415451579e-39
156251 -0.01674724696 -3.001706722e-39 -1.415451579e-39
156501 -0.01674724696 -3.001706722e-39 -1.415451579e-39
156751 -0.01674724696 -3.001706722e-39 -1.415451579e-39
157001 -0.01674724696 -3.001706722e-39 -1.415451579e-39
157251 -0.01674724696 -3.001706722e-39 -1.415451579e-39
157501 -0.01674724696 -3.001706722e-39 -1.415451579e-39
157751 -0.01674724696 -3.001706722e-39 -1.415451579e-39
158001 -0.01674724696 -3.001706722e-39 -1.415451579e-39
158251 -0.01674724696 -3.001706722e-39 -1.415451579e-39
158501 -0.01674724696 -3.001706722e-39 -1.415451579e-39
158751 -0.01674724696 -3.001706722e-39 -1.415451579e-39
159001 -0.01674724696 -3.001706722e-39 -1.415451579e-39
159251 -0.01674724696 -3.001706722e-39 -1.415451579e-39
159501 -0.01674724696 -3.001706722e-39 -1.415451579e-39
159751 -0.01674724696 -3.001706722e-39 -1.415451579e-39
160001 -0.01674724696 -3.001706722e-39 -1.415451579e-39
160251 -0.01674724696 -3.001706722e-39 -1.415451579e-39
160501 -0.01674724696 -3.001706722e-39 -1.415451579e-39
160751 -0.01674724696 -3.001706722e-39 -1.415451579e-39
161001 -0.01674724696 -3.001706722e-39 -1.415451579e-39
161251 -0.01674724696 -3.001706722e-39 -1.415451579e-39
161501 -0.01674724696 -3.001706722e-39 -1.415451579e-39
161751 -0.01674724696 -3.001706722e-39 -1.415451579e-39
162001 -0.01674724696 -3.001706722e-39 -1.415451579e-39
162251 -0.01674724696 -3.001706722e-39 -1.415451579e-39
162501 -0.01674724696 -3.001706722e-39 -1.415451579e-39
162751 -0.01674724696 -3.001706722e-39 -1.415451579e-39
163001 -0.01674724696 -3.001706722e-39 -1.415451579e-39
163251 -0.01674724696 -3.001706722e-39 -1.415451579e-39
163501 -0.01674724696 -3.001706722e-39 -1.415451579e-39
163751 -0.01674724696 -3.001706722e-39 -1.415451579e-39
164001 -0.01674724696 -3.001706722e-39 -1.415451579e-39
164251 -0.01674724696 -3.001706722e-39 -1.415451579e-39
164501 -0.01674724696 -3.001706722e-39 -1.415451579e-39
164751 -0.01674724696 -3.001706722e-39 -1.415451579e-39
165001 -0.01674724696 -3.001706722e-39 -1.415451579e-39
165251 -0.01674724696 -3.001706722e-39 -1.415451579e-39
165501 -0.01674724696 -3.001706722e-39 -1.415451579e-39
165751 -0.01674724696 -3.001706722e-39 -1.415451579e-39
166001 -0.01674724696 -3.001706722e-39 -1.415451579e-39
166251 -0.01674724696 -3.001706722e-39 -1.415451579e-39
166501 -0.01674724696 -3.001706722e-39 -1.415451579e-39
166751 -0.01674724696 -3.001706722e-39 -1.415451579e-39
167001 -0.01674724696 -3.001706722e-39 -1.415451579e-39
167251 -0.01674724696 -3.001706722e-39 -1.415451579e-39
167501 -0.01674724696 -3.001706722e-39 -1.415451579e-39
167751 -0.01674724696 -3.001706722e-39 -1.415451579e-39
168001 -0.01674724696 -3.001706722e-39 -1.415451579e-39
168251 -0.01674724696 -3.001706722e-39 -1.415451579e-39
168501 -0.01674724696 -3.001706722e-39 -1.415451579e-39
168751 -0.01674724696 -3.001706722e-39 -1.415451579e-39
169001 -0.01674724696 -3.001706722e-39 -1.415451579e-39
169251 -0.01674724696 -3.001706722e-39 -1.415451579e-39
169501 -0.01674724696 -3.001706722e-39 -1.415451579e-39
169751 -0.01674724696 -3.001706722e-39 -1.415451579e-39
170001 -0.01674724696 -3.001706722e-39 -1.415451579e-39
170251 -0.01674724696 -3.001706722e-39 -1.415451579e-39
170501 -0.01674724696 -3.001706722e-39 -1.415451579e-39
170751 -0.01674724696 -3.001706722e-39 -1.415451579e-39
171001 -0.01674724696 -3.001706722e-39 -1.415451579e-39
171251 -0.01674724696 -3.001706722e-39 -1.415451579e-39
171501 -0.01674724696 -3.001706722e-39 -1.415451579e-39
171751 -0.01674724696 -3.001706722e-39 -1.415451579e-39
172001 -0.01674724696 -3.001706722e-39 -1.415451579e-39
172251 -0.01674724696 -3.001706722e-39 -1.415451579e-39
172501 -0.01674724696 -3.001706722e-39 -1.415451579e-39
172751 -0.01674724696 -3.001706722e-39 -1.415451579e-39
173001 -0.01674724696 -3.001706722e-39 -1.415451579e-39
173251 -0.01674724696 -3.001706722e-39 -1.415451579e-39
173501 -0.01674724696 -3.001706722e-39 -1.415451579e-39
173751 -0.01674724696 -3.001706722e-39 -1.415451579e-39
174001 -0.01674724696 -3.001706722e-39 -1.415451579e-39
174251 -0.01674724696 -3.001706722e-39 -1.415451579e-39
174501 -0.01674724696 -3.001706722e-39 -1.415451579e-39
174751 -0.01674724696 -3.001706722e-39 -1.415451579e-39
175001 -0.01674724696 -3.001706722e-39 -1.415451579e-39
175251 -0.01674724696 -3.001706722e-39 -1.415451579e-39
175501 -0.01674724696 -3.001706722e-39 -1.415451579e-39
175751 -0.01674724696 -3.001706722e-39 -1.415451579e-39
176001 -0.01674724696 -3.001706722e-39 -1.415451579e-39
176251 -0.01674724696 -3.001706722e-39 -1.415451579e-39
176501 -0.01674724696 -3.001706722e-39 -1.415451579e-39
176751 -0.01674724696 -3.001706722e-39 -1.415451579e-39
177001 -0.01674724696 -3.001706722e-39 -1.415451579e-39
177251 -0.01674724696 -3.001706722e-39 -1.415451579e-39
177501 -0.01674724696 -3.001706722e-39 -1.415451579e-39
177751 -0.01674724696 -3.001706722e-39 -1.415451579e-39
178001 -0.01674724696 -3.001706722e-39 -1.415451579e-39
178251 -0.01674724696 -3.001706722e-39 -1.415451579e-39
178501 -0.01674724696 -3.001706722e-39 -1.415451579e-39
178751 -0.01674724696 -3.001706722e-39 -1.415451579e-39
179001 -0.01674724696 -3.001706722e-39 -1.415451579e-39
179251 -0.01674724696 -3.001706722e-39 -1.415451579e-39
179501 -0.01674724696 -3.001706722e-39 -1.415451579e-39
179751 -0.01674724696 -3.001706722e-39 -1.415451579e-39
180001 -0.01674724696 -3.001706722e-39 -1.415451579e-39
180251 -0.01674724696 -3.001706722e-39 -1.415451579e-39
180501 -0.01674724696 -3.001706722e-39 -1.415451579e-39
180751 -0.01674724696 -3.001706722e-39 -1.415451579e-39
181001 -0.01674724696 -3.001706722e-39 -1.415451579e-39
181251 -0.01674724696 -3.001706722e-39 -1.415451579e-39
181501 -0.01674724696 -3.001706722e-39 -1.415451579e-39
181751 -0.01674724696 -3.001706722e-39 -1.415451579e-39
182001 -0.01674724696 -3.001706722e-39 -1.415451579e-39
182251 -0.01674724696 -3.001706722e-39 -1.415451579e-39
182501 -0.01674724696 -3.001706722e-39 -1.415451579e-39
182751 -0.01674724696 -3.001706722e-39 -1.415451579e-39
183001 -0.01674724696 -3.001706722e-39 -1.415451579e-39
183251 -0.01674724696 -3.001706722e-39 -1.415451579e-39
183501 -0.01674724696 -3.001706722e-39 -1.415451579e-39
183751 -0.01674724696 -3.001706722e-39 -1.415451579e-39
184001 -0.01674724696 -3.001706722e-39 -1.415451579e-39
184251 -0.01674724696 -3.001706722e-39 -1.415451579e-39
184501 -0.01674724696 -3.001706722e-39 -1.415451579e-39
184751 -0.01674724696 -3.001706722e-39 -1.415451579e-39
185001 -0.01674724696 -3.001706722e-39 -1.415451579e-39
185251 -0.01674724696 -3.001706722e-39 -1.415451579e-39
185501 -0.01674724696 -3.001706722e-39 -1.415451579e-39
185751 -0.01674724696 -3.001706722e-39 -1.415451579e-39
186001 -0.01674724696 -3.001706722e-39 -1.415451579e-39
186251 -0.01674724696 -3.001706722e-39 -1.415451579e-39
186501 -0.01674724696 -3.001706722e-39 -1.415451579e-39
186751 -0.01674724696 -3.001706722e-39 -1.415451579e-39
187001 -0.01674724696 -3.001706722e-39 -1.415451579e-39
187251 -0.01674724696 -3.001706722e-39 -1.415451579e-39
187501 -0.01674724696 -3.001706722e-39 -1.415451579e-39
187751 -0.01674724696 -3.001706722e-39 -1.415451579e-39
188001 -0.01674724696 -3.001706722e-39 -1.415451579e-39
188251 -0.01674724696 -3.001706722e-39 -1.415451579e-39
188501 -0.01674724696 -3.001706722e-39 -1.415451579e-39
188751 -0.01674724696 -3.001706722e-39 -1.415451579e-39
189001 -0.01674724696 -3.001706722e-39 -1.415451579e-39
189251 -0.01674724696 -3.001706722e-39 -1.415451579e-39
189501 -0.01674724696 -3.001706722e-39 -1.415451579e-39
189751 -0.01674724696 -3.001706722e-39 -1.415451579e-39
190001 -0.01674724696 -3.001706722e-39 -1.415451579e-39
190251 -0.01674724696 -3.001706722e-39 -1.415451579e-39
190501 -0.01674724696 -3.001706722e-39 -1.415451579e-39
190751 -0.01674724696 -3.001706722e-39 -1.415451579e-39
191001 -0.01674724696 -3.001706722e-39 -1.415451579e-39
191251 -0.01674724696 -3.001706722e-39 -1.415451579e-39
191501 -0.01674724696 -3.001706722e-39 -1.415451579e-39
191751 -0.01674724696 -3.001706722e-39 -1.415451579e-39
192001 -0.01674724696 -3.001706722e-39 -1.415451579e-39
192251 -0.01674724696 -3.001706722e-39 -1.415451579e-39
192501 -0.01674724696 -3.001706722e-39 -1.415451579e-39
192751 -0.01674724696 -3.001706722e-39 -1.415451579e-39
193001 -0.01674724696 -3.001706722e-39 -1.415451579e-39
193251 -0.01674724696 -3.001706722e-39 -1.415451579e-39
193501 -0.01674724696 -3.001706722e-39 -1.415451579e-39
193751 -0.01674724696 -3.001706722e-39 -1.415451579e-39
194001 -0.01674724696 -3.001706722e-39 -1.415451579e-39
194251 -0.01674724696 -3.001706722e-39 -1.415451579e-39
194501 -0.01674724696 -3.001706722e-39 -1.415451579e-39
194751 -0.01674724696 -3.001706722e-39 -1.415451579e-39
195001 -0.01674724696 -3.001706722e-39 -1.415451579e-39
195251 -0.01674724696 -3.001706722e-39 -1.415451579e-39
195501 -0.01674724696 -3.001706722e-39 -1.415451579e-39
195751 -0.01674724696 -3.001706722e-39 -1.415451579e-39
196001 -0.01674724696 -3.001706722e-39 -1.415451579e-39
196251 -0.01674724696 -3.001706722e-39 -1.415451579e-39
196501 -0.01674724696 -3.001706722e-39 -1.415451579e-39
196751 -0.01674724696 -3.001706722e-39 -1.415451579e-39
197001 -0.01674724696 -3.001706722e-39 -1.415451579e-39
197251 -0.01674724696 -3.001706722e-39 -1.415451579e-39
197501 -0.01674724696 -3.001706722e-39 -1.415451579e-39
197751 -0.01674724696 -3.001706722e-39 -1.415451579e-39
198001 -0.01674724696 -3.001706722e-39 -1.415451579e-39
198251 -0.01674724696 -3.001706722e-39 -1.415451579e-39
198501 -0.01674724696 -3.001706722e-39 -1.415451579e-39
198751 -0.01674724696 -3.001706722e-39 -1.415451579e-39
199001 -0.01674724696 -3.001706722e-39 -1.415451579e-39
199251 -0.01674724696 -3.001706722e-39 -1.415451579e-39
199501 -0.01674724696 -3.001706722e-39 -1.415451579e-39
199751 -0.01674724696 -3.001706722e-39 -1.415451579e-39
200001 -0.01674724696 -3.001706722e-39 -1.415451579e-39
200251 -0.01674724696 -3.001706722e-39 -1.415451579e-39
200501 -0.01674724696 -3.001706722e-39 -1.415451579e-39
200751 -0.01674724696 -3.001706722e-39 -1.415451579e-39
201001 -0.01674724696 -3.001706722e-39 -1.415451579e-39
201251 -0.01674724696 -3.001706722e-39 -1.415451579e-39
201501 -0.01674724696 -3.001706722e-39 -1.415451579e-39
201751 -0.01674724696 -3.001706722e-39 -1.415451579e-39
202001 -0.01674724696 -3.001706722e-39 -1.415451579e-39
202251 -0.01674724696 -3.001706722e-39 -1.415451579e-39
202501 -0.01674724696 -3.001706722e-39 -1.415451579e-39
202751 -0.01674724696 -3.001706722e-39 -1.415451579e-39
203001 -0.01674724696 -3.001706722e-39 -1.415451579e-39
203251 -0.01674724696 -3.001706722e-39 -1.415451579e-39
203501 -0.01674724696 -3.001706722e-39 -1.415451579e-39
203751 -0.01674724696 -3.001706722e-39 -1.415451579e-39
204001 -0.01674724696 -3.001706722e-39 -1.415451579e-39
204251 -0.01674724696 -3.001706722e-39 -1.415451579e-39
204501 -0.01674724696 -3.001706722e-39 -1.415451579e-39
204751 -0.01674724696 -3.001706722e-39 -1.415451579e-39
205001 -0.01674724696 -3.001706722e-39 -1.415451579e-39
205251 -0.01674724696 -3.001706722e-39 -1.415451579e-39
205501 -0.01674724696 -3.001706722e-39 -1.415451579e-39
205751 -0.01674724696 -3.001706722e-39 -1.415451579e-39
206001 -0.01674724696 -3.001706722e-39 -1.415451579e-39
206251 -0.01674724696 -3.001706722e-39 -1.415451579e-39
206501 -0.01674724696 -3.001706722e-39 -1.415451579e-39
206751 -0.01674724696 -3.001706722e-39 -1.415451579e-39
207001 -0.01674724696 -3.001706722e-39 -1.415451579e-39
207251 -0.01674724696 -3.001706722e-39 -1.415451579e-39
207501 -0.01674724696 -3.001706722e-39 -1.415451579e-39
207751 -0.01674724696 -3.001706722e-39 -1.415451579e-39
208001 -0.01674724696 -3.001706722e-39 -1.415451579e-39
208251 -0.01674724696 -3.001706722e-39 -1.415451579e-39
208501 -0.01674724696 -3.001706722e-39 -1.415451579e-39
208751 -0.01674724696 -3.001706722e-39 -1.415451579e-39
209001 -0.01674724696 -3.001706722e-39 -1.415451579e-39
209251 -0.01674724696 -3.001706722e-39 -1.415451579e-39
209501 -0.01674724696 -3.001706722e-39 -1.415451579e-39
209751 -0.01674724696 -3.001706722e-39 -1.415451579e-39
210001 -0.01674724696 -3.001706722e-39 -1.415451579e-39
210251 -0.01674724696 -3.001706722e-39 -1.415451579e-39
210501 -0.01674724696 -3.001706722e-39 -1.415451579e-39
210751 -0.01674724696 -3.001706722e-39 -1.415451579e-39
211001 -0.01674724696 -3.001706722e-39 -1.415451579e-39
211251 -0.01674724696 -3.001706722e-39 -1.415451579e-39
211501 -0.01674724696 -3.001706722e-39 -1.415451579e-39
211751 -0.01674724696 -3.001706722e-39 -1.415451579e-39
212001 -0.01674724696 -3.001706722e-39 -1.415451579e-39
212251 -0.01674724696 -3.001706722e-39 -1.415451579e-39
212501 -0.01674724696 -3.001706722e-39 -1.415451579e-39
212751 -0.01674724696 -3.001706722e-39 -1.415451579e-39
213001 -0.01674724696 -3.001706722e-39 -1.415451579e-39
213251 -0.01674724696 -3.001706722e-39 -1.415451579e-39
213501 -0.01674724696 -3.001706722e-39 -1.415451579e-39
213751 -0.01674724696 -3.001706722e-39 -1.415451579e-39
214001 -0.01674724696 -3.001706722e-39 -1.415451579e-39
214251 -0.01674724696 -3.001706722e-39 -1.415451579e-39
214501 -0.01674724696 -3.001706722e-39 -1.415451579e-39
214751 -0.01674724696 -3.001706722e-39 -1.415451579e-39
215001 -0.01674724696 -3.001706722e-39 -1.415451579e-39
215251 -0.01674724696 -3.001706722e-39 -1.415451579e-39
215501 -0.01674724696 -3.001706722e-39 -1.415451579e-39
215751 -0.01674724696 -3.001706722e-39 -1.415451579e-39
216001 -0.01674724696 -3.001706722e-39 -1.415451579e-39
216251 -0.01674724696 -3.001706722e-39 -1.415451579e-39
216501 -0.01674724696 -3.001706722e-39 -1.415451579e-39
216751 -0.01674724696 -3.001706722e-39 -1.415451579e-39
217001 -0.01674724696 -3.001706722e-39 -1.415451579e-39
217251 -0.01674724696 -3.001706722e-39 -1.415451579e-39
217501 -0.01674724696 -3.001706722e-39 -1.415451579e-39
217751 -0.01674724696 -3.001706722e-39 -1.415451579e-39
218001 -0.01674724696 -3.001706722e-39 -1.415451579e-39
218251 -0.01674724696 -3.001706722e-39 -1.415451579e-39
218501 -0.01674724696 -3.001706722e-39 -1.415451579e-39
218751 -0.01674724696 -3.001706722e-39 -1.415451579e-39
219001 -0.01674724696 -3.001706722e-39 -1.415451579e-39
219251 -0.01674724696 -3.001706722e-39 -1.415451579e-39
219501 -0.01674724696 -3.001706722e-39 -1.415451579e-39
219751 -0.01674724696 -3.001706722e-39 -1.415451579e-39
220001 -0.01674724696 -3.001706722e-39 -1.415451579e-39
220251 -0.01674724696 -3.001706722e-39 -1.415451579e-39
220501 -0.01674724696 -3.001706722e-39 -1.415451579e-39
220751 -0.01674724696 -3.001706722e-39 -1.415451579e-39
221001 -0.01674724696 -3.001706722e-39 -1.415451579e-39
221251 -0.01674724696 -3.001706722e-39 -1.415451579e-39
221501 -0.01674724696 -3.001706722e-39 -1.415451579e-39
221751 -0.01674724696 -3.001706722e-39 -1.415451579e-39
222001 -0.01674724696 -3.001706722e-39 -1.415451579e-39
222251 -0.01674724696 -3.001706722e-39 -1.415451579e-39
222501 -0.01674724696 -3.001706722e-39 -1.415451579e-39
222751 -0.01674724696 -3.001706722e-39 -1.415451579e-39
223001 -0.01674724696 -3.001706722e-39 -1.415451579e-39
223251 -0.01674724696 -3.001706722e-39 -1.415451579e-39
223501 -0.01674724696 -3.001706722e-39 -1.415451579e-39
223751 -0.01674724696 -3.001706722e-39 -1.415451579e-39
224001 -0.01674724696 -3.001706722e-39 -1.415451579e-39
224251 -0.01674724696 -3.001706722e-39 -1.415451579e-39
224501 -0.01674724696 -3.001706722e-39 -1.415451579e-39
224751 -0.01674724696 -3.001706722e-39 -1.415451579e-39
225001 -0.01674724696 -3.001706722e-39 -1.415451579e-39
225251 -0.01674724696 -3.001706722e-39 -1.415451579e-39
225501 -0.01674724696 -3.001706722e-39 -1.415451579e-39
225751 -0.01674724696 -3.001706722e-39 -1.415451579e-39
226001 -0.01674724696 -3.001706722e-39 -1.415451579e-39
226251 -0.01674724696 -3.001706722e-39 -1.415451579e-39
226501 -0.01674724696 -3.001706722e-39 -1.415451579e-39
226751 -0.01674724696 -3.001706722e-39 -1.415451579e-39
227001 -0.01674724696 -3.001706722e-39 -1.415451579e-39
227251 -0.01674724696 -3.001706722e-39 -1.415451579e-39
227501 -0.01674724696 -3.001706722e-39 -1.415451579e-39
227751 -0.01674724696 -3.001706722e-39 -1.415451579e-39
228001 -0.01674724696 -3.001706722e-39 -1.415451579e-39
228251 -0.01674724696 -3.001706722e-39 -1.415451579e-39
228501 -0.01674724696 -3.001706722e-39 -1.415451579e-39
228751 -0.01674724696 -3.001706722e-39 -1.415451579e-39
229001 -0.01674724696 -3.001706722e-39 -1.415451579e-39
229251 -0.01674724696 -3.001706722e-39 -1.415451579e-39
229501 -0.01674724696 -3.001706722e-39 -1.415451579e-39
229751 -0.01674724696 -3.001706722e-39 -1.415451579e-39
230001 -0.01674724696 -3.001706722e-39 -1.415451579e-39
230251 -0.01674724696 -3.001706722e-39 -1.415451579e-39
230501 -0.01674724696 -3.001706722e-39 -1.415451579e-39
230751 -0.01674724696 -3.001706722e-39 -1.415451579e-39
231001 -0.01674724696 -3.001706722e-39 -1.415451579e-39
231251 -0.01674724696 -3.001706722e-39 -1.415451579e-39
231501 -0.01674724696 -3.001706722e-39 -1.415451579e-39
231751 -0.01674724696 -3.001706722e-39 -1.415451579e-39
232001 -0.01674724696 -3.001706722e-39 -1.415451579e-39
232251 -0.01674724696 -3.001706722e-39 -1.415451579e-39
232501 -0.01674724696 -3.001706722e-39 -1.415451579e-39
232751 -0.01674724696 -3.001706722e-39 -1.415451579e-39
233001 -0.01674724696 -3.001706722e-39 -1.415451579e-39
233251 -0.01674724696 -3.001706722e-39 -1.415451579e-39
233501 -0.01674724696 -3.001706722e-39 -1.415451579e-39
233751 -0.01674724696 -3.001706722e-39 -1.415451579e-39
234001 -0.01674724696 -3.001706722e-39 -1.415451579e-39
234251 -0.01674724696 -3.001706722e-39 -1.415451579e-39
234501 -0.01674724696 -3.001706722e-39 -1.415451579e-39
234751 -0.01674724696 -3.001706722e-39 -1.415451579e-39
235001 -0.01674724696 -3.001706722e-39 -1.415451579e-39
235251 -0.01674724696 -3.001706722e-39 -1.415451579e-39
235501 -0.01674724696 -3.001706722e-39 -1.415451579e-39
235751 -0.01674724696 -3.001706722e-39 -1.415451579e-39
236001 -0.01674724696 -3.001706722e-39 -1.415451579e-39
236251 -0.01674724696 -3.001706722e-39 -1.415451579e-39
236501 -0.01674724696 -3.001706722e-39 -1.415451579e-39
236751 -0.01674724696 -3.001706722e-39 -1.415451579e-39
237001 -0.01674724696 -3.001706722e-39 -1.415451579e-39
237251 -0.01674724696 -3.001706722e-39 -1.415451579e-39
237501 -0.01674724696 -3.001706722e-39 -1.415451579e-39
237751 -0.01674724696 -3.001706722e-39 -1.415451579e-39
238001 -0.01674724696 -3.001706722e-39 -1.415451579e-39
238251 -0.01674724696 -3.001706722e-39 -1.415451579e-39
238501 -0.01674724696 -3.001706722e-39 -1.415451579e-39
238751 -0.01674724696 -3.001706722e-39 -1.415451579e-39
239001 -0.01674724696 -3.001706722e-39 -1.415451579e-39
239251 -0.01674724696 -3.001706722e-39 -1.415451579e-39
239501 -0.01674724696 -3.001706722e-39 -1.415451579e-39
239751 -0.01674724696 -3.001706722e-39 -1.415451579e-39
240001 -0.01674724696 -3.001706722e-39 -1.415451579e-39
240251 -0.01674724696 -3.001706722e-39 -1.415451579e-39
240501 -0.01674724696 -3.001706722e-39 -1.415451579e-39
240751 -0.01674724696 -3.001706722e-39 -1.415451579e-39
241001 -0.01674724696 -3.001706722e-39 -1.415451579e-39
241251 -0.01674724696 -3.001706722e-39 -1.415451579e-39
241501 -0.01674724696 -3.001706722e-39 -1.415451579e-39
241751 -0.01674724696 -3.001706722e-39 -1.415451579e-39
242001 -0.01674724696 -3.001706722e-39 -1.415451579e-39
242251 -0.01674724696 -3.001706722e-39 -1.415451579e-39
242501 -0.01674724696 -3.001706722e-39 -1.415451579e-39
242751 -0.01674724696 -3.001706722e-39 -1.415451579e-39
243001 -0.01674724696 -3.001706722e-39 -1.415451579e-39
243251 -0.01674724696 -3.001706722e-39 -1.415451579e-39
243501 -0.01674724696 -3.001706722e-39 -1.415451579e-39
243751 -0.01674724696 -3.001706722e-39 -1.415451579e-39
244001 -0.01674724696 -3.001706722e-39 -1.415451579e-39
244251 -0.01674724696 -3.001706722e-39 -1.415451579e-39
244501 -0.01674724696 -3.001706722e-39 -1.415451579e-39
244751 -0.01674724696 -3.001706722e-39 -1.415451579e-39
245001 -0.01674724696 -3.001706722e-39 -1.415451579e-39
245251 -0.01674724696 -3.001706722e-39 -1.415451579e-39
245501 -0.01674724696 -3.001706722e-39 -1.415451579e-39
245751 -0.01674724696 -3.001706722e-39 -1.415451579e-39
246001 -0.01674724696 -3.001706722e-39 -1.415451579e-39
246251 -0.01674724696 -3.001706722e-39 -1.415451579e-39
246501 -0.01674724696 -3.001706722e-39 -1.415451579e-39
246751 -0.01674724696 -3.001706722e-39 -1.415451579e-39
247001 -0.01674724696 -3.001706722e-39 -1.415451579e-39
247251 -0.01674724696 -3.001706722e-39 -1.415451579e-39
247501 -0.01674724696 -3.001706722e-39 -1.415451579e-39
247751 -0.01674724696 -3.001706722e-39 -1.415451579e-39
248001 -0.01674724696 -3.001706722e-39 -1.415451579e-39
248251 -0.01674724696 -3.001706722e-39 -1.415451579e-39
248501 -0.01674724696 -3.001706722e-39 -1.415451579e-39
248751 -0.01674724696 -3.001706722e-39 -1.415451579e-39
249001 -0.01674724696 -3.001706722e-39 -1.415451579e-39
249251 -0.01674724696 -3.001706722e-39 -1.415451579e-39
249501 -0.01674724696 -3.001706722e-39 -1.415451579e-39
249751 -0.01674724696 -3.001706722e-39 -1.415451579e-39
250001 -0.01674724696 -3.001706722e-39 -1.415451579e-39
250251 -0.01674724696 -3.001706722e-39 -1.415451579e-39
250501 -0.01674724696 -3.001706722e-39 -1.415451579e-39
250751 -0.01674724696 -3.001706722e-39 -1.415451579e-39
251001 -0.01674724696 -3.001706722e-39 -1.415451579e-39
251251 -0.01674724696 -3.001706722e-39 -1.415451579e-39
251501 -0.01674724696 -3.001706722e-39 -1.415451579e-39
251751 -0.01674724696 -3.001706722e-39 -1.415451579e-39
252001 -0.01674724696 -3.001706722e-39 -1.415451579e-39
252251 -0.01674724696 -3.001706722e-39 -1.415451579e-39
252501 -0.01674724696 -3.001706722e-39 -1.415451579e-39
252751 -0.01674724696 -3.001706722e-39 -1.415451579e-39
253001 -0.01674724696 -3.001706722e-39 -1.415451579e-39
253251 -0.01674724696 -3.001706722e-39 -1.415451579e-39
253501 -0.01674724696 -3.001706722e-39 -1.415451579e-39
253751 -0.01674724696 -3.001706722e-39 -1.415451579e-39
254001 -0.01674724696 -3.001706722e-39 -1.415451579e-39
254251 -0.01674724696 -3.001706722e-39 -1.415451579e-39
254501 -0.01674724696 -3.001706722e-39 -1.415451579e-39
254751 -0.01674724696 -3.001706722e-39 -1.415451579e-39
255001 -0.01674724696 -3.001706722e-39 -1.415451579e-39
255251 -0.01674724696 -3.001706722e-39 -1.415451579e-39
255501 -0.01674724696 -3.001706722e-39 -1.415451579e-39
255751 -0.01674724696 -3.001706722e-39 -1.415451579e-39
256001 -0.01674724696 -3.001706722e-39 -1.415451579e-39
256251 -0.01674724696 -3.001706722e-39 -1.415451579e-39
256501 -0.01674724696 -3.001706722e-39 -1.415451579e-39
256751 -0.01674724696 -3.001706722e-39 -1.415451579e-39
257001 -0.01674724696 -3.001706722e-39 -1.415451579e-39
257251 -0.01674724696 -3.001706722e-39 -1.415451579e-39
257501 -0.01674724696 -3.001706722e-39 -1.415451579e-39
257751 -0.01674724696 -3.001706722e-39 -1.415451579e-39
258001 -0.01674724696 -3.001706722e-39 -1.415451579e-39
258251 -0.01674724696 -3.001706722e-39 -1.415451579e-39
258501 -0.01674724696 -3.001706722e-39 -1.415451579e-39
258751 -0.01674724696 -3.001706722e-39 -1.415451579e-39
259001 -0.01674724696 -3.001706722e-39 -1.415451579e-39
259251 -0.01674724696 -3.001706722e-39 -1.415451579e-39
259501 -0.01674724696 -3.001706722e-39 -1.415451579e-39
259751 -0.01674724696 -3.001706722e-39 -1.415451579e-39
260001 -0.01674724696 -3.001706722e-39 -1.415451579e-39
260251 -0.01674724696 -3.001706722e-39 -1.415451579e-39
260501 -0.01674724696 -3.001706722e-39 -1.415451579e-39
260751 -0.01674724696 -3.001706722e-39 -1.415451579e-39
261001 -0.01674724696 -3.001706722e-39 -1.415451579e-39
261251 -0.01674724696 -3.001706722e-39 -1.415451579e-39
261501 -0.01674724696 -3.001706722e-39 -1.415451579e-39
261751 -0.01674724696 -3.001706722e-39 -1.415451579e-39
262001 -0.01674724696 -3.001706722e-39 -1.415451579e-39
262251 -0.01674724696 -3.001706722e-39 -1.415451579e-39
262501 -0.01674724696 -3.001706722e-39 -1.415451579e-39
262751 -0.01674724696 -3.001706722e-39 -1.415451579e-39
263001 -0.01674724696 -3.001706722e-39 -1.415451579e-39
263251 -0.01674724696 -3.001706722e-39 -1.415451579e-39
263501 -0.01674724696 -3.001706722e-39 -1.415451579e-39
263751 -0.01674724696 -3.001706722e-39 -1.415451579e-39
264001 -0.01674724696 -3.001706722e-39 -1.415451579e-39
264251 -0.01674724696 -3.001706722e-39 -1.415451579e-39
264501 -0.01674724696 -3.001706722e-39 -1.415451579e-39
264751 -0.01674724696 -3.001706722e-39 -1.415451579e-39
265001 -0.01674724696 -3.001706722e-39 -1.415451579e-39
265251 -0.01674724696 -3.001706722e-39 -1.415451579e-39
265501 -0.01674724696 -3.001706722e-39 -1.415451579e-39
265751 -0.01674724696 -3.001706722e-39 -1.415451579e-39
266001 -0.01674724696 -3.001706722e-39 -1.415451579e-39
266251 -0.01674724696 -3.001706722e-39 -1.415451579e-39
266501 -0.01674724696 -3.001706722e-39 -1.415451579e-39
266751 -0.01674724696 -3.001706722e-39 -1.415451579e-39
267001 -0.01674724696 -3.001706722e-39 -1.415451579e-39
267251 -0.01674724696 -3.001706722e-39 -1.415451579e-39
267501 -0.01674724696 -3.001706722e-39 -1.415451579e-39
267751 -0.01674724696 -3.001706722e-39 -1.415451579e-39
268001 -0.01674724696 -3.001706722e-39 -1.415451579e-39
268251 -0.01674724696 -3.001706722e-39 -1.415451579e-39
268501 -0.01674724696 -3.001706722e-39 -1.415451579e-39
268751 -0.01674724696 -3.001706722e-39 -1.415451579e-39
269001 -0.01674724696 -3.001706722e-39 -1.415451579e-39
269251 -0.01674724696 -3.001706722e-39 -1.415451579e-39
269501 -0.01674724696 -3.001706722e-39 -1.415451579e-39
269751 -0.01674724696 -3.001706722e-39 -1.415451579e-39
270001 -0.01674724696 -3.001706722e-39 -1.415451579e-39
270251 -0.01674724696 -3.001706722e-39 -1.415451579e-39
270501 -0.01674724696 -3.001706722e-39 -1.415451579e-39
270751 -0.01674724696 -3.001706722e-39 -1.415451579e-39
271001 -0.01674724696 -3.001706722e-39 -1.415451579e-39
271251 -0.01674724696 -3.001706722e-39 -1.415451579e-39
271501 -0.01674724696 -3.001706722e-39 -1.415451579e-39
271751 -0.01674724696 -3.001706722e-39 -1.415451579e-39
272001 -0.01674724696 -3.001706722e-39 -1.415451579e-39
272251 -0.01674724696 -3.001706722e-39 -1.415451579e-39
272501 -0.01674724696 -3.001706722e-39 -1.415451579e-39
272751 -0.01674724696 -3.001706722e-39 -1.415451579e-39
273001 -0.01674724696 -3.001706722e-39 -1.415451579e-39
273251 -0.01674724696 -3.001706722e-39 -1.415451579e-39
273501 -0.01674724696 -3.001706722e-39 -1.415451579e-39
273751 -0.01674724696 -3.001706722e-39 -1.415451579e-39
274001 -0.01674724696 -3.001706722e-39 -1.415451579e-39
274251 -0.01674724696 -3.001706722e-39 -1.415451579e-39
274501 -0.01674724696 -3.001706722e-39 -1.415451579e-39
274751 -0.01674724696 -3.001706722e-39 -1.415451579e-39
275001 -0.01674724696 -3.001706722e-39 -1.415451579e-39
275251 -0.01674724696 -3.001706722e-39 -1.415451579e-39
275501 -0.01674724696 -3.001706722e-39 -1.415451579e-39
275751 -0.01674724696 -3.001706722e-39 -1.415451579e-39
276001 -0.01674724696 -3.001706722e-39 -1.415451579e-39
276251 -0.01674724696 -3.001706722e-39 -1.415451579e-39
276501 -0.01674724696 -3.001706722e-39 -1.415451579e-39
276751 -0.01674724696 -3.001706722e-39 -1.415451579e-39
277001 -0.01674724696 -3.001706722e-39 -1.415451579e-39
277251 -0.01674724696 -3.001706722e-39 -1.415451579e-39
277501 -0.01674724696 -3.001706722e-39 -1.415451579e-39
277751 -0.01674724696 -3.001706722e-39 -1.415451579e-39
278001 -0.01674724696 -3.001706722e-39 -1.415451579e-39
278251 -0.01674724696 -3.001706722e-39 -1.415451579e-39
278501 -0.01674724696 -3.001706722e-39 -1.415451579e-39
278751 -0.01674724696 -3.001706722e-39 -1.415451579e-39
279001 -0.01674724696 -3.001706722e-39 -1.415451579e-39
279251 -0.01674724696 -3.001706722e-39 -1.415451579e-39
279501 -0.01674724696 -3.001706722e-39 -1.415451579e-39
279751 -0.01674724696 -3.001706722e-39 -1.415451579e-39
280001 -0.01674724696 -3.001706722e-39 -1.415451579e-39
280251 -0.01674724696 -3.001706722e-39 -1.415451579e-39
280501 -0.01674724696 -3.001706722e-39 -1.415451579e-39
280751 -0.01674724696 -3.001706722e-39 -1.415451579e-39
281001 -0.01674724696 -3.001706722e-39 -1.415451579e-39
281251 -0.01674724696 -3.001706722e-39 -1.415451579e-39
281501 -0.01674724696 -3.001706722e-39 -1.415451579e-39
281751 -0.01674724696 -3.001706722e-39 -1.415451579e-39
282001 -0.01674724696 -3.001706722e-39 -1.415451579e-39
282251 -0.01674724696 -3.001706722e-39 -1.415451579e-39
282501 -0.01674724696 -3.001706722e-39 -1.415451579e-39
282751 -0.01674724696 -3.001706722e-39 -1.415451579e-39
283001 -0.01674724696 -3.001706722e-39 -1.415451579e-39
283251 -0.01674724696 -3.001706722e-39 -1.415451579e-39
283501 -0.01674724696 -3.001706722e-39 -1.415451579e-39
283751 -0.01674724696 -3.001706722e-39 -1.415451579e-39
284001 -0.01674724696 -3.001706722e-39 -1.415451579e-39
284251 -0.01674724696 -3.001706722e-39 -1.415451579e-39
284501 -0.01674724696 -3.001706722e-39 -1.415451579e-39
284751 -0.01674724696 -3.001706722e-39 -1.415451579e-39
285001 -0.01674724696 -3.001706722e-39 -1.415451579e-39
285251 -0.01674724696 -3.001706722e-39 -1.415451579e-39
285501 -0.01674724696 -3.001706722e-39 -1.415451579e-39
285751 -0.01674724696 -3.001706722e-39 -1.415451579e-39
286001 -0.01674724696 -3.001706722e-39 -1.415451579e-39
286251 -0.01674724696 -3.001706722e-39 -1.415451579e-39
286501 -0.01674724696 -3.001706722e-39 -1.415451579e-39
286751 -0.01674724696 -3.001706722e-39 -1.415451579e-39
287001 -0.01674724696 -3.001706722e-39 -1.415451579e-39
287251 -0.01674724696 -3.001706722e-39 -1.415451579e-39
287501 -0.01674724696 -3.001706722e-39 -1.415451579e-39
287751 -0.01674724696 -3.001706722e-39 -1.415451579e-39
288001 -0.01674724696 -3.001706722e-39 -1.415451579e-39
288251 -0.01674724696 -3.001706722e-39 -1.415451579e-39
288501 -0.01674724696 -3.001706722e-39 -1.415451579e-39
288751 -0.01674724696 -3.001706722e-39 -1.415451579e-39
289001 -0.01674724696 -3.001706722e-39 -1.415451579e-39
289251 -0.01674724696 -3.001706722e-39 -1.415451579e-39
289501 -0.01674724696 -3.001706722e-39 -1.415451579e-39
289751 -0.01674724696 -3.001706722e-39 -1.415451579e-39
290001 -0.01674724696 -3.001706722e-39 -1.415451579e-39
290251 -0.01674724696 -3.001706722e-39 -1.415451579e-39
290501 -0.01674724696 -3.001706722e-39 -1.415451579e-39
290751 -0.01674724696 -3.001706722e-39 -1.415451579e-39
291001 -0.01674724696 -3.001706722e-39 -1.415451579e-39
291251 -0.01674724696 -3.001706722e-39 -1.415451579e-39
291501 -0.01674724696 -3.001706722e-39 -1.415451579e-39
291751 -0.01674724696 -3.001706722e-39 -1.415451579e-39
292001 -0.01674724696 -3.001706722e-39 -1.415451579e-39
292251 -0.01674724696 -3.001706722e-39 -1.415451579e-39
292501 -0.01674724696 -3.001706722e-39 -1.415451579e-39
292751 -0.01674724696 -3.001706722e-39 -1.415451579e-39
293001 -0.01674724696 -3.001706722e-39 -1.415451579e-39
293251 -0.01674724696 -3.001706722e-39 -1.415451579e-39
293501 -0.01674724696 -3.001706722e-39 -1.415451579e-39
293751 -0.01674724696 -3.001706722e-39 -1.415451579e-39
294001 -0.01674724696 -3.001706722e-39 -1.415451579e-39
294251 -0.01674724696 -3.001706722e-39 -1.415451579e-39
294501 -0.01674724696 -3.001706722e-39 -1.415451579e-39
294751 -0.01674724696 -3.001706722e-39 -1.415451579e-39
295001 -0.01674724696 -3.001706722e-39 -1.415451579e-39
295251 -0.01674724696 -3.001706722e-39 -1.415451579e-39
295501 -0.01674724696 -3.001706722e-39 -1.415451579e-39
295751 -0.01674724696 -3.001706722e-39 -1.415451579e-39
296001 -0.01674724696 -3.001706722e-39 -1.415451579e-39
296251 -0.01674724696 -3.001706722e-39 -1.415451579e-39
296501 -0.01674724696 -3.001706722e-39 -1.415451579e-39
296751 -0.01674724696 -3.001706722e-39 -1.415451579e-39
297001 -0.01674724696 -3.001706722e-39 -1.415451579e-39
297251 -0.01674724696 -3.001706722e-39 -1.415451579e-39
297501 -0.01674724696 -3.001706722e-39 -1.415451579e-39
297751 -0.01674724696 -3.001706722e-39 -1.415451579e-39
298001 -0.01674724696 -3.001706722e-39 -1.415451579e-39
298251 -0.01674724696 -3.001706722e-39 -1.415451579e-39
298501 -0.01674724696 -3.001706722e-39 -1.415451579e-39
298751 -0.01674724696 -3.001706722e-39 -1.415451579e-39
299001 -0.01674724696 -3.001706722e-39 -1.415451579e-39
299251 -0.01674724696 -3.001706722e-39 -1.415451579e-39
299501 -0.01674724696 -3.001706722e-39 -1.415451579e-39
299751 -0.01674724696 -3.001706722e-39 -1.415451579e-39
