0 0  -0 1
1 -0.000293307  -0.00104215 0.9999994139
101 -0.1922071383  0.04435148827 0.980351652
201 0.203596664  -0.03393901768 0.9784664233
301 -0.3925255213  -0.2157193089 0.8940855076
401 0.3106321756  0.1340081568 0.9410363783
501 -0.3256434422  -0.0978357702 0.9404172003
601 0.4825677878  0.09048313123 0.8711722753
701 -0.2774575459  0.0903590217 0.9564792509
801 0.2711086761  0.0212283599 0.9623146276
901 0.02554563534  0.2074794256 0.9779057769
1001 -0.06010062197  -0.02131683012 0.9979646827
1101 -0.01709416864  -0.006878933312 0.9998302204
1201 -0.06863136249  -0.2430577345 0.9675808358
1301 0.1852701378  0.3067833327 0.9335732231
1401 -0.1175916168  -0.3974603947 0.9100535403
1501 -0.04089056033  0.5060782529 0.8615177097
1601 0.1150466579  -0.6059246503 0.7871591863
1701 0.0873641259  0.6808305387 0.727211996
1801 -0.2068933746  -0.6466973556 0.7341509802
1901 0.2306104613  0.7436771757 0.627505437
2001 -0.305083953  -0.7751114842 0.5532865159
2101 0.3656944477  0.8833511485 0.2931864926
2201 -0.4139946846  -0.8502736141 0.3250279715
2301 0.465729242  0.7974815877 0.3835614559
2401 -0.6246314997  -0.7190786346 0.3045675735
2501 0.7644637587  0.5889453714 0.2621803028
2601 -0.8348288182  -0.4569143589 0.3070669518
2701 0.9078861514  0.3647632174 0.2066168708
2801 -0.8972947902  -0.2554225035 0.3600297268
2901 0.9440320672  0.1421697663 0.297642762
3001 -0.9800239487  -0.1556840521 0.1237559527
3101 0.9823742737  0.1224713444 0.141214575
3201 -0.9548029353  0.02567866007 0.2961282851
3301 0.9905551126  -0.1350978492 -0.02343373778
3401 -0.95739397  0.2599141392 -0.1258627285
3501 0.9350451897  -0.347152331 0.07194270195
3601 -0.8875726825  0.4421092771 0.1294377089
3701 0.8595388841  -0.4932853643 0.1336505001
3801 -0.814673133  0.5734191723 -0.08659179652
3901 0.734846781  -0.6385948976 -0.228466114
4001 -0.7052683589  0.6543086153 -0.2729043381
4101 0.5906541764  -0.6809048981 -0.4330082721
4201 -0.4209543272  0.6436013107 -0.6391985663
4301 0.2586045779  -0.6978776424 -0.6679000438
4401 -0.2890675251  0.6232524469 -0.7266335757
4501 0.5565418467  -0.6393399319 -0.530571036
4601 -0.5472399825  0.5661267792 -0.6164648176
4701 0.5712197694  -0.5011157858 -0.6500699534
4801 -0.5297722939  0.4551592374 -0.7156615018
4901 0.5993145746  -0.3503169073 -0.7197917095
5001 -0.5313649486  0.3445885732 -0.7738927617
5101 0.3872183364  -0.3500178253 -0.8529651118
5201 -0.3570881549  0.4330517058 -0.8276196408
5301 0.2717241773  -0.4484241854 -0.8515173054
5401 -0.3662971915  0.4678475782 -0.8043289197
5501 -0.2659350744  -0.05941320648 -0.9621583067
5601 0.0226764126  0.1985745174 -0.9798234236
5701 -0.1378952034  -0.2060715065 -0.9687721337
5801 0.06125132774  0.2459788173 -0.9673379432
5901 -0.02184138215  -0.1935266944 -0.9808518607
6001 0.08860899561  0.3152394559 -0.9448664093
6101 -0.1130218649  -0.1460001403 -0.9828072126
6201 0.08465514629  -0.0706180251 -0.9939047242
6301 -0.1785871729  0.2118011267 -0.9608573798
6401 0.1610681509  -0.2389110615 -0.9575899725
6501 -0.1677992832  0.2702667216 -0.9480502622
6601 -0.02858376266  -0.1917111937 -0.9810350589
6701 -0.01034088786  0.231137862 -0.9728660518
6801 0.07106401993  -0.2163866577 -0.9737179876
6901 0.07381642549  -0.1682680128 -0.9829735557
7001 -0.07717119371  0.2469482414 -0.9659509164
7101 0.1101306906  -0.3219106031 -0.9403429133
7201 -0.08727734744  0.4310460479 -0.8980990865
7301 -0.003246618923  -0.2112928612 -0.9774174064
7401 0.08368574248  0.1163585746 -0.9896753905
7501 -0.5194006117  -0.3767698711 -0.7669859639
7601 0.3792751068  0.3887157028 -0.8396728504
7701 -0.5242916861  -0.576466456 -0.6267412967
7801 0.7061617959  0.5096997405 -0.491468913
7901 -0.9018841926  -0.09117810458 -0.4222457299
8001 0.9348209465  0.04012416806 -0.3528453614
8101 -0.9107502539  0.1047607319 -0.3994485749
8201 0.9566955679  -0.07837757022 -0.2803400557
8301 -0.9874854601  0.1209993433 -0.1011514953
8401 0.9761788877  -0.1359921217 -0.1690589306
8501 -0.9540524987  0.2468397412 -0.1698645691
8601 0.9395694473  -0.3375287352 -0.05730276284
8701 -0.8686758709  0.4949142681 0.02149647613
8801 0.8347896678  -0.5382728192 -0.1157090433
8901 -0.7033875645  0.6301834922 -0.328807999
9001 0.6609529618  -0.6661715984 -0.3454802221
9101 -0.7092149173  0.6730899919 -0.2096760926
9201 0.6233600308  -0.7501952332 -0.2205207112
9301 -0.3995894195  0.8262233626 -0.3970935039
9401 0.3443534429  -0.8522945833 -0.3937189983
9501 -0.26691773  0.909140697 -0.3197156838
9601 0.2839401544  -0.8614191683 -0.4211116303
9701 -0.1982210434  0.8452405513 -0.4962628622
9801 0.1171802815  -0.9118041705 -0.393550424
9901 0.01405177184  0.8916652947 -0.4524771264
10001 -0.04536203595  -0.813611627 -0.5796364431
10101 0.1334246273  0.7617808135 -0.6339462603
10201 -0.2908482399  -0.7364123957 -0.6108224659
10301 0.1897765644  0.796404526 -0.5742165851
10401 -0.2264050465  -0.8301738519 -0.5094625899
10501 0.263347811  0.9129004355 -0.3118665182
10601 -0.3384794962  -0.9000237606 -0.2745703206
10701 0.3654341441  0.9164361138 -0.163103451
10801 -0.5230166962  -0.8511405176 0.04487042144
10901 0.5892787877  0.7659150493 0.2571471324
11001 -0.6252583089  -0.7012576494 0.3424759209
11101 0.7046164483  0.6832070629 0.1916866453
11201 -0.7555499029  -0.6414821784 0.1328343295
11301 0.7800832277  0.5237113489 0.3423398616
11401 -0.875957723  -0.4070059086 0.2589290595
11501 0.900239437  0.4104038102 0.1453879935
11601 -0.9194091728  -0.2912347846 0.2643275868
11701 0.953197293  0.2534714821 0.1648245381
11801 -0.9241153237  -0.2122288685 0.3177574168
11901 0.9247188129  0.1406305683 0.353720455
12001 -0.9227393685  -0.08547253756 0.3758277573
12101 0.757833834  0.0983010637 0.6449998302
12201 -0.8059518201  -0.1089789462 0.5818636034
12301 0.8787159901  0.08101647486 0.4704195357
12401 -0.9853462321  -0.1032287702 0.1357815299
12501 0.8908139472  0.02510486636 0.4536741752
12601 -0.9201334053  0.001297248135 0.3916029029
12701 0.8947482996  -0.2228692999 0.3869815958
12801 -0.69718214  0.2977248683 0.6521479636
12901 0.6465458364  -0.3352299229 0.6852732158
13001 -0.5476292323  0.3162053626 0.7746717967
13101 0.5023825996  -0.4215914709 0.754898904
13201 -0.4963773952  0.4846224254 0.7202434216
13301 0.637439579  -0.4658221166 0.613743056
13401 -0.6717480047  0.6340697295 0.3830276705
13501 0.6346789237  -0.7096565653 0.3058925027
13601 -0.5873525107  0.737617761 0.3330721646
13701 0.508087416  -0.8090226813 0.2955156152
13801 -0.2992089097  0.851346295 0.4309101
13901 0.1998402467  -0.9028451039 0.3807027636
14001 -0.2156266912  0.8466262449 0.48654818
14101 0.160929498  -0.8841977588 0.438515701
14201 -0.1257535146  0.8897235446 0.4388371768
14301 0.08271373822  -0.8822946567 0.4633730422
14401 0.003684249621  0.8987076328 0.4385328004
14501 -0.09037771541  -0.9297424761 0.3569464901
14601 0.09983862297  0.9668237638 0.235125624
14701 -0.09231567148  -0.9622593705 0.2559975012
14801 0.1649240773  0.9394722913 0.3003196008
14901 -0.3673993989  -0.8730041802 0.320751279
