0 0  -0 1
1 0.000601562  0.000601562 0.9999996381
4 0.001033735987  -0.000992398904 0.9999989733
7 0.0006161457142  0.0006685907007 0.9999995867
10 0.001045568428  -0.0009248327985 0.9999990257
13 0.0006252170526  0.0007365845792 0.9999995333
16 0.001051854094  -0.000856526858 0.99999908
19 0.000628716052  0.0008050914215 0.9999994783
22 0.001052551139  -0.0007879356643 0.9999991356
25 0.000626619443  0.0008736553168 0.999999422
28 0.001047654906  -0.0007195156976 0.9999991924
31 0.0006189411949  0.0009418199746 0.9999993649
34 0.001037197965  -0.0006517222986 0.9999992497
37 0.000605732423  0.001009131761 0.9999993074
40 0.001021249889  -0.0005850066385 0.9999993074
43 0.0005870810484  0.00107514272 0.9999992497
46 0.0009999167982  -0.0005198127159 0.999999365
49 0.0005631112129  0.001139413549 0.9999991923
52 0.0009733406473  -0.0004565744025 0.9999994221
55 0.0005339824527  0.00120151653 0.9999991356
58 0.0009416982854  -0.0003957125551 0.9999994783
61 0.0004998886368  0.00126103837 0.9999990799
64 0.0009052002769  -0.0003376322156 0.9999995333
67 0.0004610566767  0.001317582954 0.9999990257
70 0.0008640895008  -0.0002827199146 0.9999995867
73 0.0004177450162  0.001370773981 0.9999989732
76 0.0008186395343  -0.0002313410995 0.9999996382
79 0.0003702419117  0.001420257467 0.9999989229
82 0.0007691528321  -0.0001838377023 0.9999996873
85 0.0003188635136  0.001465704104 0.999998875
88 0.0007159587133  -0.0001405258638 0.9999997338
91 0.0002639517627  0.001506811447 0.9999988299
94 0.0006594111704  -0.0001016938302 0.9999997774
97 0.0002058721137  0.001543305931 0.9999987879
100 0.000599886513  -6.76000343e-05 0.9999998178
103 0.0001450111043  0.001574944689 0.9999987493
106 0.0005377808633  -3.847137582e-05 0.9999998547
109 8.177378161e-05  0.001601517168 0.9999987142
112 0.0004735075204  -1.450171132e-05 0.9999998878
115 1.658100749e-05  0.001622846532 0.999998683
118 0.0004074942095  4.149435903e-06 0.999999917
121 -5.013334288e-05  0.001638790839 0.9999986559
124 0.0003401802353  1.735793748e-05 0.999999942
127 -0.0001179252682  0.001649243982 0.999998633
130 0.0002720135587  2.503588605e-05 0.9999999627
133 -0.0001863435959  0.001654136402 0.9999986146
136 0.000203447815  2.71321803e-05 0.9999999789
139 -0.0002549329848  0.001653435542 0.9999986006
142 0.0001349392958  2.363286504e-05 0.9999999906
145 -0.0003232369552  0.001647146071 0.9999985912
148 6.694391165e-05  1.456122409e-05 0.9999999977
151 -0.0003908009271  0.00163530985 0.9999985865
154 -8.584190696e-08  -2.23746814e-08 1
157 -0.0004571752449  0.001618005653 0.9999985865
160 -6.570389546e-05  -2.00208811e-05 0.9999999976
163 -0.0005219181704  0.001595348645 0.9999985912
166 -0.0001294735746  -4.530120857e-05 0.9999999906
169 -0.0005845988223  0.001567489612 0.9999986006
172 -0.0001909705059  -7.569511976e-05 0.9999999789
175 -0.0006448000437  0.001534613961 0.9999986146
178 -0.0002497854412  -0.0001110003462 0.9999999626
181 -0.0007021211783  0.001496940484 0.9999986331
184 -0.0003055269811  -0.0001509819346 0.9999999419
187 -0.0007561807369  0.001454719903 0.999998656
190 -0.0003578241798  -0.00019537381 0.9999999169
193 -0.0008066189359  0.001408233199 0.9999986831
196 -0.0004063290139  -0.000243880547 0.9999998877
199 -0.0008531000922  0.001357789749 0.9999987143
202 -0.0004507186981  -0.0002961793359 0.9999998546
205 -0.0008953148565  0.001303725256 0.9999987494
208 -0.0004906978338  -0.0003519221303 0.9999998177
211 -0.0009329822727  0.001246399527 0.999998788
214 -0.0005260003748  -0.0004107379642 0.9999997773
217 -0.000965851647  0.001186194068 0.99999883
220 -0.0005563913976  -0.0004722354204 0.9999997337
223 -0.0009937042169  0.001123509553 0.9999988751
226 -0.0005816686654  -0.0005360052353 0.9999996872
229 -0.001016354607  0.001058763151 0.999998923
232 -0.0006016639734  -0.0006016230229 0.999999638
235 -0.001033652061  0.000992385757 0.9999989734
238 -0.0006162442686  -0.0006686520989 0.9999995866
241 -0.001045481449  0.0009248191165 0.9999990258
244 -0.0006253125349  -0.0007366463868 0.9999995332
247 -0.001051764029  0.0008565128917 0.9999990801
250 -0.0006288084392  -0.0008051533868 0.9999994782
253 -0.001052457975  0.0007879216662 0.9999991358
256 -0.0006267087324  -0.0008737171869 0.9999994219
259 -0.001047558651  0.0007195019204 0.9999991925
262 -0.0006190274045  -0.0009418814973 0.9999993648
265 -0.001037098646  0.0006517089936 0.9999992499
268 -0.0006058155915  -0.001009192687 0.9999993073
271 -0.001021147556  0.0005849940537 0.9999993075
274 -0.0005871612345  -0.001075202802 0.9999992496
277 -0.0009998115195  0.0005198010947 0.9999993651
280 -0.0005631884952  -0.001139472548 0.9999991922
283 -0.0009732325113  0.0004565639817 0.9999994222
286 -0.0005340569293  -0.001201574213 0.9999991355
289 -0.0009415873994  0.0003957035637 0.9999994784
292 -0.0004999604242  -0.001261094512 0.9999990798
295 -0.0009050867666  0.000337624873 0.9999995334
298 -0.0004611259093  -0.001317637341 0.9999990256
301 -0.0008639735094  0.0002827144291 0.9999995868
304 -0.0004178118457  -0.00137082641 0.9999989731
307 -0.0008185212215  0.0002313376672 0.9999996383
310 -0.0003703065056  -0.00142030775 0.9999989228
313 -0.0007690323729  0.0001838365055 0.9999996874
316 -0.0003189260544  -0.001465752065 0.9999988749
319 -0.0007158362972  0.0001405270701 0.9999997339
322 -0.0002640124462  -0.001506856927 0.9999988298
325 -0.0006592869997  0.0001016975911 0.9999997775
328 -0.0002059311485  -0.001543348786 0.9999987878
331 -0.0005997608018  6.760648434e-05 0.9999998179
334 -0.0001450687097  -0.001574984793 0.9999987492
337 -0.000537653836  3.848063157e-05 0.9999998547
340 -8.183018665e-05  -0.001601554415 0.9999987142
343 -0.0004733794101  1.451387073e-05 0.9999998879
346 -1.6636449e-05  -0.001622880833 0.999998683
349 -0.0004073652564  -4.134294232e-06 0.999999917
352 5.00786216e-05  -0.001638822125 0.9999986559
355 -0.0003400506855  -1.733975478e-05 0.999999942
358 0.000117871019  -0.001649272205 0.999998633
361 -0.0002718836619  -2.501462381e-05 0.9999999627
364 0.0001862895676  -0.001654161533 0.9999986145
367 -0.0002033178235  -2.710782049e-05 0.999999979
370 0.0002548789247  -0.001653457573 0.9999986006
373 -0.0001348094624  -2.360541025e-05 0.9999999906
376 0.0003231826108  -0.001647165016 0.9999985912
379 -6.6814488e-05  -1.453069751e-05 0.9999999977
382 0.0003907460477  -0.001635325742 0.9999985865
385 2.14606662e-07  5.592941832e-08 1
388 0.0004571195835  -0.001618018546 0.9999985865
391 6.583175667e-05  2.005740021e-05 0.9999999976
394 0.0005218614852  -0.001595358613 0.9999985912
397 0.0001296002936  4.534060852e-05 0.9999999906
400 0.0005845408782  -0.001567496747 0.9999986006
403 0.0001910958517  7.573729786e-05 0.9999999789
406 0.000644740614  -0.001534618376 0.9999986146
409 0.0002499091918  0.0001110451813 0.9999999626
412 0.0007020600463  -0.001496942309 0.9999986331
415 0.0003056489253  0.0001510292877 0.9999999419
418 0.0007561176971  -0.001454719284 0.999998656
421 0.0003579441184  0.0001954235256 0.9999999168
424 0.0008065537956  -0.001408230302 0.9999986832
427 0.0004064467609  0.0002439324538 0.9999998876
430 0.0008530326726  -0.00135778475 0.9999987144
433 0.0004508340822  0.0002962332478 0.9999998545
436 0.0008952449941  -0.001303718351 0.9999987494
439 0.0004908106994  0.0003519778482 0.9999998176
442 0.00093290982  -0.001246390919 0.9999987881
445 0.000526110583  0.0004107952767 0.9999997772
448 0.000965776474  -0.001186183975 0.9999988301
451 0.0005564988273  0.0004722941055 0.9999997336
454 0.0009936262115  -0.001123498201 0.9999988752
457 0.0005817732139  0.0005360650621 0.9999996871
460 0.001016273676  -0.001058750775 0.9999989231
463 0.0006017655572  0.0006016837527 0.9999996379
466 0.001033568131  -0.0009923725992 0.9999989735
469 0.0006163428239  0.000668713487 0.9999995865
472 0.001045394466  -0.0009248054239 0.9999990259
475 0.0006254080182  0.0007367081841 0.9999995331
478 0.00105167396  -0.0008564989149 0.9999990802
481 0.0006289008273  0.0008052153416 0.9999994781
484 0.001052364806  -0.0007879076577 0.9999991359
487 0.0006267980227  0.0008737790464 0.9999994218
490 0.001047462391  -0.000719488133 0.9999991926
493 0.0006191136152  0.0009419430094 0.9999993647
496 0.001036999323  -0.0006516956785 0.99999925
499 0.000605898761  0.001009253602 0.9999993071
502 0.001021045219  -0.000584981459 0.9999993076
505 0.0005872414217  0.001075262874 0.9999992495
508 0.0009997062364  -0.0005197894637 0.9999993652
511 0.0005632657787  0.001139531536 0.9999991921
514 0.000973124371  -0.0004565535513 0.9999994223
517 0.000534131407  0.001201631884 0.9999991354
520 0.0009414765092  -0.0003956945628 0.9999994785
523 0.0005000322127  0.001261150642 0.9999990797
526 0.0009049732523  -0.0003376175209 0.9999995335
529 0.0004611951433  0.001317691716 0.9999990255
532 0.0008638575141  -0.0002827089343 0.9999995869
535 0.0004178786767  0.001370878828 0.999998973
538 0.0008184029047  -0.0002313342257 0.9999996384
541 0.000370371101  0.001420358021 0.9999989227
544 0.0007689119099  -0.0001838352996 0.9999996875
547 0.0003189885967  0.001465800014 0.9999988748
550 0.0007157138773  -0.0001405282674 0.999999734
553 0.0002640731315  0.001506902394 0.9999988298
556 0.0006591628254  -0.0001017013431 0.9999997776
559 0.0002059901852  0.001543391629 0.9999987878
562 0.0005996350871  -6.76129255e-05 0.9999998179
565 0.0001451263172  0.001575024886 0.9999987491
568 0.0005375268053  -3.848987851e-05 0.9999998548
571 8.18865938e-05  0.001601591649 0.9999987141
574 0.0004732512965  -1.452602136e-05 0.9999998879
577 1.669189274e-05  0.001622915122 0.9999986829
580 0.0004072363003  4.119161297e-06 0.9999999171
583 -5.002389795e-05  0.001638853399 0.9999986558
586 0.0003399211326  1.73215808e-05 0.9999999421
589 -0.0001178167674  0.001649300416 0.999998633
592 0.0002717537622  2.499337026e-05 0.9999999628
595 -0.0001862355367  0.001654186652 0.9999986145
598 0.0002031878292  2.708346937e-05 0.999999979
601 -0.0002548248618  0.001653479593 0.9999986005
604 0.0001346796263  2.357796416e-05 0.9999999907
607 -0.0003231282634  0.001647183949 0.9999985912
610 6.668506197e-05  1.450017965e-05 0.9999999977
613 -0.0003906911652  0.001635341622 0.9999985865
616 -3.433736672e-07  -8.947540671e-08 1
619 -0.0004570639189  0.001618031427 0.9999985865
622 -6.595962e-05  -2.009391052e-05 0.9999999976
625 -0.0005218047966  0.001595368568 0.9999985913
628 -0.0001297270146  -4.537999963e-05 0.9999999906
631 -0.0005844829306  0.00156750387 0.9999986007
634 -0.0001912211993  -7.577946706e-05 0.9999999788
637 -0.0006446811807  0.001534622779 0.9999986147
640 -0.0002500329443  -0.0001110900074 0.9999999626
643 -0.0007019989106  0.001496944121 0.9999986332
646 -0.0003057708712  -0.0001510766318 0.9999999418
649 -0.0007560546535  0.001454718654 0.9999986561
652 -0.0003580640585  -0.0001954732321 0.9999999168
655 -0.0008064886514  0.001408227392 0.9999986832
658 -0.0004065645093  -0.0002439843513 0.9999998876
661 -0.000852965249  0.001357779741 0.9999987144
664 -0.0004509494676  -0.0002962871504 0.9999998544
667 -0.0008951751275  0.001303711433 0.9999987495
670 -0.0004909235662  -0.0003520335566 0.9999998175
673 -0.0009328373631  0.0012463823 0.9999987882
676 -0.0005262207923  -0.0004108525796 0.9999997771
679 -0.0009657012967  0.00118617387 0.9999988302
682 -0.0005566062581  -0.000472352781 0.9999997335
685 -0.0009935482019  0.001123486837 0.9999988753
688 -0.0005818777634  -0.000536124879 0.999999687
691 -0.001016192741  0.001058738389 0.9999989232
694 -0.0006018671421  -0.0006017444724 0.9999996378
697 -0.001033484197  0.0009923594306 0.9999989736
700 -0.0006164413803  -0.0006687748649 0.9999995864
703 -0.001045307479  0.0009247917207 0.999999026
706 -0.0006255035025  -0.0007367699712 0.999999533
709 -0.001051583886  0.0008564849277 0.9999990803
712 -0.0006289932164  -0.0008052772861 0.9999994779
715 -0.001052271634  0.000787893639 0.999999136
718 -0.0006268873141  -0.0008738408954 0.9999994217
721 -0.001047366127  0.0007194743354 0.9999991927
724 -0.0006191998269  -0.0009420045107 0.9999993646
727 -0.001036899996  0.0006516823534 0.9999992501
730 -0.0006059819316  -0.001009314505 0.999999307
733 -0.001020942877  0.0005849688544 0.9999993077
736 -0.0005873216099  -0.001075322934 0.9999992494
739 -0.0009996009491  0.0005197778229 0.9999993653
742 -0.0005633430633  -0.001139590513 0.999999192
745 -0.0009730162264  0.0004565431112 0.9999994224
748 -0.0005342058859  -0.001201689544 0.9999991353
751 -0.0009413656148  0.0003956855523 0.9999994786
754 -0.0005001040026  -0.001261206761 0.9999990796
757 -0.0009048597338  0.0003376101593 0.9999995336
760 -0.0004612643787  -0.001317746079 0.9999990254
763 -0.0008637415146  0.0002827034301 0.999999587
766 -0.0004179455091  -0.001370931234 0.9999989729
769 -0.0008182845841  0.0002313307749 0.9999996384
772 -0.000370435698  -0.00142040828 0.9999989226
775 -0.0007687914431  0.0001838340847 0.9999996876
778 -0.0003190511407  -0.001465847951 0.9999988747
781 -0.0007155914537  0.0001405294557 0.9999997341
784 -0.0002641338185  -0.001506947849 0.9999988297
787 -0.0006590386475  0.0001017050862 0.9999997777
790 -0.0002060492237  -0.00154343446 0.9999987877
793 -0.000599509369  6.761935779e-05 0.999999818
796 -0.0001451839266  -0.001575064966 0.999998749
799 -0.0005373997713  3.849911663e-05 0.9999998549
802 -8.194300307e-05  -0.001601628872 0.999998714
805 -0.0004731231797  1.453816323e-05 0.999999888
808 -1.674733874e-05  -0.001622949398 0.9999986829
811 -0.000407107341  -4.10403709e-06 0.9999999171
814 4.99691719e-05  -0.001638884661 0.9999986558
817 -0.0003397915768  -1.730341552e-05 0.9999999421
820 0.0001177625132  -0.001649328614 0.9999986329
823 -0.0002716238598  -2.497212541e-05 0.9999999628
826 0.0001861815031  -0.001654211758 0.9999986145
829 -0.0002030578323  -2.705912693e-05 0.999999979
832 0.0002547707961  -0.0016535016 0.9999986005
835 -0.0001345497878  -2.355052676e-05 0.9999999907
838 0.0003230739131  -0.00164720287 0.9999985912
841 -6.655563355e-05  -1.44696705e-05 0.9999999977
844 0.0003906362796  -0.00163535749 0.9999985865
847 4.721429231e-07  1.230126469e-07 1
850 0.000457008251  -0.001618044296 0.9999985865
853 6.608748544e-05  2.013041204e-05 0.9999999976
856 0.0005217481046  -0.001595378511 0.9999985913
859 0.0001298537376  4.541938189e-05 0.9999999905
862 0.0005844249795  -0.001567510981 0.9999986007
865 0.0001913465489  7.582162735e-05 0.9999999788
868 0.0006446217438  -0.001534627169 0.9999986147
871 0.0002501566984  0.0001111348245 0.9999999625
874 0.0007019377711  -0.001496945922 0.9999986332
877 0.0003058928187  0.0001511239669 0.9999999418
880 0.000755991606  -0.001454718012 0.9999986561
883 0.0003581840001  0.0001955229294 0.9999999167
886 0.0008064235033  -0.001408224471 0.9999986833
889 0.0004066822591  0.0002440362396 0.9999998875
892 0.0008528978214  -0.00135777472 0.9999987145
895 0.0004510648543  0.0002963410437 0.9999998544
898 0.0008951052568  -0.001303704505 0.9999987496
901 0.0004910364342  0.0003520892555 0.9999998175
904 0.0009327649021  -0.001246373669 0.9999987883
907 0.0005263310029  0.0004109098728 0.9999997771
910 0.0009656261152  -0.001186163754 0.9999988303
913 0.00055671369  0.0004724114467 0.9999997334
916 0.0009934701879  -0.001123475463 0.9999988754
919 0.0005819823141  0.0005361846861 0.9999996869
922 0.001016111801  -0.001058725991 0.9999989233
925 0.0006019687279  0.0006018051822 0.9999996377
928 0.001033400258  -0.0009923462513 0.9999989737
931 0.0006165399377  0.0006688362328 0.9999995863
934 0.001045220487  -0.0009247780069 0.9999990261
937 0.0006255989879  0.0007368317481 0.9999995329
940 0.001051493808  -0.00085647093 0.9999990804
943 0.0006290856065  0.0008053392201 0.9999994778
946 0.001052178456  -0.0007878796099 0.9999991361
949 0.0006269766065  0.0008739027339 0.9999994216
952 0.001047269858  -0.0007194605276 0.9999991928
955 0.0006192860396  0.0009420660014 0.9999993645
958 0.001036800664  -0.0006516690182 0.9999992502
961 0.0006060651032  0.001009375398 0.9999993069
964 0.001020840531  -0.0005849562399 0.9999993079
967 0.0005874017993  0.001075382983 0.9999992493
970 0.0009994956574  -0.0005197661723 0.9999993654
973 0.000563420349  0.001139649478 0.9999991919
976 0.0009729080776  -0.0004565326614 0.9999994225
979 0.0005342803659  0.001201747192 0.9999991352
982 0.0009412547163  -0.0003956765322 0.9999994787
985 0.0005001757937  0.001261262868 0.9999990795
988 0.0009047462112  -0.0003376027884 0.9999995337
991 0.0004613336154  0.001317800431 0.9999990253
994 0.0008636255112  -0.0002826979167 0.9999995871
997 0.0004180123429  0.001370983628 0.9999989728
1000 0.0008181662595  -0.000231327315 0.9999996385
1003 0.0003705002965  0.001420458527 0.9999989225
1006 0.0007686709724  -0.0001838328606 0.9999996877
1009 0.0003191136863  0.001465895876 0.9999988747
1012 0.0007154690264  -0.000140530635 0.9999997342
1015 0.0002641945073  0.001506993293 0.9999988296
1018 0.000658914466  -0.0001017088203 0.9999997777
1021 0.0002061082641  0.001543477278 0.9999987876
1024 0.0005993836474  -6.76257812e-05 0.9999998181
1027 0.0001452415381  0.001575105035 0.999998749
1030 0.0005372727339  -3.850834593e-05 0.9999998549
1033 8.199941446e-05  0.001601666083 0.999998714
1036 0.0004729950597  -1.455029633e-05 0.999999888
1039 1.680278699e-05  0.001622983663 0.9999986828
1042 0.0004069783787  4.088921616e-06 0.9999999172
1045 -4.991444346e-05  0.001638915911 0.9999986557
1048 0.0003396620181  1.728525894e-05 0.9999999422
1051 -0.0001177082564  0.001649356801 0.9999986329
1054 0.0002714939545  2.495088924e-05 0.9999999628
1057 -0.0001861274668  0.001654236853 0.9999986144
1060 0.0002029278328  2.703479319e-05 0.999999979
1063 -0.0002547167275  0.001653523596 0.9999986005
1066 0.0001344199467  2.352309806e-05 0.9999999907
1069 -0.0003230195598  0.001647221779 0.9999985912
1072 6.642620273e-05  1.443917006e-05 0.9999999977
1075 -0.000390581391  0.001635373346 0.9999985865
1078 -6.009144498e-07  -1.565411426e-07 1
1081 -0.00045695258  0.001618057153 0.9999985865
1084 -6.621535303e-05  -2.016690478e-05 0.9999999976
1087 -0.0005216914093  0.001595388443 0.9999985913
1090 -0.0001299804626  -4.545875531e-05 0.9999999905
1093 -0.0005843670249  0.001567518081 0.9999986007
1096 -0.0001914719003  -7.586377873e-05 0.9999999788
1099 -0.0006445623033  0.001534631548 0.9999986147
1102 -0.0002502804543  -0.0001111796326 0.9999999625
1105 -0.000701876628  0.001496947711 0.9999986333
1108 -0.0003060147679  -0.0001511712929 0.9999999418
1111 -0.0007559285548  0.001454717358 0.9999986562
1114 -0.0003583039433  -0.0001955726176 0.9999999167
1117 -0.0008063583512  0.001408221539 0.9999986833
1120 -0.0004068000104  -0.0002440881186 0.9999998875
1123 -0.0008528303898  0.001357769687 0.9999987146
1126 -0.0004511802424  -0.0002963949276 0.9999998543
1129 -0.000895035382  0.001303697565 0.9999987496
1132 -0.0004911493036  -0.0003521449449 0.9999998174
1135 -0.0009326924368  0.001246365027 0.9999987883
1138 -0.0005264412146  -0.0004109671565 0.999999777
1141 -0.0009655509294  0.001186153627 0.9999988304
1144 -0.000556821123  -0.0004724701027 0.9999997334
1147 -0.0009933921696  0.001123464078 0.9999988755
1150 -0.0005820868658  -0.0005362444833 0.9999996868
1153 -0.001016030857  0.001058713582 0.9999989234
1156 -0.0006020703149  -0.0006018658821 0.9999996376
1159 -0.001033316315  0.0009923330612 0.9999989738
1162 -0.0006166384961  -0.0006688975905 0.9999995862
1165 -0.001045133491  0.0009247642824 0.9999990263
1168 -0.0006256944742  -0.0007368935146 0.9999995327
1171 -0.001051403726  0.0008564569217 0.9999990805
1174 -0.0006291779976  -0.0008054011438 0.9999994777
1177 -0.001052085275  0.0007878655704 0.9999991362
1180 -0.0006270658998  -0.0008739645618 0.9999994215
1183 -0.001047173585  0.0007194467097 0.9999991929
1186 -0.0006193722533  -0.0009421274814 0.9999993644
1189 -0.001036701328  0.0006516556729 0.9999992503
1192 -0.0006061482758  -0.001009436281 0.9999993068
1195 -0.001020738181  0.0005849436154 0.999999308
1198 -0.0005874819897  -0.001075443022 0.9999992491
1201 -0.0009993903614  0.0005197545119 0.9999993655
1204 -0.0005634976358  -0.001139708433 0.9999991918
1207 -0.0009727999245  0.000456522202 0.9999994226
1210 -0.0005343548472  -0.00120180483 0.9999991351
1213 -0.0009411438135  0.0003956675027 0.9999994788
1216 -0.0005002475861  -0.001261318964 0.9999990794
1219 -0.0009046326845  0.000337595408 0.9999995338
1222 -0.0004614028534  -0.001317854772 0.9999990252
1225 -0.0008635095037  0.0002826923939 0.9999995872
1228 -0.0004180791781  -0.001371036011 0.9999989727
1231 -0.0008180479309  0.0002313238458 0.9999996386
1234 -0.0003705648965  -0.001420508763 0.9999989224
1237 -0.0007685504979  0.0001838316274 0.9999996878
1240 -0.0003191762335  -0.00146594379 0.9999988746
1243 -0.0007153465954  0.0001405318052 0.9999997343
1246 -0.0002642551978  -0.001507038725 0.9999988295
1249 -0.0006587902809  0.0001017125454 0.9999997778
1252 -0.0002061673064  -0.001543520085 0.9999987875
1255 -0.0005992579223  6.763219573e-05 0.9999998182
1258 -0.0001452991515  -0.001575145091 0.9999987489
1261 -0.0005371456932  3.851756642e-05 0.999999855
1264 -8.205582796e-05  -0.001601703281 0.9999987139
1267 -0.0004728669365  1.456242066e-05 0.9999998881
1270 -1.685823749e-05  -0.001623017915 0.9999986828
1273 -0.0004068494133  -4.073814874e-06 0.9999999172
1276 4.985971265e-05  -0.001638947148 0.9999986557
1279 -0.0003395324564  -1.726711107e-05 0.9999999422
1282 0.0001176539972  -0.001649384975 0.9999986328
1285 -0.0002713640464  -2.492966176e-05 0.9999999629
1288 0.0001860734279  -0.001654261936 0.9999986144
1291 -0.0002027978305  -2.701046813e-05 0.9999999791
1294 0.0002546626562  -0.001653545579 0.9999986005
1297 -0.0001342901031  -2.349567805e-05 0.9999999907
1300 0.0003229652036  -0.001647240676 0.9999985911
1303 -6.62967695e-05  -1.440867834e-05 0.9999999977
1306 0.0003905264993  -0.00163538919 0.9999985865
1309 7.296882538e-07  1.900608986e-07 1
1312 0.0004568969057  -0.001618069997 0.9999985865
1315 6.634322276e-05  2.020338873e-05 0.9999999976
1318 0.0005216347107  -0.001595398362 0.9999985913
1321 0.0001301071897  4.549811991e-05 0.9999999905
1324 0.0005843090668  -0.001567525168 0.9999986007
1327 0.0001915972536  7.590592124e-05 0.9999999788
1330 0.0006445028592  -0.001534635915 0.9999986148
1333 0.000250404212  0.0001112244318 0.9999999625
1336 0.0007018154811  -0.001496949488 0.9999986333
1339 0.0003061367187  0.0001512186098 0.9999999417
1342 0.0007558654997  -0.001454716693 0.9999986562
1345 0.000358423888  0.0001956222967 0.9999999166
1348 0.0008062931952  -0.001408218595 0.9999986834
1351 0.0004069177632  0.0002441399884 0.9999998874
1354 0.0008527629541  -0.001357764643 0.9999987146
1357 0.0004512956319  0.0002964488021 0.9999998542
1360 0.0008949655032  -0.001303690613 0.9999987497
1363 0.0004912621742  0.0003522006249 0.9999998173
1366 0.0009326199674  -0.001246356374 0.9999987884
1369 0.0005265514276  0.0004110244307 0.9999997769
1372 0.0009654757394  -0.001186143489 0.9999988305
1375 0.0005569285573  0.000472528749 0.9999997333
1378 0.000993314147  -0.001123452681 0.9999988756
1381 0.0005821914186  0.0005363042708 0.9999996867
1384 0.001015949909  -0.001058701163 0.9999989235
1387 0.0006021719029  0.000601926572 0.9999996375
1390 0.001033232367  -0.0009923198603 0.9999989739
1393 0.0006167370556  0.0006689589382 0.9999995861
1396 0.00104504649  -0.0009247505473 0.9999990264
1399 0.0006257899615  0.000736955271 0.9999995326
1402 0.001051313639  -0.000856442903 0.9999990806
1405 0.0006292703897  0.0008054630571 0.9999994776
1408 0.001051992088  -0.0007878515206 0.9999991363
1411 0.0006271551942  0.0008740263793 0.9999994214
1414 0.001047077307  -0.0007194328814 0.999999193
1417 0.0006194584681  0.0009421889508 0.9999993643
1420 0.001036601987  -0.0006516423175 0.9999992504
1423 0.0006062314495  0.001009497152 0.9999993067
1426 0.001020635826  -0.0005849309809 0.9999993081
1429 0.0005875621812  0.001075503049 0.999999249
1432 0.0009992850611  -0.0005197428417 0.9999993656
1435 0.0005635749238  0.001139767376 0.9999991917
1438 0.0009726917671  -0.0004565117328 0.9999994227
1441 0.0005344293297  0.001201862456 0.999999135
1444 0.0009410329065  -0.0003956584635 0.999999479
1447 0.0005003193797  0.001261375049 0.9999990793
1450 0.0009045191536  -0.0003375880182 0.9999995339
1453 0.0004614720928  0.001317909102 0.9999990251
1456 0.0008633934921  -0.0002826868617 0.9999995873
1459 0.0004181460148  0.001371088383 0.9999989726
1462 0.0008179295983  -0.0002313203674 0.9999996387
1465 0.0003706294981  0.001420558987 0.9999989223
1468 0.0007684300194  -0.000183830385 0.9999996879
1471 0.0003192387823  0.001465991692 0.9999988745
1474 0.0007152241605  -0.0001405329664 0.9999997344
1477 0.0002643158901  0.001507084145 0.9999988294
1480 0.000658666092  -0.0001017162616 0.9999997779
1483 0.0002062263505  0.001543562881 0.9999987874
1486 0.0005991321935  -6.763860136e-05 0.9999998182
1489 0.0001453567669  0.001575185136 0.9999987488
1492 0.0005370186489  -3.852677806e-05 0.9999998551
1495 8.211224354e-05  0.001601740468 0.9999987138
1498 0.0004727388098  -1.457453621e-05 0.9999998882
1501 1.69136902e-05  0.001623052156 0.9999986827
1504 0.0004067204446  4.05871687e-06 0.9999999173
1507 -4.980497949e-05  0.001638978374 0.9999986556
1510 0.0003394028915  1.72489719e-05 0.9999999423
1513 -0.0001175997355  0.001649413137 0.9999986328
1516 0.0002712341353  2.490844297e-05 0.9999999629
1519 -0.0001860193864  0.001654287006 0.9999986144
1522 0.0002026678253  2.698615173e-05 0.9999999791
1525 -0.0002546085821  0.00165356755 0.9999986004
1528 0.0001341602567  2.34682667e-05 0.9999999907
1531 -0.0003229108445  0.00164725956 0.9999985911
1534 6.616733365e-05  1.437819529e-05 0.9999999977
1537 -0.0003904716045  0.001635405022 0.9999985865
1540 -8.584645233e-07  -2.235719617e-07 1
1543 -0.0004568412283  0.00161808283 0.9999985866
1546 -6.647109481e-05  -2.023986396e-05 0.9999999976
1549 -0.0005215780087  0.001595408269 0.9999985913
1552 -0.0001302339189  -4.553747574e-05 0.9999999905
1555 -0.0005842511053  0.001567532243 0.9999986007
1558 -0.0001917226089  -7.594805491e-05 0.9999999787
1561 -0.0006444434116  0.001534640271 0.9999986148
1564 -0.0002505279716  -0.0001112692221 0.9999999624
1567 -0.0007017543305  0.001496951253 0.9999986333
1570 -0.0003062586714  -0.0001512659178 0.9999999417
1573 -0.0007558024408  0.001454716016 0.9999986563
1576 -0.0003585438345  -0.0001956719667 0.9999999166
1579 -0.0008062280353  0.001408215639 0.9999986835
1582 -0.0004070355175  -0.0002441918491 0.9999998873
1585 -0.0008526955144  0.001357759587 0.9999987147
1588 -0.0004514110229  -0.0002965026674 0.9999998542
1591 -0.0008948956202  0.00130368365 0.9999987498
1594 -0.0004913750462  -0.0003522562956 0.9999998172
1597 -0.0009325474938  0.001246347709 0.9999987885
1600 -0.0005266616419  -0.0004110816953 0.9999997768
1603 -0.0009654005451  0.00118613334 0.9999988305
1606 -0.0005570359927  -0.0004725873857 0.9999997332
1609 -0.0009932361201  0.001123441274 0.9999988757
1612 -0.0005822959726  -0.0005363640485 0.9999996866
1615 -0.001015868956  0.001058688732 0.9999989236
1618 -0.000602273492  -0.000601987252 0.9999996374
1621 -0.001033148415  0.0009923066486 0.999998974
1624 -0.0006168356161  -0.0006690202758 0.999999586
1627 -0.001044959485  0.0009247368015 0.9999990265
1630 -0.0006258854499  -0.0007370170173 0.9999995325
1633 -0.001051223547  0.0008564288737 0.9999990807
1636 -0.0006293627829  -0.0008055249602 0.9999994775
1639 -0.001051898898  0.0007878374603 0.9999991364
1642 -0.0006272444897  -0.0008740881863 0.9999994213
1645 -0.001046981025  0.0007194190429 0.9999991931
1648 -0.0006195446839  -0.0009422504096 0.9999993642
1651 -0.001036502642  0.000651628952 0.9999992505
1654 -0.0006063146243  -0.001009558013 0.9999993066
1657 -0.001020533466  0.0005849183365 0.9999993082
1660 -0.0005876423738  -0.001075563066 0.9999992489
1663 -0.0009991797563  0.0005197311616 0.9999993658
1666 -0.000563652213  -0.001139826309 0.9999991915
1669 -0.0009725836054  0.000456501254 0.9999994228
1672 -0.0005345038133  -0.001201920071 0.9999991348
1675 -0.0009409219952  0.0003956494147 0.9999994791
1678 -0.0005003911746  -0.001261431123 0.9999990792
1681 -0.0009044056185  0.0003375806189 0.999999534
1684 -0.0004615413335  -0.001317963419 0.999999025
1687 -0.0008632774764  0.0002826813202 0.9999995874
1690 -0.0004182128529  -0.001371140742 0.9999989725
1693 -0.0008178112617  0.0002313168797 0.9999996388
1696 -0.0003706941011  -0.0014206092 0.9999989222
1699 -0.000768309537  0.0001838291335 0.999999688
1702 -0.0003193013328  -0.001466039582 0.9999988744
1705 -0.0007151017218  0.0001405341185 0.9999997344
1708 -0.000264376584  -0.001507129553 0.9999988293
1711 -0.0006585418995  0.0001017199688 0.999999778
1714 -0.0002062853964  -0.001543605664 0.9999987874
1717 -0.0005990064612  6.76449981e-05 0.9999998183
1720 -0.0001454143842  -0.001575225168 0.9999987488
1723 -0.0005368916013  3.853598088e-05 0.9999998551
1726 -8.216866122e-05  -0.001601777643 0.9999987138
1729 -0.0004726106799  1.458664298e-05 0.9999998882
1732 -1.696914514e-05  -0.001623086384 0.9999986827
1735 -0.0004065914727  -4.043627603e-06 0.9999999173
1738 4.975024396e-05  -0.001639009588 0.9999986556
1741 -0.0003392733237  -1.723084144e-05 0.9999999423
1744 0.0001175454712  -0.001649441287 0.9999986328
1747 -0.0002711042214  -2.488723286e-05 0.9999999629
1750 0.0001859653422  -0.001654312065 0.9999986143
1753 -0.0002025378175  -2.696184402e-05 0.9999999791
1756 0.0002545545053  -0.001653589509 0.9999986004
1759 -0.0001340304078  -2.344086405e-05 0.9999999907
1762 0.0003228564824  -0.001647278433 0.9999985911
1765 -6.60378954e-05  -1.434772095e-05 0.9999999977
1768 0.0003904167067  -0.001635420841 0.9999985865
1771 9.872430626e-07  2.57074282e-07 1
1774 0.0004567855476  -0.001618095651 0.9999985866
1777 6.6598969e-05  2.027633041e-05 0.9999999976
1780 0.0005215213034  -0.001595418165 0.9999985913
1783 0.0001303606501  4.557682273e-05 0.9999999905
1786 0.0005841931404  -0.001567539306 0.9999986008
1789 0.0001918479662  7.599017969e-05 0.9999999787
1792 0.0006443839604  -0.001534644614 0.9999986148
1795 0.000250651733  0.0001113140034 0.9999999624
1798 0.0007016931763  -0.001496953007 0.9999986334
1801 0.0003063806257  0.0001513132168 0.9999999416
1804 0.0007557393781  -0.001454715327 0.9999986563
1807 0.0003586637824  0.0001957216276 0.9999999165
1810 0.0008061628714  -0.001408212671 0.9999986835
1813 0.0004071532733  0.0002442437005 0.9999998873
1816 0.0008526280707  -0.00135775452 0.9999987148
1819 0.0004515264152  0.0002965565234 0.9999998541
1822 0.0008948257331  -0.001303676676 0.9999987499
1825 0.0004914879195  0.0003523119568 0.9999998172
1828 0.000932475016  -0.001246339033 0.9999987886
1831 0.0005267718574  0.0004111389504 0.9999997767
1834 0.0009653253466  -0.001186123179 0.9999988306
1837 0.0005571434293  0.0004726460127 0.9999997331
1840 0.0009931580889  -0.001123429855 0.9999988758
1843 0.0005824005277  0.0005364238163 0.9999996865
1846 0.001015787999  -0.001058676291 0.9999989237
1849 0.0006023750822  0.000602047922 0.9999996373
1852 0.001033064459  -0.0009922934261 0.9999989741
1855 0.0006169341777  0.0006690816033 0.9999995859
1858 0.001044872476  -0.000924723045 0.9999990266
1861 0.0006259809393  0.0007370787532 0.9999995324
1864 0.001051133452  -0.000856414834 0.9999990808
1867 0.0006294551771  0.0008055868528 0.9999994774
1870 0.001051805703  -0.0007878233897 0.9999991365
1873 0.0006273337861  0.0008741499827 0.9999994212
1876 0.001046884739  -0.0007194051942 0.9999991932
1879 0.0006196309007  0.0009423118577 0.9999993641
1882 0.001036403293  -0.0006516155764 0.9999992506
1885 0.0006063978001  0.001009618863 0.9999993065
1888 0.001020431103  -0.0005849056821 0.9999993083
1891 0.0005877225675  0.001075623072 0.9999992488
1894 0.0009990744473  -0.0005197194717 0.9999993659
1897 0.0005637295032  0.00113988523 0.9999991914
1900 0.0009724754394  -0.0004564907654 0.999999423
1903 0.0005345782982  0.001201977675 0.9999991347
1906 0.0009408110798  -0.0003956403564 0.9999994792
1909 0.0005004629707  0.001261487185 0.9999990791
1912 0.0009042920793  -0.0003375732101 0.9999995342
1915 0.0004616105755  0.001318017726 0.9999990249
1918 0.0008631614567  -0.0002826757694 0.9999995875
1921 0.0004182796924  0.001371193091 0.9999989724
1924 0.0008176929211  -0.0002313133828 0.9999996389
1927 0.0003707587057  0.001420659401 0.9999989221
1930 0.0007681890508  -0.0001838278729 0.999999688
1933 0.0003193638849  0.001466087461 0.9999988743
1936 0.0007149792794  -0.0001405352616 0.9999997345
1939 0.0002644372797  0.00150717495 0.9999988292
1942 0.0006584177033  -0.0001017236671 0.9999997781
1945 0.0002063444442  0.001543648435 0.9999987873
1948 0.0005988807254  -6.765138596e-05 0.9999998184
1951 0.0001454720035  0.001575265189 0.9999987487
1954 0.0005367645502  -3.854517488e-05 0.9999998552
1957 8.222508101e-05  0.001601814805 0.9999987137
1960 0.0004724825467  -1.459874098e-05 0.9999998883
1963 1.702460232e-05  0.001623120601 0.9999986826
1966 0.0004064624978  4.02854707e-06 0.9999999174
1969 -4.969550606e-05  0.001639040789 0.9999986555
1972 0.0003391437529  1.721271969e-05 0.9999999423
1975 -0.0001174912045  0.001649469425 0.9999986327
1978 0.0002709743046  2.486603145e-05 0.999999963
1981 -0.0001859112953  0.001654337111 0.9999986143
1984 0.000202407807  2.6937545e-05 0.9999999792
1987 -0.0002545004256  0.001653611456 0.9999986004
1990 0.0001339005563  2.341347009e-05 0.9999999908
1993 -0.0003228021174  0.001647297294 0.9999985911
1996 6.590845475e-05  1.431725533e-05 0.9999999977
1999 -0.0003903618058  0.001635436649 0.9999985865
2002 -1.116023871e-06  -2.905678576e-07 1
2005 -0.0004567298638  0.001618108459 0.9999985866
2008 -6.672684532e-05  -2.031278807e-05 0.9999999976
2011 -0.0005214645948  0.001595428048 0.9999985913
2014 -0.0001304873833  -4.561616088e-05 0.9999999904
2017 -0.000584135172  0.001567546357 0.9999986008
2020 -0.0001919733253  -7.603229556e-05 0.9999999787
2023 -0.0006443245055  0.001534648945 0.9999986148
2026 -0.0002507754962  -0.0001113587758 0.9999999624
2029 -0.0007016320183  0.001496954749 0.9999986334
2032 -0.0003065025816  -0.0001513605067 0.9999999416
2035 -0.0007556763116  0.001454714626 0.9999986564
2038 -0.0003587837319  -0.0001957712793 0.9999999165
2041 -0.0008060977037  0.001408209692 0.9999986836
2044 -0.0004072710305  -0.0002442955426 0.9999998872
2047 -0.000852560623  0.001357749441 0.9999987148
2050 -0.0004516418088  -0.00029661037 0.999999854
2053 -0.0008947558419  0.00130366969 0.9999987499
2056 -0.0004916007941  -0.0003523676085 0.9999998171
2059 -0.000932402534  0.001246330346 0.9999987886
2062 -0.0005268820741  -0.0004111961959 0.9999997767
2065 -0.0009652501438  0.001186113008 0.9999988307
2068 -0.000557250867  -0.00047270463 0.999999733
2071 -0.0009930800534  0.001123418426 0.9999988759
2074 -0.0005825050839  -0.0005364835744 0.9999996864
2077 -0.001015707038  0.001058663838 0.9999989238
2080 -0.0006024766734  -0.0006021085821 0.9999996372
2083 -0.001032980498  0.0009922801929 0.9999989742
2086 -0.0006170327402  -0.0006691429208 0.9999995858
2089 -0.001044785462  0.000924709278 0.9999990267
2092 -0.0006260764297  -0.000737140479 0.9999995323
2095 -0.001051043351  0.0008564007837 0.9999990809
2098 -0.0006295475722  -0.0008056487351 0.9999994773
2101 -0.001051712503  0.0007878093088 0.9999991366
2104 -0.0006274230835  -0.0008742117687 0.999999421
2107 -0.001046788448  0.0007193913353 0.9999991934
2110 -0.0006197171185  -0.0009423732952 0.9999993639
2113 -0.001036303939  0.0006516021907 0.9999992507
2116 -0.000606480977  -0.001009679702 0.9999993064
2119 -0.001020328735  0.0005848930178 0.9999993084
2122 -0.0005878027622  -0.001075683067 0.9999992487
2125 -0.0009989691339  0.000519707772 0.999999366
2128 -0.0005638067946  -0.001139944141 0.9999991913
2131 -0.0009723672691  0.0004564802672 0.9999994231
2134 -0.0005346527842  -0.001202035268 0.9999991346
2137 -0.0009407001601  0.0003956312885 0.9999994793
2140 -0.0005005347681  -0.001261543236 0.999999079
2143 -0.000904178536  0.0003375657919 0.9999995343
2146 -0.0004616798189  -0.001318072021 0.9999990248
2149 -0.0008630454329  0.0002826702093 0.9999995876
2152 -0.0004183465333  -0.001371245428 0.9999989723
2155 -0.0008175745766  0.0002313098767 0.999999639
2158 -0.0003708233118  -0.00142070959 0.999998922
2161 -0.0007680685608  0.0001838266032 0.9999996881
2164 -0.0003194264386  -0.001466135327 0.9999988742
2167 -0.0007148568333  0.0001405363957 0.9999997346
2170 -0.0002644979772  -0.001507220335 0.9999988292
2173 -0.0006582935035  0.0001017273564 0.9999997782
2176 -0.0002064034939  -0.001543691195 0.9999987872
2179 -0.0005987549862  6.765776494e-05 0.9999998185
2182 -0.0001455296248  -0.001575305198 0.9999987486
2185 -0.0005366374958  3.855436005e-05 0.9999998553
2188 -8.22815029e-05  -0.001601851956 0.9999987136
2191 -0.0004723544104  1.46108302e-05 0.9999998883
2194 -1.708006173e-05  -0.001623154805 0.9999986825
2197 -0.0004063335197  -4.013475273e-06 0.9999999174
2200 4.964076579e-05  -0.001639071979 0.9999986555
2203 -0.0003390141791  -1.719460665e-05 0.9999999424
2206 0.0001174369352  -0.001649497551 0.9999986327
2209 -0.000270844385  -2.484483873e-05 0.999999963
2212 0.0001858572458  -0.001654362145 0.9999986143
2215 -0.0002022777937  -2.691325467e-05 0.9999999792
2218 0.0002544463432  -0.001653633391 0.9999986004
2221 -0.0001337707023  -2.338608483e-05 0.9999999908
2224 0.0003227477495  -0.001647316142 0.9999985911
2227 -6.577901169e-05  -1.428679842e-05 0.9999999977
2230 0.0003903069018  -0.001635452445 0.9999985865
2233 1.244806947e-06  3.240526894e-07 1
2236 0.0004566741767  -0.001618121256 0.9999985866
2239 6.685472378e-05  2.034923695e-05 0.9999999976
2242 0.0005214078828  -0.001595437919 0.9999985914
2245 0.0001306141185  4.56554902e-05 0.9999999904
2248 0.0005840772001  -0.001567553397 0.9999986008
2251 0.0001920986863  7.607440254e-05 0.9999999787
2254 0.0006442650471  -0.001534653265 0.9999986149
2257 0.0002508992611  0.0001114035392 0.9999999623
2260 0.0007015708566  -0.001496956478 0.9999986335
2263 0.0003066245392  0.0001514077875 0.9999999415
2266 0.0007556132413  -0.001454713914 0.9999986564
2269 0.000358903683  0.0001958209219 0.9999999164
2272 0.000806032532  -0.001408206701 0.9999986836
2275 0.0004073887892  0.0002443473756 0.9999998872
2278 0.0008524931713  -0.00135774435 0.9999987149
2281 0.0004517572038  0.0002966642072 0.999999854
2284 0.0008946859466  -0.001303662693 0.99999875
2287 0.0004917136699  0.0003524232507 0.999999817
2290 0.0009323300479  -0.001246321648 0.9999987887
2293 0.000526992292  0.0004112534318 0.9999997766
2296 0.0009651749368  -0.001186102825 0.9999988308
2299 0.0005573583059  0.0004727632376 0.9999997329
2302 0.0009930020135  -0.001123406985 0.999998876
2305 0.0005826096412  0.0005365433226 0.9999996863
2308 0.001015626072  -0.001058651375 0.9999989239
2311 0.0006025782656  0.0006021692322 0.9999996371
2314 0.001032896533  -0.0009922669489 0.9999989743
2317 0.0006171313038  0.0006692042281 0.9999995857
2320 0.001044698444  -0.0009246955003 0.9999990268
2323 0.0006261719211  0.0007372021945 0.9999995322
2326 0.001050953247  -0.0008563867229 0.999999081
2329 0.0006296399683  0.0008057106069 0.9999994772
2332 0.001051619299  -0.0007877952175 0.9999991367
2335 0.0006275123819  0.0008742735441 0.9999994209
2338 0.001046692153  -0.0007193774661 0.9999991935
2341 0.0006198033373  0.000942434722 0.9999993638
2344 0.001036204581  -0.000651588795 0.9999992509
2347 0.0006065641548  0.00100974053 0.9999993063
2350 0.001020226362  -0.0005848803435 0.9999993085
2353 0.000587882958  0.001075743051 0.9999992486
2356 0.0009988638163  -0.0005196960625 0.9999993661
2359 0.0005638840871  0.00114000304 0.9999991912
2362 0.0009722590947  -0.0004564697594 0.9999994232
2365 0.0005347272714  0.00120209285 0.9999991345
2368 0.0009405892363  -0.0003956222111 0.9999994794
2371 0.0005006065668  0.001261599276 0.9999990789
2374 0.0009040649885  -0.0003375583643 0.9999995344
2377 0.0004617490636  0.001318126305 0.9999990247
2380 0.0008629294051  -0.0002826646398 0.9999995877
2383 0.0004184133757  0.001371297753 0.9999989722
2386 0.0008174562282  -0.0002313063614 0.9999996391
2389 0.0003708879194  0.001420759768 0.9999989219
2392 0.0007679480669  -0.0001838253244 0.9999996882
2395 0.0003194889939  0.001466183182 0.9999988741
2398 0.0007147343834  -0.0001405375208 0.9999997347
2401 0.0002645586763  0.001507265707 0.9999988291
2404 0.0006581693001  -0.0001017310367 0.9999997782
2407 0.0002064625454  0.001543733942 0.9999987871
2410 0.0005986292434  -6.766413503e-05 0.9999998185
2413 0.0001455872481  0.001575345194 0.9999987485
2416 0.0005365104381  -3.85635364e-05 0.9999998553
2419 8.233792689e-05  0.001601889095 0.9999987136
2422 0.0004722262707  -1.462291065e-05 0.9999998884
2425 1.713552338e-05  0.001623188998 0.9999986825
2428 0.0004062045386  3.998412211e-06 0.9999999175
2431 -4.958602314e-05  0.001639103156 0.9999986554
2434 0.0003388846024  1.717650231e-05 0.9999999424
2437 -0.0001173826635  0.001649525665 0.9999986326
2440 0.0002707144626  2.48236547e-05 0.999999963
2443 -0.0001858031937  0.001654387167 0.9999986142
2446 0.0002021477779  2.688897302e-05 0.9999999792
2449 -0.0002543922579  0.001653655313 0.9999986004
2452 0.0001336408457  2.335870827e-05 0.9999999908
2455 -0.0003226933787  0.001647334978 0.9999985911
2458 6.564956622e-05  1.425635023e-05 0.9999999977
2461 -0.0003902519948  0.001635468228 0.9999985865
2464 -1.37359229e-06  -3.575287763e-07 1
2467 -0.0004566184865  0.00161813404 0.9999985866
2470 -6.698260437e-05  -2.038567704e-05 0.9999999975
2473 -0.0005213511675  0.001595447778 0.9999985914
2476 -0.0001307408558  -4.569481067e-05 0.9999999904
2479 -0.0005840192248  0.001567560424 0.9999986008
2482 -0.0001922240491  -7.611650062e-05 0.9999999786
2485 -0.0006442055851  0.001534657573 0.9999986149
2488 -0.0002510230277  -0.0001114482936 0.9999999623
2491 -0.0007015096912  0.001496958197 0.9999986335
2494 -0.0003067464984  -0.0001514550593 0.9999999415
2497 -0.0007555501672  0.00145471319 0.9999986565
2500 -0.0003590236356  -0.0001958705554 0.9999999164
2503 -0.0008059673564  0.001408203699 0.9999986837
2506 -0.0004075065493  -0.0002443991992 0.9999998871
2509 -0.0008524257156  0.001357739249 0.999998715
2512 -0.0004518726002  -0.0002967180352 0.9999998539
2515 -0.0008946160472  0.001303655684 0.9999987501
2518 -0.000491826547  -0.0003524788835 0.9999998169
2521 -0.0009322575576  0.001246312938 0.9999987888
2524 -0.000527102511  -0.0004113106581 0.9999997765
2527 -0.0009650997255  0.001186092631 0.9999988309
2530 -0.0005574657459  -0.0004728218355 0.9999997328
2533 -0.0009929239694  0.001123395533 0.999998876
2536 -0.0005827141995  -0.0005366030609 0.9999996863
2539 -0.001015545102  0.001058638901 0.999998924
2542 -0.0006026798589  -0.0006022298723 0.999999637
2545 -0.001032812563  0.0009922536941 0.9999989744
2548 -0.0006172298684  -0.0006692655253 0.9999995856
2551 -0.001044611421  0.0009246817119 0.9999990269
2554 -0.0006262674135  -0.0007372638997 0.9999995321
2557 -0.001050863137  0.0008563726517 0.9999990812
2560 -0.0006297323654  -0.0008057724684 0.9999994771
2563 -0.001051526091  0.0007877811158 0.9999991368
2566 -0.0006276016813  -0.000874335309 0.9999994208
2569 -0.001046595853  0.0007193635868 0.9999991936
2572 -0.0006198895571  -0.0009424961381 0.9999993637
2575 -0.001036105218  0.0006515753892 0.999999251
2578 -0.0006066473337  -0.001009801348 0.9999993061
2581 -0.001020123986  0.0005848676593 0.9999993086
2584 -0.0005879631549  -0.001075803024 0.9999992485
2587 -0.0009987584943  0.0005196843432 0.9999993662
2590 -0.0005639613807  -0.001140061928 0.9999991911
2593 -0.0009721509159  0.0004564592418 0.9999994233
2596 -0.0005348017598  -0.00120215042 0.9999991344
2599 -0.0009404783082  0.0003956131242 0.9999994795
2602 -0.0005006783667  -0.001261655304 0.9999990788
2605 -0.000903951437  0.0003375509273 0.9999995345
2608 -0.0004618183096  -0.001318180577 0.9999990246
2611 -0.0008628133733  0.0002826590611 0.9999995878
