0 0  -0 1
1 2.22222e-05  2.85676e-15 0.9999999998
1001 -0.0001770263226  -0.0003338202417 0.9999999286
2001 -0.0001873686734  -0.000241203074 0.9999999534
3001 -0.001009310055  -0.0003235510811 0.9999994383
4001 -0.0008880595299  -0.0001666966443 0.9999995918
5001 2.720590004e-05  0.000677804267 0.9999997699
6001 0.0003602834621  0.001311406306 0.9999990752
7001 7.928356547e-06  0.001385916873 0.9999990396
8001 0.001018618105  0.0007392825769 0.9999992079
9001 0.001189279237  0.001062253408 0.9999987286
10001 0.0009744519831  0.001284330235 0.9999987005
11001 0.001327035505  0.0009817095912 0.9999986376
12001 0.001347951743  0.001074526825 0.9999985142
13001 0.0006001557794  0.0009619172112 0.9999993573
14001 0.0001415698435  0.001414791287 0.9999989892
15001 0.0006705754353  0.002477921676 0.9999967051
16001 0.001044536166  0.002125708406 0.9999971951
17001 0.001195029452  0.001773512718 0.9999977133
18001 0.001133786417  0.002072644686 0.9999972093
19001 0.0005820245399  0.001956538253 0.9999979166
20001 0.0009090032483  0.001218239317 0.9999988448
21001 4.17186499e-06  0.0006188806077 0.9999998085
22001 0.0003739678538  0.001511882512 0.9999987872
23001 8.642189152e-05  0.001700251037 0.9999985508
24001 0.0007109741222  0.002279072158 0.9999971502
25001 0.0003385622062  0.002482369895 0.9999968616
26001 -0.0002531997041  0.002211395795 0.9999975228
27001 -0.0006280903336  0.001602816239 0.9999985182
28001 -0.0006596286612  0.0009237580332 0.9999993558
29001 -0.001416675112  0.001429575409 0.9999979747
30001 -0.002142674231  0.001485250121 0.9999966015
31001 -0.001992452066  0.001023859873 0.9999974909
32001 -0.002307732017  0.0008923790159 0.999996939
33001 -0.002409205967  0.0008899010114 0.9999967019
34001 -0.001854305499  0.001125249309 0.9999976477
35001 -0.002222516104  0.001033428977 0.9999969962
36001 -0.001174189282  0.0006177965039 0.9999991198
37001 -0.0006365008454  0.0001865466235 0.99999978
38001 -0.0007433368654  0.001025035558 0.9999991984
39001 -0.001281463384  0.0004734356937 0.9999990669
40001 -0.001655652564  0.0004977208676 0.9999985055
41001 -0.002545286168  0.0004497353452 0.9999966596
42001 -0.003188762439  0.000962665048 0.9999944525
43001 -0.003276351277  0.0006857059682 0.9999943976
44001 -0.003916520663  -0.0003973438969 0.9999922515
45001 -0.004157926277  1.532601429e-05 0.9999913557
46001 -0.004651069291  -0.000161460323 0.9999891707
47001 -0.003749618331  -0.000189129158 0.9999929523
48001 -0.003078115279  -0.0002296423475 0.9999952362
49001 -0.002677896137  -0.0009927998448 0.9999959216
50001 -0.003203405674  -0.0006600477977 0.9999946512
51001 -0.002891732987  -0.0007165927108 0.9999955622
52001 -0.00324994615  -0.0002226466842 0.9999946941
53001 -0.003578088542  0.0004413980791 0.9999935012
54001 -0.003330331326  0.0007224107042 0.9999941935
55001 -0.003818662283  0.001156803435 0.9999920398
56001 -0.004029804109  0.001119773482 0.9999912534
57001 -0.004046144176  -0.0001249874122 0.9999918065
58001 -0.004414944148  -0.0001772283279 0.9999902384
59001 -0.00438233211  0.0001169449918 0.9999903907
60001 -0.003597527587  0.0006008856512 0.9999933483
61001 -0.003716104786  0.001637126754 0.9999917552
62001 -0.003881688948  0.001176853143 0.9999917737
63001 -0.003525542776  0.001590239234 0.9999925208
64001 -0.00354522102  0.002306252424 0.9999910563
65001 -0.003832175839  0.00206106907 0.9999905332
66001 -0.003018442518  0.002164107887 0.9999931028
67001 -0.002611076062  0.001924411133 0.9999947394
68001 -0.002224355543  0.002381824998 0.9999946896
69001 -0.001871791916  0.001757645357 0.9999967035
70001 -0.002918415295  0.002544385527 0.9999925044
71001 -0.003404838821  0.001768761437 0.9999926392
72001 -0.003704632808  0.00136734034 0.999992203
73001 -0.00435703625  0.0008797391432 0.9999901211
74001 -0.003760413338  0.0009005234947 0.9999925241
75001 -0.00284808184  0.0006582614121 0.9999957275
76001 -0.00304621202  0.001351853157 0.9999944465
77001 -0.003973228753  0.0009690106651 0.9999916372
78001 -0.003665201313  0.001259373372 0.9999924901
79001 -0.004904058565  0.001315990128 0.9999871091
80001 -0.005010829755  0.00153760758 0.9999862636
81001 -0.005626334802  0.001066305697 0.9999836035
82001 -0.005490010089  0.0004496820617 0.9999848287
83001 -0.005026151558  -0.0001220321218 0.9999873614
84001 -0.0055403041  0.000187801628 0.9999846348
85001 -0.005772534423  0.0005464931272 0.9999831894
86001 -0.005954655386  0.001036914322 0.9999817333
87001 -0.005988961736  0.0011194792 0.9999814394
88001 -0.006135861876  0.0008617769576 0.9999808041
89001 -0.005231853125  0.0004285916335 0.9999862219
90001 -0.005674423419  0.0002345697702 0.9999838728
91001 -0.00579395308  -0.0001272662398 0.9999832068
92001 -0.006800258518  0.0004406280955 0.9999767809
93001 -0.006844355015  2.762643148e-05 0.9999765767
94001 -0.007309899275  1.471181348e-06 0.9999732823
95001 -0.007316778735  -0.0003543156595 0.9999731692
96001 -0.006839450799  -0.0005294144907 0.9999764705
97001 -0.006794257918  -0.001227669543 0.9999761652
98001 -0.006203593814  -0.002373464468 0.9999779408
99001 -0.006528310592  -0.002175876912 0.9999763231
100001 -0.006939326654  -0.002068824994 0.9999737825
101001 -0.006855199048  -0.001049683415 0.9999759519
102001 -0.0068401556  -0.0007662060562 0.9999763123
103001 -0.006786536465  -0.001255443754 0.9999761831
104001 -0.006708900005  -0.0007141759622 0.99997724
105001 -0.00721524098  -0.001285411155 0.9999731436
106001 -0.006417349724  -0.000814662064 0.9999790767
107001 -0.005687202936  -0.0006849276671 0.9999835932
108001 -0.005441373316  -0.0006085078551 0.9999850105
109001 -0.005281201775  -0.0009786937212 0.9999855754
110001 -0.005565720661  -0.001021308589 0.9999839897
111001 -0.005922230556  -0.001070367094 0.9999818906
112001 -0.005694079631  -0.001203517191 0.9999830643
113001 -0.006740883268  -0.0006909752014 0.9999770412
114001 -0.007264833223  -0.0006547269658 0.9999733964
115001 -0.007186965217  -6.613820751e-06 0.9999741734
116001 -0.007694867537  -0.0001783170313 0.9999703782
117001 -0.008075270844  0.0001199596405 0.9999673873
118001 -0.008391854874  -5.162436244e-05 0.9999647864
119001 -0.008572416145  -0.0009615534596 0.9999627938
120001 -0.009178288061  -0.0008488251982 0.9999575183
121001 -0.009400308635  -0.0003523421734 0.999955754
122001 -0.01007414087  -0.0002812417653 0.999949215
123001 -0.009781048771  -0.0008337525235 0.9999518168
124001 -0.01028367204  -0.000695656055 0.9999468797
125001 -0.01095126989  -0.001039022851 0.9999394932
126001 -0.0116807314  -0.001390052735 0.9999308117
127001 -0.01083630158  -0.0009098700126 0.9999408716
128001 -0.01125650245  -0.0003669893684 0.9999365762
129001 -0.01145464135  -0.0004858154933 0.9999342754
130001 -0.01032656517  -0.0001764078495 0.999946664
131001 -0.009792647845  0.0005222954773 0.9999519145
132001 -0.009834739216  -0.0003424669258 0.9999515791
133001 -0.009639224473  -0.0009280955801 0.9999531109
134001 -0.009461838085  -0.0004203463813 0.9999551474
135001 -0.008619345585  -0.0005719685019 0.9999626892
136001 -0.008956996753  -0.0003626210265 0.9999598195
137001 -0.008928791271  0.0004642146301 0.9999600298
138001 -0.009700646504  0.0009557773413 0.9999524908
139001 -0.009809681941  0.001302116236 0.9999510361
140001 -0.01048389839  0.002175981224 0.9999426748
141001 -0.01114678957  0.002015217166 0.9999358419
142001 -0.01120339127  0.001635905435 0.9999359019
143001 -0.01112144662  0.002405791758 0.9999352607
144001 -0.01109835169  0.002157463099 0.9999360839
145001 -0.01037862808  0.001680414623 0.9999447286
146001 -0.009712727381  0.002143295866 0.9999505334
147001 -0.01005318306  0.001237925956 0.9999486992
148001 -0.01013364021  0.001135966758 0.9999480081
149001 -0.01001016165  0.0006058813249 0.9999497135
150001 -0.01044884061  0.0007837312171 0.9999451022
151001 -0.0103174688  0.0006086453535 0.9999465883
152001 -0.0107604122  0.0005743091541 0.9999419402
153001 -0.009951763934  0.001242157901 0.9999497084
154001 -0.009816125527  0.0003571527011 0.9999517569
155001 -0.009447253852  -2.442497503e-05 0.9999553734
156001 -0.009677086669  -0.0008661197976 0.9999528008
157001 -0.01032751717  -0.0006377941748 0.9999464664
158001 -0.01077361818  -0.001269979241 0.9999411564
159001 -0.01033664264  -0.000997247312 0.9999460782
160001 -0.01050977609  -0.001116409125 0.9999441475
161001 -0.0112452125  -0.001344723876 0.9999358664
162001 -0.01031549375  -0.002049966968 0.9999446926
163001 -0.01092555838  -0.002976197134 0.9999358851
164001 -0.0108949131  -0.00351345845 0.9999344761
165001 -0.01190116392  -0.003896350629 0.9999215873
166001 -0.0117809585  -0.002767252876 0.999926773
167001 -0.01167443568  -0.002652974148 0.9999283321
168001 -0.01068729097  -0.002699536376 0.9999392453
169001 -0.01044460777  -0.002996840563 0.9999409628
170001 -0.01142778961  -0.002324460235 0.9999319989
171001 -0.01146336463  -0.002505384987 0.9999311548
172001 -0.01185615115  -0.002517556632 0.9999265441
173001 -0.01134890026  -0.003174274081 0.9999305608
174001 -0.01210279061  -0.003525429789 0.9999205437
175001 -0.01147561508  -0.00305378434 0.9999294898
176001 -0.0114743906  -0.004268334287 0.999925057
177001 -0.01081340449  -0.004820320525 0.9999299149
178001 -0.01038037555  -0.00519520547 0.9999326265
179001 -0.01032355688  -0.005237487813 0.9999329942
180001 -0.01004943316  -0.004833065529 0.9999378232
181001 -0.01041551863  -0.004853526562 0.9999339779
182001 -0.01070068643  -0.004242092098 0.9999337478
183001 -0.01071350337  -0.004448328656 0.9999327143
184001 -0.01034765514  -0.003775602018 0.9999393336
185001 -0.0104171033  -0.003960773657 0.9999378962
186001 -0.01036911024  -0.004377383129 0.999936658
187001 -0.01049292765  -0.004385625333 0.9999353303
188001 -0.01095636178  -0.004458127576 0.9999300392
189001 -0.01140699867  -0.004247556408 0.9999259166
190001 -0.01112747683  -0.004290349466 0.9999288835
191001 -0.01133212732  -0.003602160264 0.9999293012
192001 -0.01172444239  -0.003201397426 0.9999261415
193001 -0.01170541533  -0.003160042186 0.999926496
194001 -0.01159674728  -0.002868606064 0.9999286407
195001 -0.01175924181  -0.002809284903 0.9999269114
196001 -0.01047126807  -0.002602509694 0.999941788
197001 -0.010222598  -0.002977023176 0.9999433163
198001 -0.009938219202  -0.003289357523 0.9999452044
199001 -0.009542477987  -0.003710849145 0.999947584
200001 -0.01031238844  -0.003768397523 0.9999397251
201001 -0.009628138241  -0.003684372932 0.9999468607
202001 -0.0103827282  -0.003344387478 0.9999405052
203001 -0.01008095011  -0.004013131136 0.9999411329
204001 -0.01059164755  -0.003817408358 0.9999366202
205001 -0.01049540215  -0.003594043327 0.9999384628
206001 -0.01062899107  -0.003787766491 0.9999363366
207001 -0.01103253016  -0.002538254916 0.9999359182
208001 -0.01124556491  -0.002661359694 0.999933225
209001 -0.01155971222  -0.002368123694 0.9999303801
210001 -0.01171433154  -0.002736874988 0.9999276393
211001 -0.01199079724  -0.003771769574 0.9999209941
212001 -0.01160870018  -0.003605275792 0.9999261173
213001 -0.01165777103  -0.002754408907 0.9999282522
214001 -0.01097722153  -0.003015677788 0.999935201
215001 -0.01107894246  -0.003533922644 0.9999323819
216001 -0.0117608405  -0.00374820181 0.9999238139
217001 -0.01162463703  -0.003605933908 0.9999259298
218001 -0.01128140612  -0.003712396964 0.9999294715
219001 -0.01160412288  -0.004268158029 0.9999235606
220001 -0.013190331  -0.00447822159 0.9999029756
221001 -0.01343572105  -0.004477358059 0.9998997123
222001 -0.01428274752  -0.003930256573 0.9998902721
223001 -0.01523429247  -0.004078143464 0.9998756348
224001 -0.01540251619  -0.003457921002 0.9998753949
225001 -0.01526132826  -0.003111576627 0.9998786976
226001 -0.01575139735  -0.003040862483 0.999871315
227001 -0.01472341211  -0.002935663829 0.9998872951
228001 -0.01513571895  -0.003369759723 0.9998797701
229001 -0.01511752774  -0.003099970432 0.9998809182
230001 -0.01492371255  -0.002932777279 0.9998843341
231001 -0.01519295684  -0.002872722073 0.9998804536
232001 -0.015316409  -0.00290495328 0.999878477
233001 -0.01469003878  -0.002564335912 0.9998888073
234001 -0.01462170137  -0.002510461021 0.9998899456
235001 -0.01441073177  -0.002712819756 0.9998924799
236001 -0.01457387516  -0.002369229531 0.9998909885
237001 -0.01395790172  -0.002535650722 0.9998993686
238001 -0.01297637056  -0.002180482524 0.9999134259
239001 -0.01357230926  -0.002022444592 0.9999058466
240001 -0.01417522791  -0.001800256543 0.9998979058
241001 -0.01406072386  -0.001979827521 0.9998991831
242001 -0.01389413072  -0.001553839639 0.9999022646
243001 -0.01368611462  -0.001317904025 0.9999054722
244001 -0.01418255611  -0.001245021462 0.9998986474
245001 -0.01347288295  -0.001100687383 0.9999086308
246001 -0.0135644843  -0.00124854897 0.9999072186
247001 -0.01342433296  -0.0006683486905 0.9999096662
248001 -0.01378819998  -0.000137480048 0.9999049288
249001 -0.01389600732  -0.000535115536 0.9999033026
250001 -0.01380329398  -0.0001105153717 0.9999047239
251001 -0.01389109551  0.0002083067058 0.9999034924
252001 -0.01299258562  -0.0006067314888 0.9999154087
253001 -0.013313897  -0.0003615406293 0.9999113008
254001 -0.01291101056  -0.0001604937211 0.9999166365
255001 -0.01292913978  -0.001131592582 0.9999157749
256001 -0.01203009835  -0.000717187572 0.9999273785
257001 -0.01155941645  -0.0002628544716 0.9999331531
258001 -0.01115314583  0.0001862012792 0.9999377844
259001 -0.01158115327  0.0009592792089 0.999932476
260001 -0.0108493616  0.0004452845302 0.9999410448
261001 -0.01138169153  0.0003406477694 0.9999351684
262001 -0.01134206358  9.079362595e-05 0.9999356726
263001 -0.01023366083  0.0002531325368 0.9999476027
264001 -0.01020341659  0.0002618176769 0.9999479095
265001 -0.01047314279  0.0005636164036 0.9999449963
266001 -0.009980065498  0.000182993648 0.9999501811
267001 -0.008705921588  5.824532046e-05 0.999962101
268001 -0.00888403983  5.833888121e-05 0.9999605344
269001 -0.009007110458  0.0002080315265 0.9999594135
270001 -0.008480485042  -0.0004718158783 0.9999639287
271001 -0.008390039245  -0.0008221293934 0.999964465
272001 -0.008097387293  -0.0003019500206 0.99996717
273001 -0.008275578328  -0.0002395039787 0.9999657281
274001 -0.008283476815  0.0001479916971 0.9999656804
275001 -0.007892677078  0.0008340944207 0.9999685044
276001 -0.007978466721  0.001097135604 0.9999675696
277001 -0.007474377647  0.001013393341 0.9999715529
278001 -0.007110274997  0.001615304427 0.999973417
279001 -0.007536917505  0.001800995493 0.9999699752
280001 -0.007797730223  0.001887344006 0.9999678161
281001 -0.007623613297  0.001816681114 0.9999692896
282001 -0.008750997708  0.001182100858 0.9999610106
283001 -0.009218782879  0.001090026372 0.999956912
284001 -0.009023672261  0.001514875233 0.9999581383
285001 -0.00886619559  0.001805475123 0.9999590646
286001 -0.008697548408  0.001634595422 0.9999608396
287001 -0.008882632565  0.0008621725683 0.9999601769
288001 -0.009029319937  0.0004513475097 0.999959133
289001 -0.008562211152  0.0004239608043 0.9999632537
290001 -0.007665458898  0.0006595555275 0.9999704024
291001 -0.007378395676  0.0007843755141 0.9999724716
292001 -0.006421072853  0.001981492442 0.9999774215
293001 -0.00635409651  0.002125004702 0.9999775546
294001 -0.006138492964  0.001455908324 0.9999800994
295001 -0.005679602107  0.001492523075 0.9999827571
296001 -0.006158275284  0.001092817685 0.9999804405
297001 -0.006351274262  0.001474625155 0.9999787431
298001 -0.005986309006  0.001744396224 0.9999805604
299001 -0.005832791018  0.001456793744 0.999981928
300001 -0.00590060832  0.001937603865 0.999980714
301001 -0.006469230745  0.001853946154 0.9999773557
302001 -0.005982904153  0.002217906446 0.9999796426
303001 -0.005434436968  0.002375888065 0.9999824108
304001 -0.005348533355  0.002214434269 0.9999832446
305001 -0.006666987297  0.002795033687 0.9999738692
306001 -0.006812783733  0.002995496121 0.9999723061
307001 -0.006941039253  0.002960442681 0.9999715284
308001 -0.007445223666  0.003498983614 0.9999661623
309001 -0.008000297776  0.003277540641 0.9999626258
310001 -0.00743986482  0.003759628687 0.9999652562
311001 -0.006877021927  0.004753302497 0.9999650557
312001 -0.006475216048  0.00435470079 0.9999695536
313001 -0.006569622696  0.004443994199 0.999968545
314001 -0.005873023705  0.004603563451 0.999972157
315001 -0.006712608208  0.00470799285 0.9999663873
316001 -0.006636408728  0.005225333889 0.9999643263
317001 -0.006431996187  0.005437971105 0.9999645283
318001 -0.005697976775  0.004185721523 0.9999750061
319001 -0.005952075393  0.004049479407 0.9999740869
320001 -0.006175776721  0.004198680494 0.999972115
321001 -0.005988701019  0.00349433167 0.9999759622
322001 -0.004823294627  0.004096618276 0.9999799765
323001 -0.003752650575  0.004263902178 0.9999838682
324001 -0.002285260147  0.003996929711 0.999989401
325001 -0.002529192165  0.004118118055 0.999988322
326001 -0.002939437617  0.004663450595 0.9999848058
327001 -0.002529991634  0.005817703414 0.9999798765
328001 -0.00198481377  0.005666188082 0.9999819772
329001 -0.001440852515  0.005921103302 0.999981432
330001 -0.0009823502473  0.005078272502 0.999986623
331001 -0.0003910128152  0.005258068599 0.9999860998
332001 -0.0009309779922  0.005198165752 0.9999860561
333001 -0.0006174661365  0.004752004978 0.9999885185
334001 -0.0003117955869  0.00430028369 0.9999907051
335001 -0.0002663115679  0.003624536035 0.9999933959
336001 -0.0004504169034  0.003813646032 0.9999926266
337001 -0.0002979752563  0.003464147027 0.9999939554
338001 -0.0001617865721  0.003549375808 0.9999936878
339001 -0.0003630513574  0.003191906727 0.9999948399
340001 -0.0006207424201  0.003004252199 0.9999952945
341001 -0.001736065969  0.002710622295 0.9999948193
342001 -0.001503371108  0.00248567389 0.9999957806
343001 -0.001651763536  0.002751432428 0.9999948506
344001 -0.001869014212  0.002671753585 0.9999946842
345001 -0.001350894716  0.002148432632 0.9999967796
346001 -0.001184342754  0.002048361386 0.9999972007
347001 -0.0002515444422  0.002897260896 0.9999957713
348001 0.000498963154  0.002576844753 0.9999965554
349001 0.00113456347  0.002478739471 0.9999962843
350001 0.00160636586  0.002486416959 0.9999956186
351001 0.001195129338  0.00300442746 0.9999947725
352001 0.001874568025  0.003132013938 0.9999933382
353001 0.002436465671  0.00242776795 0.9999940847
354001 0.002747176825  0.00211780094 0.9999939839
355001 0.002741777417  0.00176925402 0.9999946762
356001 0.002062559355  0.001450943806 0.9999968203
357001 0.002009387598  0.0009301221167 0.9999975486
358001 0.002007955614  0.002736046133 0.999994241
359001 0.001459394169  0.002199404121 0.9999965164
360001 0.001678831298  0.001856247677 0.9999968679
361001 0.001154237359  0.002089396049 0.999997151
362001 0.00060534569  0.001439765651 0.9999987803
363001 0.0013037535  0.001674332199 0.9999977484
364001 0.001711132316  0.001515035227 0.9999973883
365001 0.002007386776  0.0009687401925 0.9999975159
366001 0.003401462919  0.002309124378 0.9999915489
367001 0.003433925573  0.002706821301 0.9999904406
368001 0.003864977699  0.002413492348 0.9999896184
369001 0.00412505641  0.001741102599 0.9999899762
370001 0.00301064395  0.001476801865 0.9999943775
371001 0.002826161827  0.001675388705 0.9999946029
372001 0.002698734556  0.001410796727 0.9999953632
373001 0.002984674607  0.0006856108905 0.9999953108
374001 0.002977609575  0.001533189845 0.9999943915
375001 0.003401125155  0.001879100339 0.9999924506
376001 0.003054716036  0.002487635822 0.9999922401
377001 0.00287358558  0.002711154289 0.999992196
378001 0.002903641963  0.002274136512 0.9999931985
379001 0.002707421187  0.002756405013 0.999992536
380001 0.003040366393  0.003333864923 0.9999898207
381001 0.00325338658  0.002841272977 0.9999906712
382001 0.003507520582  0.002555823512 0.9999905825
383001 0.0037753354  0.002026538697 0.9999908199
384001 0.004347889492  0.00219280896 0.9999881436
385001 0.004427116348  0.002125755177 0.9999879408
386001 0.004584944893  0.002514260997 0.9999863283
387001 0.004591559845  0.003086815863 0.9999846944
388001 0.004847024585  0.002801213044 0.9999843296
389001 0.004627717219  0.002765971931 0.9999854667
390001 0.004966054037  0.002528265818 0.9999844729
391001 0.004433806573  0.002753269467 0.9999863803
392001 0.004698515521  0.002542859342 0.9999857288
393001 0.004901324475  0.002802371011 0.9999840617
394001 0.003136436326  0.002576744307 0.9999917615
395001 0.002752236395  0.002348337238 0.9999934552
396001 0.002316475173  0.003253233999 0.9999920251
397001 0.002937292167  0.002681239635 0.9999920916
398001 0.003153674388  0.002734426975 0.9999912886
399001 0.002689086921  0.002943846282 0.9999920512
400001 0.00186094075  0.003121284583 0.9999933972
401001 0.001964832828  0.003001027789 0.9999935666
402001 0.0009981778122  0.003787917252 0.9999923276
403001 0.001326180734  0.003320601238 0.9999936074
404001 0.001329619126  0.003123553391 0.9999942377
405001 0.001660319646  0.00291306227 0.9999943787
406001 0.001430932883  0.003117698116 0.9999941161
407001 0.001846753195  0.00338867538 0.9999925531
408001 0.001966213064  0.003506221325 0.9999919201
409001 0.002356449036  0.002967279352 0.9999928211
410001 0.00258566332  0.003145677903 0.9999917095
411001 0.002278809617  0.002933476277 0.9999931008
412001 0.002128524087  0.002924524179 0.9999934582
413001 0.00193415918  0.003061217238 0.9999934439
414001 0.002450656679  0.002943061986 0.9999926663
415001 0.003080781086  0.002958022316 0.9999908794
416001 0.002620191884  0.001966137777 0.9999946344
417001 0.002174612979  0.002050779735 0.9999955326
418001 0.002072297988  0.001686344097 0.9999964309
419001 0.002053951291  0.001708566089 0.999996431
420001 0.002020788105  0.0009683854629 0.9999974893
421001 0.002583592514  2.572232947e-05 0.9999966622
422001 0.002492260683  0.0007000658318 0.9999966492
423001 0.002038047072  0.0008164066453 0.9999975899
424001 0.002243493032  0.001436270451 0.9999964519
425001 0.001816959088  0.002311331157 0.9999956782
426001 0.001314882673  0.001554682299 0.999997927
427001 0.0007167474121  0.001085619612 0.9999991538
428001 0.0005905227134  0.001674234469 0.9999984241
429001 0.000286925228  0.001753487652 0.9999984214
430001 -6.840760929e-05  0.001961273811 0.9999980743
431001 0.0006644198293  0.002516021799 0.999996614
432001 0.0001352545165  0.002029502458 0.9999979314
433001 -7.645815362e-05  0.002304997704 0.9999973405
434001 0.0003047174754  0.002544133311 0.9999967172
435001 0.0004415846731  0.003191061343 0.999994811
436001 0.0007146816849  0.003468115812 0.9999937306
437001 0.001455668279  0.003218267985 0.9999937618
438001 0.0009456318593  0.003947796375 0.9999917603
439001 0.0007367300777  0.003478008461 0.9999936803
440001 0.00105644655  0.003653946702 0.9999927662
441001 0.0006521546026  0.003517615227 0.9999936005
442001 0.0007738433347  0.003969791877 0.9999918209
443001 0.0006893583691  0.003204432013 0.9999946281
444001 0.0004775339749  0.00295394731 0.999995523
445001 -0.0002261267791  0.003795068535 0.9999927731
446001 -0.0003354785778  0.003884387537 0.9999923994
447001 0.0001082836209  0.003772103903 0.9999928797
448001 -0.0003605187595  0.003937258134 0.9999921839
449001 -0.0002193521781  0.003453586858 0.9999940123
450001 -0.0004858062255  0.002714148506 0.9999961986
451001 -0.0002394425694  0.002493721716 0.999996862
452001 -0.0006578848962  0.001483581081 0.999998683
453001 -0.001130237357  0.0007804765765 0.9999990567
454001 -0.001616484769  0.0004071072839 0.9999986106
455001 -0.0009140315853  0.000304030476 0.999999536
456001 -0.0009929239363  -0.0002512526116 0.9999994754
457001 -0.001173896464  3.542938423e-05 0.9999993103
458001 -0.001882286462  0.0002558533407 0.9999981957
459001 -0.001535651786  2.53996516e-05 0.9999988205
460001 -0.001665053745  -0.0005417452221 0.999998467
461001 -0.001232055309  -0.0003028593367 0.9999991951
462001 -0.001695691707  0.0001964437175 0.999998543
463001 -0.001888327309  0.0009258373886 0.9999977885
464001 -0.001337908823  0.000854178137 0.9999987401
465001 -0.001261409221  0.001323526379 0.9999983285
466001 -0.00170244947  0.001002636333 0.9999980482
467001 -0.002401599042  0.001851665158 0.9999954018
468001 -0.002788777023  0.002281883744 0.9999935078
469001 -0.003311306494  0.001466908828 0.9999934417
470001 -0.003189891081  0.001895334943 0.9999931161
471001 -0.003138603193  0.0009665700107 0.9999946074
472001 -0.002760333321  0.001442740869 0.9999951495
473001 -0.002425939772  0.001675983996 0.9999956529
474001 -0.003283319136  0.001322168406 0.9999937358
475001 -0.003471450647  0.001321236374 0.9999931016
476001 -0.003210897248  0.0007486498546 0.9999945648
477001 -0.002050601801  1.921061259e-05 0.9999978973
478001 -0.001772444213  0.0001287278376 0.9999984209
479001 -0.002694191013  -4.656225832e-05 0.9999963695
480001 -0.003192016206  -0.0003002941305 0.9999948604
481001 -0.003441429241  3.986370733e-05 0.9999940774
482001 -0.00344116061  -1.576770885e-05 0.999994079
483001 -0.003703129347  -0.0001187807444 0.9999931363
484001 -0.004119667321  -0.00031805086 0.9999914635
485001 -0.005355275933  7.504523529e-05 0.9999856575
486001 -0.005302120197  -0.0003491513307 0.9999858827
487001 -0.005763748999  -0.0004760530338 0.9999832761
488001 -0.005651754301  -0.0006283025095 0.9999838313
489001 -0.005319460894  -0.0006315467843 0.9999856521
490001 -0.005547229115  -0.0005893610238 0.9999844403
491001 -0.005525133588  0.0004003629382 0.9999846561
492001 -0.005775093517  0.001084283104 0.9999827361
493001 -0.006246246892  -0.0002314100881 0.9999804652
494001 -0.00619666458  0.0002723219937 0.9999807634
495001 -0.006170359977  0.0001511205714 0.9999809517
496001 -0.007043853048  -0.0006008458629 0.9999750112
497001 -0.00690525201  -0.0003058076161 0.9999761117
498001 -0.006165449915  -0.0007131251157 0.9999807391
499001 -0.006225678404  0.0001339541574 0.9999806113
500001 -0.006676564194  0.0003712610616 0.9999776425
501001 -0.007182717596  0.0002213711549 0.9999741794
502001 -0.007465428748  0.0001349634298 0.9999721241
503001 -0.00784815521  0.0004856632886 0.9999690848
504001 -0.008335462883  0.0008065336352 0.9999649341
505001 -0.008800201068  0.001183927015 0.9999605766
506001 -0.008338867418  0.001070594684 0.9999646579
507001 -0.008193963126  0.001399489403 0.9999654496
508001 -0.008160957513  0.000847656668 0.9999663395
509001 -0.008256748725  0.0008788191029 0.9999655263
510001 -0.007902968413  0.0005223006463 0.9999686346
511001 -0.007973763239  0.0002567216094 0.999968176
512001 -0.007642033651  0.0003043337063 0.9999707529
513001 -0.008284620328  -0.0001297524851 0.9999656735
514001 -0.008742073205  -0.0008182061714 0.9999614526
515001 -0.008551420636  -0.0007465898234 0.9999631572
516001 -0.0086625914  -0.0005754903948 0.9999623134
517001 -0.009425230247  -0.0006387373364 0.9999553775
518001 -0.009119117493  -2.080010025e-05 0.9999584197
519001 -0.008829212413  0.00031210132 0.999960973
520001 -0.008710142918  -0.0005535566091 0.9999619127
521001 -0.007983017476  -0.0002346733378 0.9999681076
522001 -0.008673729788  -1.157633139e-05 0.9999623824
523001 -0.009443033272  -0.0003385918302 0.9999553562
524001 -0.009727287416  -0.0003070140724 0.9999526416
525001 -0.009600548613  -0.0001829106129 0.9999538969
526001 -0.009675067385  -0.001471653726 0.9999521125
527001 -0.01060799135  -0.001494676577 0.9999426165
528001 -0.01068039286  -0.001226189375 0.9999422111
529001 -0.01054275657  -0.0006163363977 0.9999442336
530001 -0.01072718674  -0.001158321011 0.9999417911
531001 -0.01113785493  -0.001026588596 0.9999374451
532001 -0.01123877607  -0.0009837022042 0.9999363591
533001 -0.01114446294  -0.0005700641104 0.999937736
534001 -0.01059702724  -0.0009611182969 0.999943388
535001 -0.01111401626  -0.001350507414 0.9999373254
536001 -0.01052345247  -0.001812602554 0.999942984
537001 -0.01116984103  -0.002101097631 0.9999354079
538001 -0.01150267935  -0.002313280532 0.9999311661
539001 -0.0118609991  -0.003083534338 0.9999249014
540001 -0.01215770908  -0.003260559226 0.9999207762
541001 -0.01201201471  -0.003328350637 0.9999223137
542001 -0.01225409375  -0.003540272742 0.9999186485
543001 -0.01161288095  -0.003939254998 0.9999248088
544001 -0.01234497815  -0.003599135351 0.9999173204
545001 -0.01151887367  -0.004168919694 0.999924965
546001 -0.01073271045  -0.004087108033 0.99993405
547001 -0.01113262656  -0.005002397125 0.9999255175
548001 -0.01097519535  -0.005004174806 0.999927249
549001 -0.01057680807  -0.005603029955 0.999928366
550001 -0.01015419996  -0.004875654352 0.999936558
551001 -0.01073956448  -0.005292332044 0.9999283239
552001 -0.009898984942  -0.005615490665 0.999935236
553001 -0.009933738755  -0.00558752808 0.999935048
554001 -0.01081602833  -0.00580686557 0.999924644
555001 -0.01110932997  -0.00556336756 0.9999228128
556001 -0.01011160187  -0.005953029629 0.9999311561
557001 -0.01005276324  -0.005767561844 0.9999328363
558001 -0.009934731692  -0.005655818444 0.9999346542
559001 -0.009761695539  -0.005945373515 0.9999346787
560001 -0.009248623527  -0.005515252108 0.9999420207
561001 -0.009017360572  -0.005908738453 0.9999418853
562001 -0.008445755418  -0.004862395114 0.999952512
563001 -0.007863707937  -0.004670878169 0.9999581716
564001 -0.007125704968  -0.004506753258 0.9999644561
565001 -0.006425094499  -0.004254115058 0.9999703098
566001 -0.007022966855  -0.003843107067 0.9999679537
567001 -0.006470336116  -0.003951589064 0.9999712594
568001 -0.006740892163  -0.003179070458 0.9999722265
569001 -0.006319425627  -0.003946378236 0.999972245
570001 -0.005795586833  -0.00360119973 0.9999767209
571001 -0.005190132067  -0.003021488162 0.9999819664
572001 -0.005163659784  -0.003271803284 0.9999813157
573001 -0.00511662731  -0.003534101981 0.9999806649
574001 -0.004881872818  -0.003616916642 0.9999815424
575001 -0.004557016022  -0.003737805437 0.999982631
576001 -0.004253695803  -0.003696395335 0.9999841212
577001 -0.003951822223  -0.004205199686 0.9999833495
578001 -0.00434096254  -0.004949261388 0.9999783301
579001 -0.003180706688  -0.004100955479 0.9999865325
580001 -0.00321848018  -0.003568656613 0.9999884529
581001 -0.002772109214  -0.00349262144 0.9999900584
582001 -0.003497611445  -0.002417587049 0.9999909609
583001 -0.002549883731  -0.003024782968 0.9999921743
584001 -0.002559906588  -0.003291322787 0.9999913069
585001 -0.00295880729  -0.002598226392 0.9999922473
586001 -0.003320836075  -0.00210114001 0.9999922785
587001 -0.003655216868  -0.001820677327 0.9999916622
588001 -0.004540143264  -0.001976466648 0.9999877402
589001 -0.00481856208  -0.002281618007 0.9999857877
590001 -0.004704313876  -0.001982427481 0.9999869696
591001 -0.004258954007  -0.002584724606 0.9999875901
592001 -0.004118765208  -0.002645064833 0.9999880196
593001 -0.0044041945  -0.00224320565 0.9999877854
594001 -0.0042996336  -0.003050806063 0.9999861027
595001 -0.004869433676  -0.003239780636 0.999982896
596001 -0.005316890323  -0.002793215276 0.9999819641
597001 -0.006024927265  -0.002824262534 0.9999778616
598001 -0.006200703606  -0.003075274439 0.9999760466
599001 -0.006405212064  -0.002455359346 0.9999764719
600001 -0.005729071566  -0.002666546031 0.9999800334
601001 -0.006795056503  -0.003019036317 0.9999723559
602001 -0.006539379434  -0.002760172729 0.9999748086
603001 -0.006606418314  -0.003133171534 0.9999732688
604001 -0.007328052353  -0.002987381708 0.9999686871
605001 -0.007051173573  -0.003085555957 0.9999703797
606001 -0.007523545111  -0.00296428869 0.999967304
607001 -0.007611609788  -0.003559620416 0.9999646956
608001 -0.006904905153  -0.004845946904 0.9999644189
609001 -0.006322363427  -0.004305720808 0.9999707438
610001 -0.005411906772  -0.003991557112 0.9999773891
611001 -0.005723385545  -0.003328443437 0.9999780819
612001 -0.005163594233  -0.00368061907 0.9999798949
613001 -0.005548714438  -0.00424758845 0.9999755845
614001 -0.005612234855  -0.005209223787 0.9999706829
615001 -0.005238644168  -0.004956291772 0.9999739955
616001 -0.005688614257  -0.004138820622 0.9999752546
617001 -0.005168988601  -0.005247453698 0.9999728725
618001 -0.00476587917  -0.00451989118 0.9999784282
619001 -0.004289210903  -0.004537777267 0.9999805054
620001 -0.004567618087  -0.004312473866 0.9999802695
621001 -0.005004132951  -0.00415030389 0.9999788665
622001 -0.00429220413  -0.004361749178 0.9999812758
623001 -0.004796702149  -0.004461230818 0.9999785443
624001 -0.004553653101  -0.004175841752 0.9999809131
625001 -0.003965255639  -0.004354953083 0.9999826554
626001 -0.004970946754  -0.003813114701 0.9999803747
627001 -0.005445334179  -0.004435855439 0.9999753354
628001 -0.005298216546  -0.004972356554 0.9999736019
629001 -0.004675371332  -0.004100553382 0.9999806629
630001 -0.004992347952  -0.003532308088 0.9999812994
631001 -0.005244482921  -0.003584868948 0.9999798218
632001 -0.004758146507  -0.003892570911 0.9999811037
633001 -0.00477437159  -0.004389684295 0.9999789677
634001 -0.00520709658  -0.004285332082 0.9999772607
635001 -0.005068591603  -0.004726024686 0.9999759867
636001 -0.005492519194  -0.00463751682 0.9999741624
637001 -0.004974690666  -0.004165224955 0.9999789514
638001 -0.004203174161  -0.004046172812 0.9999829807
639001 -0.004210288902  -0.003455378637 0.9999851667
640001 -0.0043011397  -0.003230860618 0.9999855307
641001 -0.004242340925  -0.003213794225 0.9999858369
642001 -0.004520786713  -0.002789038881 0.9999858917
643001 -0.004601018294  -0.002832257577 0.9999854043
644001 -0.004544408108  -0.003702647112 0.9999828192
645001 -0.005145944481  -0.003947586568 0.9999789676
646001 -0.00527719891  -0.004429371182 0.9999762656
647001 -0.005959306582  -0.004334977155 0.9999728469
648001 -0.005762470727  -0.004492135175 0.9999733069
649001 -0.005724085311  -0.005402590055 0.9999690229
650001 -0.005556524137  -0.006037987227 0.9999663333
651001 -0.005322378501  -0.005577047605 0.9999702839
652001 -0.005683629905  -0.005684691537 0.9999676897
653001 -0.005077046828  -0.005535783646 0.9999717889
654001 -0.006085408337  -0.005111230825 0.999968421
655001 -0.006351051698  -0.005183712778 0.999966396
656001 -0.006710817039  -0.005168718144 0.9999641239
657001 -0.007580591452  -0.005013182569 0.9999587004
658001 -0.007201537376  -0.004941908128 0.9999618569
659001 -0.006446620113  -0.004803538424 0.999967683
660001 -0.006830776791  -0.005234783023 0.999962968
661001 -0.006894208464  -0.005147632578 0.9999629851
662001 -0.007282152142  -0.004346681377 0.9999640376
663001 -0.007939429255  -0.004657027701 0.9999576378
664001 -0.008412522169  -0.00555070234 0.9999492082
665001 -0.007831758538  -0.00590014134 0.9999519247
666001 -0.008223764816  -0.006058318125 0.9999478318
667001 -0.007859791943  -0.006247702357 0.9999495936
668001 -0.008646338512  -0.006257156694 0.9999430427
669001 -0.007797236193  -0.006975627625 0.9999452703
670001 -0.007926663119  -0.007305139452 0.9999418997
671001 -0.008066797021  -0.006976013596 0.9999431293
672001 -0.007799005612  -0.007650754333 0.9999403189
673001 -0.007672128014  -0.008077055431 0.9999379478
674001 -0.006684948926  -0.007751659202 0.9999476102
675001 -0.007052156117  -0.008437560407 0.9999395354
676001 -0.006698908433  -0.008521580808 0.9999412519
677001 -0.006382583849  -0.008823404946 0.9999407033
678001 -0.006394952528  -0.009155828953 0.9999376357
679001 -0.006985460731  -0.009962097312 0.9999259772
680001 -0.006841371821  -0.01027807551 0.9999237754
681001 -0.007607917077  -0.01019824508 0.9999190544
682001 -0.00681887424  -0.009975018964 0.9999269983
683001 -0.006624634765  -0.01104323534 0.9999170771
684001 -0.006690647828  -0.01071163182 0.9999202448
685001 -0.00575055965  -0.01063820981 0.999926877
686001 -0.005740563558  -0.01076510408 0.9999255764
687001 -0.006056357203  -0.01051939979 0.9999263286
688001 -0.006560279259  -0.01028627387 0.9999255748
689001 -0.005991096511  -0.01023363801 0.9999296872
690001 -0.004714804361  -0.01056481532 0.9999330753
691001 -0.003988040913  -0.0105912975 0.9999359579
692001 -0.003971358673  -0.009734805867 0.9999447293
693001 -0.004239724199  -0.009371979112 0.9999470939
694001 -0.005516978623  -0.009251205 0.9999419873
695001 -0.0050251215  -0.008078374501 0.9999547429
696001 -0.004840652278  -0.009310363179 0.999944941
697001 -0.004687038141  -0.009145111658 0.9999471978
698001 -0.005084050753  -0.009139657278 0.999945308
699001 -0.005672662443  -0.009553538682 0.9999382734
700001 -0.005586002978  -0.00927233687 0.9999414084
701001 -0.005356229874  -0.008776114598 0.9999471438
702001 -0.005393735363  -0.008082725571 0.9999527874
703001 -0.005082718765  -0.008260899493 0.9999529606
704001 -0.005665617802  -0.009386002594 0.9999399
705001 -0.005705706834  -0.009225570662 0.9999411651
706001 -0.00483168712  -0.009268651624 0.9999453719
707001 -0.003959091122  -0.009384572738 0.9999481263
708001 -0.004799472381  -0.009031067696 0.999947701
709001 -0.005171364496  -0.008368052759 0.9999516151
710001 -0.004232364902  -0.009008750478 0.9999504635
711001 -0.003900940848  -0.008371153245 0.9999573523
712001 -0.004078801868  -0.008871527695 0.9999523285
713001 -0.004089361399  -0.008724189293 0.9999535817
714001 -0.003532507967  -0.008371367845 0.9999587199
715001 -0.00430536738  -0.008047951174 0.9999583462
716001 -0.005465404645  -0.0083094012 0.9999505403
717001 -0.005124481401  -0.008468094076 0.9999510143
718001 -0.004422090661  -0.008174203695 0.9999568128
719001 -0.004659425773  -0.008313455081 0.999954587
720001 -0.004510519714  -0.007700341085 0.9999601791
721001 -0.005697436242  -0.008889217402 0.9999442589
722001 -0.005170645548  -0.00855653437 0.9999500238
723001 -0.004196184223  -0.007801244821 0.9999607655
724001 -0.004138058542  -0.007476179744 0.9999634909
725001 -0.004523455777  -0.007434752407 0.9999621306
726001 -0.005299494646  -0.006981163197 0.9999615886
727001 -0.005305423617  -0.007610051536 0.9999569688
728001 -0.005596545522  -0.007015828367 0.9999597275
729001 -0.005806020604  -0.00711523493 0.9999578308
730001 -0.006305356874  -0.006956145989 0.9999559262
731001 -0.005836776296  -0.006729224294 0.9999603239
732001 -0.006060819036  -0.005616444577 0.9999658604
733001 -0.006120843461  -0.00504480158 0.9999685421
734001 -0.005568185446  -0.005229782053 0.9999708219
735001 -0.005615927924  -0.005284012882 0.9999702698
736001 -0.005804919434  -0.004919346586 0.999971051
737001 -0.00624780715  -0.005339742707 0.9999662254
738001 -0.006008725616  -0.005288860143 0.999967961
739001 -0.005790865198  -0.004772450292 0.9999718443
740001 -0.005787063  -0.005638418099 0.9999673585
741001 -0.005738509941  -0.005323358181 0.9999693651
742001 -0.006550942091  -0.005609340012 0.9999628095
743001 -0.006593473475  -0.005402306831 0.9999636699
744001 -0.006668783595  -0.005103837841 0.9999647384
745001 -0.00654151352  -0.004966267955 0.9999662718
746001 -0.006836571818  -0.004753860412 0.9999653304
747001 -0.006225997516  -0.004853701984 0.9999688387
748001 -0.006014187389  -0.005372935056 0.99996748
749001 -0.006408007245  -0.0063011351 0.9999596157
750001 -0.006480075123  -0.006656768693 0.999956847
751001 -0.006855676568  -0.007203472571 0.9999505536
752001 -0.00715284358  -0.007709449386 0.999944699
753001 -0.007044444787  -0.007235148865 0.9999490128
754001 -0.006720588389  -0.00731185351 0.999950684
755001 -0.006961028672  -0.007238083179 0.9999495758
756001 -0.006220445695  -0.007623158497 0.9999515955
757001 -0.00694494012  -0.007808894996 0.9999453929
758001 -0.006828530645  -0.00721758456 0.9999506375
759001 -0.00696791995  -0.007940804898 0.9999441942
760001 -0.006620740527  -0.009036831437 0.9999372487
761001 -0.005814763516  -0.008662757186 0.999945571
762001 -0.005600851273  -0.008104560439 0.999951472
763001 -0.005122460088  -0.008108821597 0.9999540026
764001 -0.005699053168  -0.007721471864 0.9999539487
765001 -0.005648326956  -0.007339201576 0.9999571153
766001 -0.005871817422  -0.00762191058 0.999953713
767001 -0.005341521821  -0.007867596274 0.9999547834
768001 -0.00518766197  -0.008009837883 0.9999544642
769001 -0.005344127559  -0.007957001993 0.9999540621
770001 -0.005724477615  -0.007309681795 0.9999568985
771001 -0.005834064914  -0.006926453384 0.9999589931
772001 -0.006638948011  -0.006932035007 0.9999539345
773001 -0.006759915717  -0.00690444427 0.9999533149
774001 -0.006364598744  -0.006538364135 0.9999583699
775001 -0.006785828031  -0.006200704958 0.9999577509
776001 -0.006806536948  -0.005857852753 0.9999596774
777001 -0.006746839927  -0.00678303883 0.9999542342
778001 -0.006832285286  -0.007031378171 0.9999519386
779001 -0.006960332615  -0.006125603084 0.9999570144
780001 -0.007655816433  -0.006320883879 0.9999507162
781001 -0.008013474726  -0.006642949112 0.9999458262
782001 -0.00872503605  -0.006949962129 0.9999377839
783001 -0.008788812083  -0.007142980775 0.9999358652
784001 -0.00847142899  -0.006059251866 0.9999457586
785001 -0.008519095919  -0.005697503557 0.9999474803
786001 -0.009199652122  -0.006098693703 0.9999390842
787001 -0.009479895807  -0.006345381543 0.9999349317
788001 -0.008900320246  -0.006696820012 0.9999379665
789001 -0.008525182904  -0.00670517887 0.9999411791
790001 -0.00806569155  -0.006872785898 0.9999438531
791001 -0.008523092626  -0.006765657597 0.9999407896
792001 -0.009704685264  -0.006364927253 0.9999326511
793001 -0.00887295917  -0.006182949715 0.9999415191
794001 -0.008501100566  -0.004970826372 0.9999515098
795001 -0.00839868042  -0.004139213263 0.9999561635
796001 -0.008059051475  -0.003954973348 0.9999597041
797001 -0.008304070579  -0.004038355311 0.9999573661
798001 -0.008549327327  -0.004711495925 0.9999523542
799001 -0.008576722404  -0.004703035351 0.9999521594
800001 -0.009016006094  -0.00544723632 0.999944518
801001 -0.00945510121  -0.005511108822 0.9999401125
802001 -0.01077243186  -0.005555968854 0.9999265402
803001 -0.01059343416  -0.006049992618 0.9999255855
804001 -0.01115945953  -0.006125154697 0.9999189711
805001 -0.01056770706  -0.006010429561 0.9999260964
806001 -0.01130605554  -0.006448990389 0.9999152882
807001 -0.01220920734  -0.006151855056 0.9999065405
808001 -0.01248102622  -0.005608374479 0.9999063806
809001 -0.01276549477  -0.005477415069 0.9999035153
810001 -0.01281004168  -0.005726484888 0.9999015502
811001 -0.01218986235  -0.006013582654 0.9999076177
812001 -0.01259124809  -0.005830295928 0.9999037294
813001 -0.01307937419  -0.005270413875 0.9999005713
814001 -0.01327330444  -0.005460654781 0.9998969949
815001 -0.01296973187  -0.005114062469 0.9999028114
816001 -0.01315219826  -0.005394997101 0.9998989517
817001 -0.01366137303  -0.005151270854 0.9998934099
818001 -0.01399040682  -0.004610199707 0.9998915013
819001 -0.01344920751  -0.00503722038 0.9998968672
820001 -0.01299229131  -0.00466042914 0.9999047358
821001 -0.01240737859  -0.00489630707 0.9999110375
822001 -0.0123377506  -0.004525973387 0.9999136439
823001 -0.0122117729  -0.00493614148 0.9999132497
824001 -0.01133558957  -0.004986164387 0.9999233183
825001 -0.01122497787  -0.004932193812 0.9999248338
826001 -0.01065158153  -0.004719843374 0.9999321311
827001 -0.01051443422  -0.004973745361 0.9999323519
828001 -0.009775840317  -0.004672305854 0.9999412995
829001 -0.009228333654  -0.004759924702 0.999946089
830001 -0.009463064748  -0.004237682396 0.9999462447
831001 -0.009887271417  -0.003327074333 0.9999455847
832001 -0.01034873461  -0.003023003622 0.9999418808
833001 -0.01044227367  -0.003347131822 0.9999398759
834001 -0.01041285746  -0.003045389122 0.9999411472
835001 -0.01111318113  -0.002810282679 0.9999342975
836001 -0.01117143252  -0.002806133175 0.9999336601
837001 -0.01086375233  -0.002817235104 0.999937019
838001 -0.01098630525  -0.00310566628 0.9999348258
839001 -0.01091038047  -0.002723755662 0.9999367703
840001 -0.01101486441  -0.002748587197 0.9999355569
841001 -0.01044284404  -0.003114843371 0.9999406205
842001 -0.01049862033  -0.002736552968 0.9999411433
843001 -0.009942836354  -0.003463844159 0.9999445693
844001 -0.009499858518  -0.003984892941 0.9999469352
845001 -0.009875300709  -0.003478251452 0.9999451885
846001 -0.01071254459  -0.003336453617 0.9999370527
847001 -0.01086915341  -0.002576984273 0.9999376083
848001 -0.01118275748  -0.002669948637 0.9999339064
849001 -0.01026427117  -0.002827130668 0.9999433244
850001 -0.009715931709  -0.002901451332 0.9999485897
851001 -0.008912085304  -0.001919221358 0.9999584447
852001 -0.008661184896  -0.0007914010355 0.999962178
853001 -0.008005590965  -0.0009102376183 0.9999675404
854001 -0.008311435193  -0.001221622822 0.9999647131
855001 -0.00760882312  -0.0008763606976 0.9999706684
856001 -0.007688815146  -0.001197771619 0.9999697232
857001 -0.007737782588  -0.0007609341647 0.9999697733
858001 -0.007930048557  -0.0005863580154 0.9999683847
859001 -0.00815775761  -8.686279216e-05 0.9999667211
860001 -0.008359274752  -0.0002464168559 0.9999650302
861001 -0.008584304967  -0.0002805170366 0.9999631148
862001 -0.008595730871  -0.0002077584651 0.9999630344
863001 -0.008970496539  0.0004557691258 0.9999596603
864001 -0.009300378724  0.0003895292167 0.9999566746
865001 -0.009454858063  9.153700304e-05 0.9999552976
866001 -0.009372047106  0.0007285369395 0.9999558159
867001 -0.008751762274  -0.0003696444493 0.9999616342
868001 -0.008746560972  -0.001191673652 0.999961038
869001 -0.008276439419  -0.0003666163802 0.9999656824
870001 -0.008713460507  -2.704923538e-05 0.9999620366
871001 -0.008471035362  -0.0001831113575 0.9999641033
872001 -0.008325990931  -0.000381221371 0.9999652656
873001 -0.008058187191  -0.0008860073049 0.9999671397
874001 -0.008095276618  -0.001310336125 0.9999663741
875001 -0.008863733081  -0.001617079042 0.9999594087
876001 -0.009220480522  -0.001670971405 0.9999560943
877001 -0.009159052919  -0.001565678109 0.9999568292
878001 -0.009414415446  -0.002274580669 0.9999530964
879001 -0.009378157393  -0.002385953832 0.9999531775
880001 -0.009263045844  -0.00208893153 0.9999549151
881001 -0.009512207374  -0.00225842419 0.9999522075
882001 -0.01014398421  -0.002939212626 0.9999442287
883001 -0.01014029334  -0.002284920276 0.9999459753
884001 -0.01022222289  -0.002622855714 0.9999443118
885001 -0.01024040245  -0.002872527464 0.9999434397
886001 -0.01076456708  -0.003174005887 0.9999370228
887001 -0.01103251569  -0.003761817857 0.9999320638
888001 -0.01142013401  -0.003250543021 0.9999295047
889001 -0.01133331625  -0.003331224092 0.9999302269
890001 -0.0103974539  -0.002559273104 0.9999426698
891001 -0.01038704226  -0.003253336224 0.9999407607
892001 -0.01079670808  -0.004473817341 0.9999317056
893001 -0.01105390188  -0.004488293039 0.9999288306
894001 -0.01067821873  -0.005712436016 0.9999266691
895001 -0.01059747333  -0.00621061931 0.999924558
896001 -0.01022257029  -0.00679824382 0.9999246386
897001 -0.01069485813  -0.00581847894 0.9999258798
898001 -0.01146921973  -0.005649171278 0.9999182685
899001 -0.01072154669  -0.005616581589 0.9999267485
900001 -0.01170092775  -0.004641451869 0.9999207694
901001 -0.01114279575  -0.004149555953 0.9999293071
902001 -0.01067355447  -0.004409841812 0.999933312
903001 -0.01157028865  -0.004894065324 0.9999210851
904001 -0.01160168516  -0.005079701665 0.9999197955
905001 -0.01164559304  -0.004810091388 0.9999206184
906001 -0.01170972171  -0.005216057248 0.9999178341
907001 -0.01278321872  -0.005188276922 0.9999048309
908001 -0.01357272182  -0.004044278444 0.9998997074
909001 -0.01345720586  -0.003277314101 0.9999040767
910001 -0.01345174566  -0.003059234903 0.9999048412
911001 -0.01336375267  -0.003080842651 0.9999059548
912001 -0.01373009772  -0.004441084316 0.9998958751
913001 -0.01354470447  -0.00446973456 0.999898276
914001 -0.0142132004  -0.004816263164 0.9998873879
915001 -0.014802203  -0.005167982078 0.9998770857
916001 -0.01412162993  -0.004744630779 0.9998890278
917001 -0.0138934812  -0.003763235673 0.9998963992
918001 -0.01345714468  -0.003419544591 0.9999036013
919001 -0.01292463881  -0.003537112889 0.9999102172
920001 -0.01328077196  -0.003737306158 0.9999048222
921001 -0.01356114251  -0.002627211013 0.999904592
922001 -0.01404472807  -0.002216218882 0.9998989118
923001 -0.01440223056  -0.002815134678 0.9998923195
924001 -0.01348400483  -0.003129656004 0.9999041888
925001 -0.01298628115  -0.002936670803 0.9999113622
926001 -0.0129522693  -0.003086005931 0.9999113536
927001 -0.01230980633  -0.003333768219 0.9999186739
928001 -0.01301103014  -0.00330128001 0.9999099032
929001 -0.01225394553  -0.003904689062 0.9999172936
930001 -0.01173529186  -0.004230968173 0.9999221878
931001 -0.01156377534  -0.004132442107 0.9999245981
932001 -0.01103568259  -0.002940766321 0.9999347806
933001 -0.01053420218  -0.002579822742 0.9999411857
934001 -0.0107371221  -0.003572896928 0.9999359722
935001 -0.0107505726  -0.003355716736 0.9999365801
936001 -0.0103659158  -0.002664496818 0.9999427224
937001 -0.01087659125  -0.002405640289 0.9999379543
938001 -0.01010831209  -0.002064226513 0.999946779
939001 -0.01068968126  -0.002413813182 0.9999399502
940001 -0.01041867206  -0.002208619446 0.9999432849
941001 -0.008752568536  -0.002078015744 0.9999595363
942001 -0.0088599935  -0.001828832757 0.999959077
943001 -0.00923719693  -0.001409745365 0.9999563424
944001 -0.008616038512  -0.0008348932427 0.9999625326
945001 -0.008476415101  -0.0003917121152 0.9999639977
946001 -0.008416047102  -0.001235635712 0.9999638209
947001 -0.008581022852  -0.0007392274085 0.999962909
948001 -0.007223553152  -0.0009967140659 0.999973413
949001 -0.007087506254  -0.001478571413 0.9999737901
950001 -0.006791414625  -0.001217328379 0.999976197
951001 -0.006354341975  -0.0006194252154 0.999979619
952001 -0.0062427337  -0.001212158043 0.9999797792
953001 -0.005928072679  -0.002277267366 0.9999798357
954001 -0.005474268795  -0.002290328882 0.9999823932
955001 -0.005642598814  -0.002327290886 0.9999813721
956001 -0.004953765009  -0.002280795048 0.9999851289
957001 -0.004667241998  -0.002570004328 0.9999858058
958001 -0.004376574027  -0.00219807633 0.9999880069
959001 -0.004169295995  -0.00205037182 0.9999892063
960001 -0.003252820846  -0.002452726622 0.9999917015
961001 -0.003273424935  -0.002488390817 0.9999915462
962001 -0.002693842055  -0.002834857451 0.9999923533
963001 -0.003085198592  -0.003391627611 0.9999894891
964001 -0.002625362783  -0.003913404005 0.9999888962
965001 -0.002993120795  -0.003925911022 0.9999878141
966001 -0.002829644255  -0.004425464388 0.999986204
967001 -0.002342755141  -0.004750736872 0.9999859708
968001 -0.001281370181  -0.004728588168 0.9999879991
969001 -0.001030137377  -0.004396414816 0.999989805
970001 -0.001176235901  -0.00499848137 0.9999868157
971001 -0.001634176055  -0.004898371464 0.9999866675
972001 -0.0009840522497  -0.005248325303 0.9999857432
973001 -0.001807647203  -0.004805453018 0.9999868198
974001 -0.002360913217  -0.004638172809 0.9999864565
975001 -0.001993828837  -0.004544963384 0.9999876838
976001 -0.002571609566  -0.004171975728 0.9999879906
977001 -0.00278335463  -0.003998051409 0.9999881341
978001 -0.002808268525  -0.004496839943 0.9999859458
979001 -0.002016155384  -0.004168454048 0.9999892794
980001 -0.001399882566  -0.004000964773 0.9999910162
981001 -0.0009671281946  -0.003475375363 0.9999934931
982001 -0.001185666915  -0.002999559767 0.9999947983
983001 -0.001812463284  -0.00366979597 0.9999916237
984001 -0.001987341573  -0.003314954704 0.9999925307
985001 -0.001877084572  -0.003734461304 0.9999912651
986001 -0.001968316671  -0.003231207759 0.9999928424
987001 -0.001809258272  -0.002543527366 0.9999951284
988001 -0.002755658794  -0.003002515355 0.9999916955
989001 -0.003541384758  -0.00278417916 0.9999898533
990001 -0.00308355982  -0.003537147816 0.99998899
991001 -0.002404879192  -0.004201641761 0.9999882812
992001 -0.001936258361  -0.004104497495 0.9999897019
993001 -0.002539044728  -0.004310756504 0.9999874852
994001 -0.003249790281  -0.004637006601 0.9999839683
995001 -0.003177826038  -0.004328974718 0.9999855805
996001 -0.00299670188  -0.003167805002 0.9999904923
997001 -0.001858316868  -0.003372937098 0.9999925849
998001 -0.001090299112  -0.003221207882 0.9999942174
999001 -0.000766350807  -0.002982521977 0.9999952585
1000001 -0.001023139837  -0.00242096689 0.999996546
1001001 -0.001355018146  -0.002292652112 0.9999964537
1002001 -0.0007698498689  -0.002059069324 0.9999975837
1003001 -0.0007240194374  -0.00135240872 0.9999988233
1004001 -0.001250229515  -0.001074788832 0.9999986408
1005001 -0.0005604636638  -0.0008376242806 0.999999492
1006001 -0.000443507566  -6.34262013e-05 0.9999998996
1007001 -0.000202355739  0.0001568380026 0.9999999671
1008001 -0.0006077676107  0.0005591060307 0.9999996589
1009001 -0.0007195656919  0.0004034194329 0.9999996597
1010001 -0.001045436466  0.0001038459086 0.9999994481
1011001 -0.001270808859  0.0002127999029 0.9999991698
1012001 -0.001150143271  0.0001953761482 0.9999993194
1013001 -0.001140343543  -0.0003063032103 0.9999993028
1014001 -0.001513064674  -0.0001184330081 0.9999988482
1015001 -0.002030972927  0.0001062725628 0.9999979318
1016001 -0.00184852234  -0.0002253935191 0.999998266
1017001 -0.00181949461  -0.0007709813437 0.9999980474
1018001 -0.001791954926  -0.0008394498122 0.999998042
1019001 -0.001212513778  -0.000719920443 0.9999990057
1020001 -0.001650535542  -0.0004507161409 0.9999985362
1021001 -0.0007508321058  -0.0002963990009 0.9999996741
1022001 -0.001142142782  0.0001423749499 0.9999993375
1023001 -0.000941515827  0.0006413928905 0.999999351
1024001 -0.0009069725199  0.0001105237873 0.9999995825
1025001 -0.002116951283  0.0005329579506 0.9999976171
1026001 -0.001532542976  -3.570894922e-05 0.9999988249
1027001 -0.001067519846  -0.0001652762343 0.9999994165
1028001 -0.002082196697  -0.0005420565312 0.9999976852
1029001 -0.001150835668  -0.0002751066242 0.9999992999
1030001 -0.001070582574  0.0001116236274 0.9999994206
1031001 -0.0009521180802  0.0003742468476 0.9999994766
1032001 -0.0005710114224  0.0006122632311 0.9999996495
1033001 -0.0001277260091  0.0009698602488 0.9999995214
1034001 0.001395288302  0.001003937247 0.9999985226
1035001 0.00110722812  0.0004102921374 0.9999993028
1036001 0.001487526005  0.000512293973 0.9999987623
1037001 0.001706460468  -1.321685078e-05 0.9999985438
1038001 0.001520261458  -0.0007072923074 0.9999985942
1039001 0.001570909283  -0.001024513895 0.9999982412
1040001 0.0009445002848  -0.0003554933288 0.9999994907
1041001 0.001063245489  0.0008293080348 0.9999990908
1042001 0.0009746935531  0.001299460034 0.9999986806
1043001 0.001577956689  0.001843425306 0.9999970558
1044001 0.002129248588  0.001539761394 0.9999965476
1045001 0.002463698746  0.0008569487283 0.9999965978
1046001 0.002309639302  0.001536553244 0.9999961522
1047001 0.001328423057  0.001359800603 0.999998193
1048001 0.002165183369  0.001340916049 0.9999967569
1049001 0.002265440253  0.001641434235 0.9999960866
1050001 0.002763282267  0.002183671373 0.9999937978
1051001 0.002959524502  0.001623025248 0.9999943034
1052001 0.002607198595  0.002534417966 0.9999933895
1053001 0.003936488496  0.002167522513 0.9999899028
1054001 0.004565497293  0.002467203224 0.9999865344
1055001 0.004830802997  0.002359960814 0.9999855468
1056001 0.00477827096  0.001525269051 0.9999874207
1057001 0.005175544595  0.00203411311 0.9999845379
1058001 0.005313925865  0.002589958437 0.9999825269
1059001 0.005861842395  0.002549980401 0.9999795679
1060001 0.006257467204  0.002110428473 0.9999781948
1061001 0.006041270146  0.003182928376 0.9999766856
1062001 0.005649797657  0.003044315898 0.9999794057
1063001 0.005044140121  0.002051225511 0.9999851744
1064001 0.005296702086  0.002746936276 0.9999821994
1065001 0.004642884044  0.002963420076 0.9999848307
1066001 0.004387188219  0.00199791451 0.9999883803
1067001 0.003908169755  0.0005810379033 0.9999921942
1068001 0.003995713009  0.001161825602 0.9999913421
1069001 0.002829117635  0.002219932015 0.9999935339
1070001 0.002154305208  0.00240216649 0.9999947942
1071001 0.001812246314  0.001421944921 0.9999973468
1072001 0.00160109876  0.001522771799 0.9999975587
1073001 0.00243539167  0.001637046799 0.9999956944
1074001 0.003103186376  0.001023319891 0.9999946614
1075001 0.002495157434  0.001082383211 0.9999963012
1076001 0.001165696578  0.001129999284 0.999998682
1077001 0.001248432477  0.001744404345 0.9999976991
1078001 0.00210891004  0.001896950896 0.9999959769
1079001 0.002316820663  0.001637473194 0.9999959754
1080001 0.002223753829  0.001789384851 0.9999959264
1081001 0.002922436659  0.002677639832 0.9999921447
1082001 0.003476381465  0.002761891611 0.9999901432
1083001 0.00306600188  0.004054062851 0.9999870819
1084001 0.002532722067  0.004065400656 0.9999885288
1085001 0.003164722626  0.00353293199 0.9999887513
1086001 0.002268446755  0.003708917733 0.9999905489
1087001 0.001710560349  0.004096037337 0.9999901481
1088001 0.002265046271  0.004056814314 0.9999892058
1089001 0.003250270863  0.003636904349 0.9999881042
1090001 0.0035389324  0.0039182155 0.9999860616
1091001 0.003389136166  0.003419463891 0.9999884104
1092001 0.003298277663  0.003124017992 0.9999896808
1093001 0.003423492548  0.003358592838 0.9999884996
1094001 0.003075614731  0.002962583132 0.9999908817
1095001 0.003204053005  0.002707004594 0.999991203
1096001 0.00272842369  0.003479155192 0.9999902254
1097001 0.002610638175  0.003833858158 0.9999892429
1098001 0.002432521793  0.003699108243 0.9999901996
1099001 0.001527606179  0.004207803001 0.9999899803
1100001 0.000589609689  0.004040246907 0.9999916643
1101001 0.001837111301  0.003797374732 0.9999911023
1102001 0.001666330543  0.00385995055 0.9999911619
1103001 0.002526084443  0.003265685569 0.999991477
1104001 0.002765826115  0.003789854771 0.9999889934
1105001 0.002898785963  0.002704040216 0.9999921425
1106001 0.00240574774  0.002808586365 0.999993162
1107001 0.003178081055  0.002484402371 0.9999918636
1108001 0.003150207604  0.002226004477 0.9999925604
1109001 0.003279891052  0.002306165131 0.9999919618
1110001 0.003436120143  0.001745685737 0.9999925727
1111001 0.002558601877  0.001266675903 0.9999959244
1112001 0.002690998642  0.0008926571917 0.9999959807
1113001 0.002482880277  0.0007823880762 0.9999966115
1114001 0.001724929601  0.0004195340632 0.9999984242
1115001 0.001307845421  0.0003669840007 0.9999990773
1116001 0.001662387302  -0.0003730075354 0.9999985486
1117001 0.001298863016  5.995244767e-05 0.9999991546
1118001 0.000949756431  0.0001174404981 0.999999542
1119001 0.0006922033851  -0.0001485678268 0.9999997493
1120001 0.0009634705081  -2.963444409e-05 0.9999995353
1121001 0.001504092199  0.0001673441744 0.9999988548
1122001 0.0008855659527  0.0004136451908 0.9999995222
1123001 0.0008999681466  0.0001275675417 0.9999995868
1124001 0.001690931304  0.0001699481721 0.9999985558
1125001 0.002681109457  0.0005438141008 0.9999962579
1126001 0.00250587147  0.0006791399593 0.9999966296
1127001 0.002078068343  0.0008009108658 0.99999752
1128001 0.002569444542  0.0009066701402 0.9999962878
1129001 0.001837198206  0.001796143139 0.9999966992
1130001 0.001829976781  0.001224864386 0.9999975753
1131001 0.001589197948  0.0008186970277 0.999998402
1132001 0.001256237412  0.001699556651 0.9999977666
1133001 0.0009342054292  0.001891531482 0.9999977746
1134001 0.001259431503  0.001755149612 0.9999976665
1135001 0.001694716073  0.0007365402148 0.9999982926
1136001 0.00210281198  0.0004187732661 0.9999977013
1137001 0.001404437227  -0.0006379953848 0.9999988102
1138001 0.0008609345853  -0.0001419768189 0.9999996192
1139001 0.000462389059  0.0004803714517 0.9999997776
1140001 -0.0004050618827  0.000523120521 0.999999781
1141001 -0.0001088327746  0.0006410593268 0.9999997885
1142001 -0.0003975300097  0.0003690417945 0.9999998528
1143001 0.0002066135108  0.0002034595257 0.9999999579
1144001 0.0002116290035  -0.0001233207285 0.9999999699
1145001 1.774841335e-05  -0.0005623360796 0.9999998416
1146001 -0.0003226066059  5.8662281e-05 0.9999999461
1147001 -0.0005262654316  1.264753945e-05 0.9999998613
1148001 0.0003819294961  3.189809987e-05 0.9999999265
1149001 0.0009931701063  0.001104935773 0.9999988963
1150001 0.0003407869655  0.001449052183 0.999998892
1151001 -0.0001752173375  0.00131926853 0.9999991143
1152001 -0.0009782704325  0.001100837214 0.9999989155
1153001 -0.001209610172  0.001414772435 0.9999982675
1154001 -0.0006569928387  0.00141275847 0.9999987861
1155001 -0.001475614369  0.001365102028 0.9999979794
1156001 -0.001710441661  0.0007168318323 0.9999982802
1157001 -0.001957559878  0.001409048963 0.9999970912
1158001 -0.002186911967  0.0002584091966 0.9999975752
1159001 -0.001926418033  -4.818677121e-05 0.9999981432
1160001 -0.001831702586  -0.0002024956637 0.9999983018
1161001 -0.001047880264  -0.0007858443368 0.9999991421
1162001 -0.001219575536  -0.0002185204813 0.9999992323
1163001 -0.001600663892  -0.0004135975647 0.9999986333
1164001 -0.002482683978  -0.000670683826 0.9999966931
1165001 -0.002041145368  -0.0006489716081 0.9999977062
1166001 -0.001893061135  -0.0001481098297 0.9999981971
1167001 -0.001998164884  0.0002353973231 0.9999979759
1168001 -0.001742055552  0.0001417784455 0.9999984725
1169001 -0.001004315681  0.0006479610692 0.9999992856
1170001 -0.0007767871088  -0.0001858559899 0.9999996809
1171001 -0.001231320582  0.0005495346712 0.9999990908
1172001 -0.001322532267  0.001070851593 0.999998552
1173001 -0.0003573535292  0.00143230189 0.9999989103
1174001 -0.0004807829186  0.00153609218 0.9999987045
1175001 -0.0002407109741  0.0002600112149 0.9999999371
1176001 0.0004573513507  0.0004100708431 0.9999998112
1177001 0.0007278662484  0.0005878059879 0.9999995622
1178001 0.00121715409  0.0001298356323 0.9999992507
1179001 0.001378946826  0.001182624023 0.9999983499
1180001 0.00187575807  0.001952394702 0.9999963347
1181001 0.001525264222  0.002687435024 0.9999952255
1182001 0.00115173942  0.002793131306 0.9999954358
1183001 0.0007814624187  0.002529665035 0.9999964949
1184001 0.0006326748651  0.00245587617 0.9999967841
1185001 0.0005044670332  0.001691891048 0.9999984414
1186001 0.0001546278698  0.001518070406 0.9999988357
1187001 -0.0003049667968  0.001582607663 0.9999987011
1188001 -0.0003414067914  0.001186983171 0.9999992372
1189001 -0.0002442446115  0.0002724992654 0.9999999329
1190001 -0.001000974939  0.0009206455422 0.9999990751
1191001 -0.001600993941  0.00159744107 0.9999974424
1192001 -0.001391859002  0.000838890685 0.9999986794
1193001 -0.0005112239498  0.0009738317563 0.999999395
1194001 -0.001601113197  0.0006434664914 0.9999985111
1195001 -0.002222590738  0.001594644984 0.9999962585
1196001 -0.002290735323  0.001533045865 0.999996201
1197001 -0.002291922133  0.0015139946 0.9999962273
1198001 -0.001531383362  0.001530799758 0.9999976557
1199001 -0.001957032623  0.002518747564 0.9999949129
1200001 -0.002143535292  0.002665961773 0.9999941488
1201001 -0.001658413914  0.003115438917 0.9999937717
1202001 -0.001763534065  0.003834610786 0.9999910927
1203001 -0.001576415144  0.004192663084 0.9999899681
1204001 -0.0021823431  0.003944364901 0.9999898395
1205001 -0.002459980829  0.004386242203 0.9999873545
1206001 -0.002621658046  0.004057351928 0.9999883322
1207001 -0.002716469354  0.004353486865 0.9999868338
1208001 -0.002975869351  0.004547686088 0.9999852312
1209001 -0.002828794303  0.004645124136 0.9999852102
1210001 -0.002735869065  0.004883232976 0.9999843343
1211001 -0.002152263263  0.004998159469 0.9999851929
1212001 -0.002629168786  0.00598752349 0.9999786182
1213001 -0.002621861196  0.006970170687 0.9999722708
1214001 -0.002593025487  0.006739962626 0.9999739241
1215001 -0.002253031715  0.006569420636 0.9999758829
1216001 -0.002161596808  0.006869525772 0.9999740681
1217001 -0.002780889289  0.006630023724 0.9999741543
1218001 -0.002228189915  0.006887144248 0.9999738008
1219001 -0.003327708268  0.006002593932 0.9999764472
1220001 -0.003318874204  0.005595358472 0.9999788382
1221001 -0.003167960758  0.00580387719 0.9999781392
1222001 -0.003444394835  0.004970796624 0.9999817134
1223001 -0.003984313948  0.004351886261 0.9999825929
1224001 -0.004154075015  0.004356273808 0.999981883
1225001 -0.004230623768  0.003683719387 0.9999842658
1226001 -0.003208755193  0.003929282243 0.9999871321
1227001 -0.002823731447  0.004855082647 0.9999842271
1228001 -0.002192497611  0.004349390689 0.9999881377
1229001 -0.00315066947  0.005486595239 0.999979985
1230001 -0.003761022925  0.004965616907 0.9999805984
1231001 -0.004599576205  0.004900811748 0.9999774126
1232001 -0.004714874569  0.004653510975 0.9999780571
1233001 -0.004123586723  0.004294950668 0.9999822745
1234001 -0.003970553873  0.004093218395 0.9999837399
1235001 -0.00476029435  0.00551172629 0.9999734798
1236001 -0.004435233938  0.004848914325 0.999978408
1237001 -0.004494254309  0.004194494604 0.9999811037
1238001 -0.005443115916  0.00357732449 0.9999787873
1239001 -0.00541997415  0.003405607791 0.9999795125
1240001 -0.00471965769  0.003498984038 0.9999827407
1241001 -0.004213869778  0.003702466211 0.9999842673
1242001 -0.004727505413  0.00277950378 0.9999849623
1243001 -0.004202393855  0.003682391814 0.9999843897
1244001 -0.005123674911  0.003686878241 0.9999800771
1245001 -0.005000362697  0.003086677597 0.9999827341
1246001 -0.005247777053  0.002753899543 0.9999824382
1247001 -0.005095921327  0.002513808456 0.9999838559
1248001 -0.005245058096  0.002095860793 0.9999840481
1249001 -0.005075020912  0.002435777573 0.9999841553
1250001 -0.003897371752  0.002832461115 0.9999883937
1251001 -0.003154100051  0.002975818286 0.9999905979
1252001 -0.003676580959  0.003000972119 0.9999887383
1253001 -0.003625048348  0.002411816832 0.9999905209
1254001 -0.00361832711  0.002068220584 0.9999913149
1255001 -0.003335426137  0.002420401291 0.9999915082
1256001 -0.003190929153  0.002410836891 0.9999920028
1257001 -0.003003896646  0.001957123327 0.999993573
1258001 -0.003182972152  0.0009237153109 0.9999945076
1259001 -0.00392387577  0.000294874338 0.999992258
1260001 -0.003748348554  0.0001320327008 0.9999929661
1261001 -0.004135414021  0.0003658681757 0.9999913821
1262001 -0.003254313712  0.001210037947 0.9999939725
1263001 -0.003654064088  0.001843507058 0.9999916245
1264001 -0.003660251738  0.001677315988 0.9999918944
1265001 -0.003631180321  0.001900783456 0.9999916006
1266001 -0.004149197211  0.001588198277 0.9999901307
1267001 -0.004278173577  0.002865280712 0.9999867435
1268001 -0.003830152386  0.00287555196 0.9999885304
1269001 -0.003317030879  0.002733936868 0.9999907613
1270001 -0.003397151349  0.00214738525 0.9999919239
1271001 -0.003616775088  0.001634247144 0.9999921239
1272001 -0.003530997636  0.001688295448 0.9999923407
1273001 -0.003690582995  0.0009197066576 0.9999927667
1274001 -0.003881810774  0.0004919179951 0.9999923446
1275001 -0.004671400585  0.0006411044244 0.9999888833
1276001 -0.004774109478  -2.293844729e-05 0.9999886035
1277001 -0.004577730891  -4.181973229e-05 0.9999895212
1278001 -0.005089119297  -0.0003461970865 0.9999869903
1279001 -0.005495994323  -0.001235377753 0.9999841337
1280001 -0.006136802599  -0.001447220243 0.9999801223
1281001 -0.006048549278  -0.001558146514 0.9999804933
1282001 -0.005490813132  -0.0008419585192 0.9999845708
1283001 -0.005401142791  -0.0006728143889 0.9999851873
1284001 -0.005725128323  -2.931592054e-05 0.9999836108
1285001 -0.005321792774  -3.451285452e-05 0.9999858385
1286001 -0.005653344241  0.0002795886216 0.9999839805
1287001 -0.005065883784  -0.0001622851077 0.999987155
1288001 -0.005348500769  -0.0003139354344 0.9999856473
1289001 -0.005454147252  -0.000158385253 0.9999851134
1290001 -0.005012094705  0.0003530136352 0.999987377
1291001 -0.004026513816  0.0003842477498 0.9999918196
1292001 -0.003403459261  0.0005951139367 0.999994031
1293001 -0.003539706664  0.0006177837999 0.9999935443
1294001 -0.003866559403  0.0002290902147 0.9999924985
1295001 -0.003762372955  0.0003188801841 0.9999928713
1296001 -0.004731048218  0.0001010796007 0.9999888033
1297001 -0.004051516795  0.0002260480009 0.9999917669
1298001 -0.003990736323  0.0007996378819 0.9999917172
1299001 -0.005014784771  0.0008560874603 0.9999870593
1300001 -0.005210298921  0.0001196216136 0.999986419
1301001 -0.005625550876  0.0003341268027 0.9999841205
1302001 -0.005742187485  0.0005991282217 0.9999833339
1303001 -0.005423866708  0.0005394698876 0.9999851451
1304001 -0.005477532343  0.0007383076716 0.9999847255
1305001 -0.005461974183  0.001187778698 0.9999843778
1306001 -0.005753620485  0.0008786629773 0.9999830616
1307001 -0.005534115793  0.0004882077273 0.9999845674
1308001 -0.005625962412  0.0001775847517 0.9999841583
1309001 -0.005052509809  -5.987793943e-05 0.9999872341
1310001 -0.004555427641  -0.0002750115542 0.9999895861
1311001 -0.005008657118  0.0003255307338 0.9999874035
1312001 -0.005307254847  7.686858775e-05 0.9999859134
1313001 -0.00571269398  -0.0002500560323 0.9999836511
1314001 -0.005152367873  -0.0003003174317 0.9999866813
1315001 -0.006218722069  0.0004401778285 0.9999805666
1316001 -0.006294166184  0.0006680910706 0.9999799682
1317001 -0.006306993649  0.001793722287 0.9999785019
1318001 -0.005938252218  0.001819707389 0.9999807126
1319001 -0.006455894076  0.002070008087 0.9999770179
1320001 -0.005822730089  0.001831245534 0.9999813709
1321001 -0.006170997556  0.001927335728 0.9999791018
1322001 -0.005493143152  0.001509937438 0.9999837725
1323001 -0.005416207183  0.001555103914 0.9999841229
1324001 -0.006209679535  0.002120190092 0.999978472
1325001 -0.006526445606  0.002128582047 0.9999764369
1326001 -0.006790321201  0.002370764292 0.9999741351
1327001 -0.006213794424  0.002807053124 0.9999767542
1328001 -0.006266965139  0.00284269611 0.9999763217
1329001 -0.006229856017  0.002853462091 0.9999765229
1330001 -0.006307160431  0.002000614591 0.9999781083
1331001 -0.006399796802  0.002529816703 0.9999763209
1332001 -0.006192819125  0.00265591567 0.9999772972
1333001 -0.006816486714  0.002678124156 0.9999731811
1334001 -0.006733090703  0.003247243565 0.9999720599
1335001 -0.007304221312  0.002684763591 0.9999697196
1336001 -0.006960507415  0.002205522206 0.999973343
1337001 -0.007110964578  0.00255933569 0.9999714415
1338001 -0.007399573666  0.00189355334 0.9999708298
1339001 -0.007694479229  0.001999555886 0.9999683978
1340001 -0.007685081394  0.001740221509 0.999968955
1341001 -0.007347007569  0.001069171209 0.9999724387
1342001 -0.0072266571  0.001321881773 0.9999730135
1343001 -0.007276707178  0.001419398636 0.9999725169
1344001 -0.00760001683  0.002186857425 0.9999687281
1345001 -0.007606697998  0.002587871242 0.9999677199
1346001 -0.007710980789  0.00251389942 0.9999671099
1347001 -0.007838684452  0.00200981779 0.9999672572
1348001 -0.00767426015  0.00214943826 0.9999682422
1349001 -0.006674567501  0.002207775655 0.9999752875
1350001 -0.006791743403  0.002172143098 0.9999745766
1351001 -0.006949326536  0.002253062173 0.9999733148
1352001 -0.006512031844  0.002462417705 0.9999757646
1353001 -0.007148383461  0.001989313957 0.9999724711
1354001 -0.007897208193  0.002190964952 0.9999664162
1355001 -0.007682165571  0.002304187385 0.9999678369
1356001 -0.006064318435  0.002191364229 0.9999792106
1357001 -0.006741616818  0.001421994499 0.9999762639
1358001 -0.006647235559  0.001592693039 0.9999766384
1359001 -0.007024946548  0.001646859579 0.9999739685
1360001 -0.007086640792  0.0009041090885 0.9999744806
1361001 -0.00681022084  0.001383427536 0.9999758531
1362001 -0.00653549393  0.0025764405 0.9999753242
1363001 -0.00637773984  0.003252793476 0.9999743714
1364001 -0.007179396643  0.002703440399 0.9999705733
1365001 -0.006870309279  0.003090696725 0.9999716227
1366001 -0.006542318771  0.00330116555 0.9999731497
1367001 -0.006933502046  0.004035407334 0.9999678204
1368001 -0.006953453948  0.003610186178 0.9999693074
1369001 -0.006987335351  0.003329231903 0.9999700461
1370001 -0.007076632229  0.003693957063 0.9999681374
1371001 -0.007592223212  0.004472915398 0.9999611747
1372001 -0.007644819351  0.005198584034 0.9999572647
1373001 -0.008012237407  0.005044930745 0.9999551752
1374001 -0.008823987345  0.006083150135 0.9999425645
1375001 -0.00864171945  0.005772118364 0.9999460001
1376001 -0.008796554664  0.004121416127 0.999952816
1377001 -0.00927070152  0.004117907684 0.999948547
1378001 -0.009522462818  0.004514071468 0.9999444713
1379001 -0.008926086885  0.003290304699 0.9999547483
1380001 -0.009581474732  0.003581101514 0.999947684
1381001 -0.009814136567  0.003654105516 0.9999451635
1382001 -0.009059855658  0.003454507883 0.9999529915
1383001 -0.009281070797  0.003222563491 0.9999517371
1384001 -0.009252807448  0.003399487507 0.9999514132
1385001 -0.009972443306  0.003467028883 0.9999442634
1386001 -0.01053440357  0.003653110169 0.9999378385
1387001 -0.01072333889  0.002779747819 0.9999386395
1388001 -0.01062306484  0.003208165507 0.9999384271
1389001 -0.01115532682  0.003862054541 0.9999303191
1390001 -0.01171238811  0.003276503024 0.9999260394
1391001 -0.01129001657  0.003179657066 0.9999312102
1392001 -0.01162959953  0.002922683573 0.9999281025
1393001 -0.01183151748  0.00188694699 0.9999282246
1394001 -0.01137001237  0.0009323317408 0.9999349246
1395001 -0.01128345308  0.0009849332541 0.9999358546
1396001 -0.01126618644  0.001324975803 0.9999356566
1397001 -0.01015038806  0.001659777057 0.9999471059
1398001 -0.009693135679  0.001523943612 0.9999518591
1399001 -0.009481686267  0.0009098639035 0.9999546337
1400001 -0.009203169877  3.319316802e-05 0.9999576493
1401001 -0.008485885053  -0.0001743353579 0.9999639789
1402001 -0.009070300584  0.0004152509337 0.9999587776
1403001 -0.009027069027  -1.15541924e-05 0.999959255
1404001 -0.008741498485  0.0002145139573 0.9999617692
1405001 -0.008403461469  -0.0005646851417 0.9999645307
1406001 -0.009104487713  -0.001053679305 0.999957998
1407001 -0.008875623745  -0.00145591287 0.9999595509
1408001 -0.008148573778  -0.001964761187 0.9999648695
1409001 -0.008208979007  -0.001893027122 0.9999645138
1410001 -0.007691120689  -0.001646798181 0.9999690668
1411001 -0.00745548495  -0.00174100935 0.9999706918
1412001 -0.007694945359  -0.00223844054 0.999967888
1413001 -0.008758951708  -0.002257101996 0.9999590922
1414001 -0.008011553112  -0.001722609801 0.9999664231
1415001 -0.008143298766  -0.001339337013 0.9999659457
1416001 -0.007815495092  -0.001551322498 0.9999682551
1417001 -0.007522278299  -0.001368480388 0.9999707707
1418001 -0.007549420155  -0.0003853797688 0.9999714283
1419001 -0.007205693285  -0.0006995251491 0.9999737939
1420001 -0.006651623269  -0.0006458392124 0.999977669
1421001 -0.006749626922  -0.001383323369 0.9999762641
1422001 -0.007109647903  -0.001513902145 0.99997358
1423001 -0.007094855714  -0.001939832207 0.9999729495
1424001 -0.006165313764  -0.001726116363 0.9999795044
1425001 -0.006537473594  -0.0008011116092 0.9999783095
1426001 -0.006120579363  -6.367499374e-05 0.9999812669
1427001 -0.005314996296  -0.0005789378568 0.9999857076
1428001 -0.005076665862  -0.0003808009055 0.999987041
1429001 -0.006288354005  0.0002018207919 0.9999802076
1430001 -0.005831025923  0.0003304808775 0.9999829447
1431001 -0.00572868477  -0.0002191923547 0.9999835668
1432001 -0.005065887034  0.0007432152529 0.999986892
1433001 -0.005352544723  0.0008242847772 0.9999853352
1434001 -0.005381926112  0.0007498658717 0.9999852361
1435001 -0.005618075206  0.00131229025 0.9999833573
1436001 -0.00612869485  0.001678437572 0.9999798106
1437001 -0.00577606562  0.001820942249 0.9999816603
1438001 -0.005729993699  0.001915003131 0.9999817497
1439001 -0.005849244797  0.001283387218 0.9999820693
1440001 -0.005662480358  0.001812340939 0.9999823256
1441001 -0.00538430747  0.002021008327 0.9999834621
1442001 -0.005738553281  0.001402384479 0.9999825509
1443001 -0.006453352749  0.001172432963 0.9999784895
1444001 -0.006712370591  0.001065270307 0.9999769042
1445001 -0.00606047455  0.0007350857441 0.9999813649
1446001 -0.005427261615  0.0007440622631 0.9999849954
1447001 -0.005639013766  0.0007016914205 0.9999838543
1448001 -0.006012783613  3.057164761e-05 0.9999819225
1449001 -0.005725555033  -0.0006489363437 0.9999833982
1450001 -0.005219124231  -0.0008865927022 0.9999859871
1451001 -0.005487814873  -0.001327488918 0.9999840606
1452001 -0.004965668309  -0.001190099746 0.9999869627
1453001 -0.005814421388  -0.001509757197 0.9999819563
1454001 -0.00641431713  -0.001218925599 0.999978685
1455001 -0.005631727836  -0.001843696065 0.9999824419
1456001 -0.00533870152  -0.001597323692 0.9999844732
1457001 -0.004946699848  -0.001219311776 0.9999870215
1458001 -0.005292424374  -0.001060889517 0.9999854321
1459001 -0.006158959902  -0.0009615518981 0.999980571
1460001 -0.006234864187  -0.001505398298 0.9999794298
1461001 -0.006981185251  -0.0009463973141 0.9999751833
1462001 -0.007273619619  -0.0007392224821 0.9999732735
1463001 -0.007272940286  -0.0006826436968 0.9999733187
1464001 -0.007825164787  -8.855740487e-05 0.9999693789
1465001 -0.00772306713  0.0006200975777 0.9999699843
1466001 -0.008151452391  0.0005808072517 0.9999666076
1467001 -0.009226235117  0.0004353349058 0.9999573425
1468001 -0.008846958719  8.801700626e-05 0.9999608609
1469001 -0.009062967319  0.0003109690371 0.999958882
1470001 -0.009498415864  0.0007755374879 0.9999545882
1471001 -0.01001279058  -0.0002897712541 0.9999498286
1472001 -0.01064531781  -1.079499043e-05 0.9999433368
1473001 -0.01088347442  0.0001200508437 0.9999407659
1474001 -0.01107590502  -1.803746535e-05 0.99993866
1475001 -0.01104902037  -0.0005782420431 0.9999387904
1476001 -0.01128247279  -0.0004093099021 0.999936267
1477001 -0.01066546197  0.001113803012 0.9999425019
1478001 -0.01007794834  0.00248143042 0.9999461372
1479001 -0.01066429243  0.001910700391 0.9999413092
1480001 -0.01031896958  0.00106463069 0.9999461911
1481001 -0.0105544392  0.0014655297 0.9999432263
1482001 -0.01023553239  0.001453213103 0.9999465595
1483001 -0.01035378672  0.0005011898324 0.9999462724
1484001 -0.01003530049  0.0003069357368 0.9999495979
1485001 -0.009382789948  -1.255550996e-05 0.9999559805
1486001 -0.01001115648  0.0004720047407 0.9999497756
1487001 -0.009836310614  -0.0001268121879 0.9999516142
1488001 -0.01006003908  9.661117339e-05 0.9999493917
1489001 -0.009987034293  -0.000190375192 0.9999501101
1490001 -0.009506902107  -0.000497460054 0.9999546845
1491001 -0.01031999747  -0.001076629159 0.9999461677
1492001 -0.009141410674  -0.0009308945231 0.999957783
1493001 -0.008692813253  -0.0009376643431 0.999961777
1494001 -0.008245810508  -0.0003558904606 0.9999659393
1495001 -0.008144527484  -0.001241715407 0.9999660617
1496001 -0.007485339016  -0.0007965819501 0.999971667
1497001 -0.007286320705  -0.001084794949 0.9999728659
1498001 -0.007561566136  -0.002188755956 0.9999690154
1499001 -0.0081291126  -0.002524127206 0.9999637724
