0 0  0 1
1 0.03140964805  0.0005922460433 0.9995064198
2 0.01278860541  -0.02355155821 0.9996408233
3 0.004795252935  0.007085284482 0.9999634015
4 0.03386434796  -0.003963136254 0.9994185807
5 0.007272966398  -0.01920155859 0.9997891798
6 0.01106376694  0.01235321528 0.9998624861
7 0.03358176325  -0.008640900651 0.9993986192
8 0.002921596211  -0.01266777277 0.9999154923
9 0.01796549938  0.01528671725 0.9997217398
10 0.03066829726  -0.0125058911 0.9994513786
11 0.0004252282339  -0.004646922226 0.9999891126
12 0.02453950279  0.01571643229 0.9995753131
13 0.02558436631  -0.01473550023 0.9995640576
14 0.0001746395246  0.003951511153 0.9999921775
15 0.02984368786  0.01384167846 0.9994587346
16 0.01907715517  -0.01474265738 0.9997093159
17 0.002202944449  0.01213484423 0.9999239434
18 0.03309181055  0.01019758525 0.9994002908
19 0.01207204045  -0.01226489083 0.9998519082
20 0.006180784329  0.01896906111 0.9998009665
21 0.03376784541  0.005573558908 0.9994141624
22 0.005538175971  -0.007406372484 0.9999572362
23 0.01146513287  0.02371200009 0.9996530857
24 0.03170139631  0.0008951084268 0.9994969836
25 0.0003476677363  -0.0006264693224 0.9999997433
26 0.01719433981  0.02591824533 0.9995161826
27 0.02709342639  -0.002913886819 0.9996286588
28 -0.002851009269  0.007323894328 0.9999691157
29 0.02241519966  0.02550051673 0.999423475
30 0.02048857453  -0.005068685275 0.9997772386
31 -0.003726577834  0.01550893366 0.9998727847
32 0.02622331901  0.02273894141 0.9993974575
33 0.01269783299  -0.005041117896 0.9999066717
34 -0.002311589136  0.02294205504 0.999734124
35 0.02789640618  0.01823722046 0.9994444428
36 0.004682496663  -0.002639750703 0.9999855529
37 0.001004704541  0.0287274076 0.9995867779
38 0.02700134599  0.01283224048 0.9995530306
39 -0.002583909092  0.001959238316 0.9999947424
40 0.005535932193  0.03218807454 0.9994664983
41 0.0234597169  0.007470171078 0.9996968732
42 -0.008255515419  0.008235334093 0.9999320106
43 0.0104015772  0.03296226387 0.9994024697
44 0.01756222143  0.003066805402 0.9998410689
45 -0.01173512488  0.01539787851 0.9998125785
46 0.01465808915  0.03105377963 0.9994102277
47 0.00992966332  0.0003722756985 0.9999506304
48 -0.01275843663  0.02250022641 0.9996654251
49 0.01743906665  0.02682977156 0.99948789
50 0.00142577895  -0.0001400954987 0.9999989738
51 -0.01142916836  0.02857689798 0.9995262553
52 0.01808434393  0.02096625506 0.9996166128
53 -0.006965616961  0.001655691415 0.9999743691
54 -0.008200211435  0.03278347391 0.9994288371
55 0.01623942753  0.01434920971 0.999765163
56 -0.01428122061  0.005519069174 0.9998827864
57 -0.003803955077  0.03451884177 0.9993968078
58 0.01191082125  0.007945352924 0.9998974966
59 -0.01971579474  0.01087789949 0.9997464472
60 0.0008577947674  0.03351223864 0.9994379391
61 0.005468920435  0.002661162184 0.9999815044
62 -0.02273635749  0.01691246923 0.9995984326
63 0.004848269452  0.02986273884 0.9995422508
64 -0.002402335506  -0.000789310384 0.9999968029
65 -0.02315630209  0.02267590332 0.9994746565
66 0.007335217133  0.02402559214 0.999684433
67 -0.01080198498  -0.001988301965 0.9999396801
68 -0.02115887932  0.02723314431 0.9994051519
69 0.007715346539  0.01674726909 0.9998299868
70 -0.01874065555  -0.0008744023456 0.9998239961
71 -0.01726700501  0.02979819241 0.9994067832
72 0.005705651688  0.008958343437 0.9999435952
73 -0.0252822535  0.002250106166 0.9996778204
74 -0.01226407688  0.02984982532 0.9994791545
75 0.001388072723  0.001639524254 0.9999976926
76 -0.02967778227  0.006765567731 0.9995366208
77 -0.007077347255  0.02720924617 0.9996047059
78 -0.004799401258  -0.0043196878 0.9999791528
79 -0.03147169404  0.01182782771 0.9994346577
80 -0.002640605047  0.02206850037 0.9997529737
81 -0.01212417446  -0.008248894242 0.9998924743
82 -0.03056547575  0.01649379448 0.9993966712
83 0.0002441052597  0.01496538517 0.9998879826
84 -0.01966407713  -0.009792276237 0.9997586886
85 -0.02722956935  0.01986129418 0.9994318784
86 0.001025662333  0.006708157774 0.9999769741
87 -0.02644041697  -0.008957566226 0.9996102572
88 -0.02206217325  0.02120301973 0.9995317366
89 -0.0005136265077  -0.001739316887 0.9999983555
90 -0.03155933706  -0.006111500081 0.9994831954
91 -0.0159009421  0.02007534954 0.9996720164
92 -0.004224586017  -0.009395333185 0.9999469389
93 -0.03434074513  -0.001922767452 0.9994083331
94 -0.00970020462  0.01638633716 0.9998186806
95 -0.009611960038  -0.01540075506 0.9998351999
96 -0.03441618233  0.002738869958 0.9994038348
97 -0.004391281982  0.01041283613 0.9999361427
98 -0.01590640491  -0.01914128907 0.9996902507
99 -0.03178170756  0.006932460938 0.999470792
100 -0.0007461330737  0.002763909902 0.999995902
101 -0.02217693038  -0.02033361261 0.9995472615
102 -0.02679836566  0.009785975435 0.9995929583
103 0.0007356414074  -0.005704495723 0.9999834586
104 -0.02746705423  -0.0190629079 0.999440927
105 -0.0201401841  0.0106265137 0.9997406915
106 -0.0001003756919  -0.01401130771 0.9999018318
107 -0.03093464929  -0.01576667637 0.9993970479
108 -0.01269701836  0.009081811311 0.9998781458
109 -0.003041659857  -0.02119059527 0.9997708272
110 -0.03197521344  -0.01116755673 0.9994262711
111 -0.005446063688  0.005138140278 0.9999719696
112 -0.007541241049  -0.0264295952 0.9996222317
113 -0.03031090503  -0.006165087758 0.9995215059
114 0.0006894176015  -0.0008541773657 0.9999993975
115 -0.01279944923  -0.02918416738 0.9994921003
116 -0.02603263241  -0.001702049773 0.9996596446
117 0.004973450003  -0.008228811775 0.9999537747
118 -0.01788262547  -0.02925492485 0.9994120077
119 -0.01958907566  0.001375430102 0.9998071696
120 0.006963028601  -0.01609816874 0.9998461708
121 -0.02186127784  -0.02681326473 0.9994013875
122 -0.01172397429  0.002443819928 0.9999282855
123 0.006570451439  -0.02348087275 0.9997026947
124 -0.02394761474  -0.02237386645 0.9994628166
125 -0.003370452467  0.001195744047 0.9999936051
126 0.004073191273  -0.02944308762 0.9995581592
127 -0.02361269045  -0.0167178238 0.99958139
128 0.004482436249  -0.002312794622 0.9999872793
129 7.013353078e-05  -0.03323283759 0.9994476342
130 -0.02066634739  -0.010777478 0.9997283371
131 0.01093142287  -0.007668775124 0.999910843
132 -0.004609055727  -0.03438778178 0.9993979373
133 -0.01528832185  -0.005499428434 0.999868003
134 0.01528805016  -0.01416133289 0.9997828425
135 -0.009027969867  -0.03280102264 0.9994211268
136 -0.008005714133  -0.001705451417 0.9999664994
137 0.01717592907  -0.0208849775 0.9996343357
138 -0.01228286361  -0.02873570211 0.9995115761
139 0.0003802787313  2.837275583e-05 0.9999999273
140 0.01658200882  -0.02687147532 0.9995013561
141 -0.01363735811  -0.02278641657 0.9996473387
142 0.00890794203  -0.0005435807911 0.9999601758
143 0.01385464069  -0.03123089936 0.9994161695
144 -0.01263307586  -0.01579293644 0.9997954734
145 0.01659234333  -0.003300538556 0.9998568901
146 0.009649106966  -0.03328127114 0.9993994455
147 -0.00916011507  -0.008718478027 0.999920037
148 0.0225660677  -0.007773602996 0.9997151313
149 0.004828827934  -0.03264814802 0.999455242
150 -0.003476839341  -0.002509994676 0.9999908057
151 0.02620258892  -0.0132154385 0.9995692955
152 0.0003366380239  -0.02931996676 0.9995700207
153 0.003824290826  0.002039169049 0.9999906083
154 0.02720422863  -0.01871086411 0.9994547681
155 -0.00294535629  -0.02365123154 0.9997159317
156 0.01190013863  0.004403991761 0.9999194925
157 0.0256421102  -0.02331192251 0.9993993378
158 -0.004327183751  -0.01631294172 0.9998575716
159 0.01977739154  0.004402805072 0.999794714
160 0.02194266357  -0.02617767506 0.9994164542
161 -0.003414590978  -0.008197138878 0.999960573
162 0.02649231206  0.002221537693 0.9996465486
163 0.01682292976  -0.02669855689 0.999501964
164 -0.0001694775514  -0.0002891734322 0.9999999438
165 0.03122906502  -0.001616223743 0.9995109471
166 0.01118409878  -0.02458747386 0.9996351195
167 0.005082004483  0.006473757267 0.9999661313
168 0.03343635707  -0.006328636922 0.9994208115
169 0.005978548769  -0.01992451812 0.9997836119
170 0.01169514954  0.01133696721 0.9998673395
171 0.03290557787  -0.01099255563 0.9993980121
172 0.002069469689  -0.01314864763 0.9999114113
173 0.01879953513  0.01383563339 0.9997275392
174 0.02979941155  -0.01468088098 0.9994480811
175 0.0001034298623  -0.004997186568 0.9999875086
176 0.02542519805  0.01385932068 0.9995806513
177 0.02462702682  -0.01660046944 0.9995588697
178 0.0004146466261  0.003598377161 0.9999934399
179 0.03064343063  0.01166439741 0.9994623164
180 0.0181694696  -0.01621079163 0.9997034963
181 0.002975272627  0.01164521363 0.9999277658
182 0.03370152966  0.007832886839 0.9994012471
183 0.01136587508  -0.01330620936 0.9998468691
184 0.007399225226  0.01823104873 0.9998064214
185 0.03413200332  0.00318411015 0.9994122612
186 0.005176759531  -0.008049754856 0.9999542003
187 0.01299900792  0.02265414233 0.9996588496
188 0.0318206477  -0.001347867493 0.9994926861
189 0.0004441699883  -0.0009531347831 0.9999994471
190 0.01888697122  0.02452221211 0.9995208569
191 0.02702383948  -0.004853279283 0.9996230078
192 -0.00223078116  0.007194485496 0.9999716311
193 0.02410589881  0.02380598177 0.9994259257
194 0.02033253154  -0.006582214257 0.9997716052
195 -0.002574815127  0.01543866948 0.9998775014
196 0.02776969539  0.02083988875 0.9993970898
197 0.01258793275  -0.006057113342 0.9999024229
198 -0.0006808765141  0.02279635311 0.9997398975
199 0.02919376981  0.01627021068 0.999441346
200 0.004760807925  -0.003145709743 0.9999837195
201 0.00300759479  0.02839671178 0.9995922074
202 0.02799640785  0.01095832059 0.999547956
203 -0.002188202128  0.001916556323 0.9999957693
204 0.007763945076  0.03160550231 0.9994702664
205 0.02415661877  0.005853028857 0.9996910522
206 -0.007446783018  0.008558278346 0.9999356486
207 0.01268695837  0.03211481775 0.999403662
208 0.01802003334  0.001850317024 0.9998359139
209 -0.01046722273  0.01595350158 0.9998179449
210 0.01683481218  0.02998548533 0.999408555
211 0.01025172267  -0.0003393037443 0.9999473921
212 -0.01104353946  0.02314079806 0.9996712178
213 0.01936487073  0.0256362817 0.9994837582
214 0.001742437625  -0.00029641699 0.999998438
215 -0.009338195285  0.02916231586 0.9995310688
216 0.01965921284  0.01978169161 0.9996110244
217 -0.006518296625  0.002044397883 0.9999766659
218 -0.005854767733  0.03320228511 0.9994315034
219 0.01741785439  0.01332714075 0.9997594739
220 -0.01358367432  0.006383911082 0.9998873584
221 -0.00136095104  0.03470480924 0.99939668
222 0.01270609656  0.007236654736 0.9998930873
223 -0.01868478352  0.01210154283 0.9997521851
224 0.003226631278  0.03345404874 0.9994350482
225 0.0059488336  0.002391984326 0.9999794447
226 -0.02133948095  0.01834615861 0.9996039441
227 0.006979039866  0.02960544697 0.9995372982
228 -0.002127739267  -0.0005362565417 0.9999975926
229 -0.02141905391  0.02416078391 0.9994786044
230 0.009093403252  0.02366359895 0.9996786204
231 -0.01059878092  -0.001186382534 0.9999431276
232 -0.0191632004  0.02862277321 0.9994065782
233 0.009013164345  0.01640984502 0.9998247246
234 -0.01847282971  0.0004422361373 0.9998292649
235 -0.01514153171  0.0309789711 0.9994053419
236 0.006512703788  0.008789805292 0.9999401602
237 -0.02483368378  0.003990467794 0.9996836321
238 -0.010167483  0.03075640125 0.9994751953
239 0.001733759381  0.001776958645 0.9999969182
240 -0.02897116562  0.008793800576 0.9995415652
241 -0.005177173045  0.02783266633 0.9995991895
242 -0.004832053673  -0.003767884133 0.999981227
243 -0.03048163598  0.01398153043 0.9994375352
244 -0.001090618823  0.02245594752 0.9997472385
245 -0.012412349  -0.007220493283 0.9998968937
246 -0.02932382386  0.01860597691 0.9993967836
247 0.001324746599  0.01521154378 0.9998834202
248 -0.02006461741  -0.008282132077 0.999764381
249 -0.02582220784  0.02178281659 0.9994291983
250 0.00156843392  0.006939474832 0.9999746915
251 -0.02681202122  -0.007020345328 0.9996158413
252 -0.02061773366  0.0228222784 0.9995269144
253 -0.0005177481617  -0.001385165655 0.9999989066
254 -0.03178422917  -0.003855815884 0.9994873163
255 -0.01457305264  0.02133237906 0.9996662222
256 -0.004724699866  -0.008791745788 0.99995019
257 -0.03434264955  0.0005024358832 0.9994099909
258 -0.008645837417  0.01727930386 0.9998133202
259 -0.01050532049  -0.01445297838 0.9998403621
260 -0.03417198433  0.005163717609 0.9994026273
261 -0.00374833348  0.0109959942 0.9999325168
262 -0.01705381076  -0.01780259243 0.9996960714
263 -0.03132510782  0.009188535893 0.9994670122
264 -0.0006135010761  0.003137331282 0.9999948904
265 -0.0234231572  -0.0186144672 0.9995523285
266 -0.02621499969  0.01172847604 0.9995875233
267 0.0003125683091  -0.005411900087 0.9999853067
268 -0.02866333569  -0.01703181323 0.9994440107
269 -0.01955491109  0.01215299503 0.9997349199
270 -0.00106406857  -0.01366296526 0.9999060912
271 -0.03195993052  -0.01354249936 0.9993974002
272 -0.0122552198  0.01014481219 0.9998734382
273 -0.004472022367  -0.02066451443 0.9997764644
274 -0.03275309515  -0.008904481821 0.9994238065
275 -0.005291671941  0.005749874567 0.9999694681
276 -0.009315407679  -0.02563838433 0.999627879
277 -0.03081983296  -0.00403234051 0.9995168223
278 0.0004359479501  -0.000625737111 0.9999997092
279 -0.01476247294  -0.02808987716 0.9994963873
280 -0.02630786667  0.0001386917743 0.9996538786
281 0.004233990148  -0.008271871112 0.9999568238
282 -0.01986874114  -0.02787653182 0.9994138943
283 -0.0197161623  0.002791684654 0.9998017201
284 0.005714661384  -0.01627529976 0.9998512176
285 -0.02371650988  -0.02522569613 0.999400416
286 -0.01182467309  0.003349885892 0.9999244748
287 0.004850487879  -0.02365076346 0.9997085146
288 -0.02555046385  -0.02069869726 0.9994592226
289 -0.003583179618  0.001563665809 0.9999923579
290 0.001975569854  -0.02948264283 0.9995633401
291 -0.02488992198  -0.01510698024 0.9995760456
292 0.004024777708  -0.002450473015 0.9999888981
293 -0.002266280876  -0.03305638322 0.999450919
294 -0.02160161304  -0.009392292076 0.9997225391
295 0.01012295524  -0.008224865656 0.9999149351
296 -0.0070185782  -0.03396056396 0.9993985289
297 -0.01592237935  -0.004488066238 0.9998631582
298 0.01406759479  -0.01500759957 0.999788415
299 -0.01133999124  -0.03214503645 0.9994188818
300 -0.008428225433  -0.001181988188 0.9999637833
301 0.01553822562  -0.02187146529 0.9996400365
302 -0.01434438261  -0.02792700279 0.9995070391
303 4.616037045e-05  1.806632169e-07 0.9999999989
304 0.01458081856  -0.02784872913 0.9995058019
305 -0.01533291065  -0.02194429843 0.9996416106
306 0.008525921853  -0.00112771208 0.9999630178
307 0.01159726615  -0.0320718213 0.9994182817
308 -0.01389919637  -0.01506254094 0.999789944
309 0.0160352632  -0.004384687275 0.9998618129
310 0.007283111711  -0.03389943483 0.9993987115
311 -0.009992247864  -0.008249351159 0.9999160481
312 0.02173681624  -0.009249437674 0.9997209404
313 0.002522866929  -0.0330099181 0.99945184
314 -0.003927707855  -0.002433716409 0.999989325
315 0.02505055312  -0.01493739817 0.9995745815
316 -0.001741846051  -0.02944867576 0.999564776
317 0.003654605079  0.00162900722 0.9999919951
318 0.02573486122  -0.02051650066 0.9994582483
319 -0.004652364198  -0.02362281543 0.999710117
320 0.01188093644  0.003466514684 0.9999234104
321 0.02391820384  -0.02504444195 0.9994001678
322 -0.005561115778  -0.01624367071 0.9998525977
323 0.01976843765  0.00295711186 0.9998002122
324 0.02007713489  -0.02770741104 0.9994144326
325 -0.004129187594  -0.008225231637 0.9999576468
326 0.02636614127  0.0003454130572 0.9996522932
327 0.01496414592  -0.02794027884 0.9994975814
328 -0.0003788675674  -0.0005529856673 0.9999997753
329 0.03089122422  -0.003795964336 0.9995155441
330 0.009495854476  -0.02551104019 0.9996294391
331 0.005306878296  0.005857762561 0.9999687613
332 0.03284061187  -0.008652765524 0.9994231455
333 0.004617576408  -0.02055734599 0.9997780121
334 0.01223819247  0.01029321586 0.99987213
335 0.03206186139  -0.01329060499 0.9993975169
336 0.001163732433  -0.01356965262 0.9999072508
337 0.01951752435  0.01234259207 0.9997333278
338 0.02877335673  -0.01679381607 0.9994448768
339 -0.0002656507707  -0.005323085859 0.999985797
340 0.02616950938  0.01195485678 0.9995860334
341 0.02353114414  -0.01840159455 0.9995537337
342 0.0006058584238  0.003232382041 0.9999945923
343 0.03128227659  0.009442547424 0.9994659861
344 0.01714723942  -0.01762188826 0.9996976749
345 0.003689558865  0.01110752395 0.9999315027
346 0.034139459  0.005432491572 0.9994023141
347 0.01057105176  -0.01430658488 0.9998417747
348 0.008544071503  0.01741525898 0.9998118361
349 0.03432382781  0.0007709541896 0.9994104665
350 0.004750889534  -0.008676902392 0.999951069
351 0.01443996699  0.02149693968 0.9996646282
352 0.03177778145  -0.003602841861 0.9994884652
353 0.000495603129  -0.001294921746 0.9999990388
354 0.02046686952  0.02301494002 0.9995255974
355 0.02681213694  -0.006796552144 0.9996173849
356 -0.001643309447  0.00701494154 0.9999740447
357 0.02566707683  0.02199816138 0.9994284777
358 0.02006193929  -0.008097814671 0.9997659446
359 -0.001451612047  0.01528319936 0.9998821514
360 0.02917604677  0.01883417209 0.9993968342
361 0.0123954578  -0.007081391057 0.9998980981
362 0.0009176633447  0.02253402012 0.9997456556
363 0.0303493895  0.01420948476 0.9994383448
364 0.004789285341  -0.003674615937 0.9999817798
365 0.004968488502  0.0279248887 0.9995976764
366 0.0288581619  0.009006813901 0.9995429374
367 -0.001812431093  0.001828731765 0.9999966854
368 0.009936571704  0.03086663719 0.9994741194
369 0.02473882943  0.00417413631 0.9996852339
370 -0.006633996127  0.008808516622 0.9999391982
371 0.01490328603  0.03110642922 0.999404964
372 0.01839061133  0.0005843386778 0.9998307077
373 -0.009179272077  0.01640658686 0.9998232668
374 0.01893197253  0.02876192569 0.9994069902
375 0.01052031798  -0.001094289648 0.9999440612
376 -0.009301422853  0.02365032734 0.9996770206
377 0.02120682507  0.02430200471 0.9994797062
378 0.002042347596  -0.0004977661699 0.9999977905
379 -0.007221118667  0.02959309053 0.9995359445
380 0.02115439373  0.01847699008 0.9996054684
381 -0.006051799217  0.002378527514 0.9999788589
382 -0.003490823383  0.03345079925 0.9994342691
383 0.01853024775  0.01220840784 0.999753762
384 -0.01283539302  0.007177819384 0.99989186
385 0.001089243101  0.03471484476 0.9993966645
386 0.01345817326  0.00645402223 0.9998886054
387 -0.01757876756  0.01323339174 0.9997579028
388 0.00559097198  0.03322511303 0.9994322553
389 0.006415917501  0.002067586264 0.9999772803
390 -0.01985247622  0.0196658398 0.9996094907
391 0.009096631533  0.02919283221 0.9995324056
392 -0.00183082988  -0.0003262196433 0.9999982708
393 -0.01958624714  0.02551162685 0.9994826341
394 0.01083564161  0.02317005474 0.9996728152
395 -0.0103368438  -0.0004231456422 0.9999464839
396 -0.01707540369  0.02986392278 0.9994081132
397 0.01030017742  0.01597006918 0.9998194153
398 -0.01811231359  0.001716629967 0.9998344849
399 -0.01293420299  0.03200518448 0.9994040097
400 0.007322779159  0.008550005031 0.9999366352
401 -0.02426438808  0.005678424774 0.9996894493
402 -0.008003159104  0.03151240251 0.9994713192
403 0.002104396908  0.001872465131 0.9999960327
404 -0.02812440088  0.01075529566 0.999546568
405 -0.003223839309  0.02831999187 0.9995937099
406 -0.004811605294  -0.003233663529 0.9999831958
407 -0.02934217242  0.01605317363 0.9994405098
408 0.0005008735818  0.02273130073 0.9997414851
409 -0.01261596279  -0.006192682936 0.9999012392
410 -0.02793387498  0.02062325509 0.9993970082
411 0.002440958456  0.0153769053 0.9998787889
412 -0.02034936423  -0.006764100817 0.9997700487
413 -0.02427686113  0.02360229316 0.9994266185
414 0.002148373918  0.007125415013 0.9999723061
415 -0.02704048571  -0.005075083696 0.9996214562
416 -0.01905247977  0.02434055237 0.9995221561
417 -0.0004750165737  -0.001040524229 0.9999993458
418 -0.03184578034  -0.001598764634 0.9994915158
419 -0.0131452052  0.02249907794 0.9996604399
420 -0.005160989232  -0.008165016968 0.9999533473
421 -0.03417054964  0.002918069623 0.9994117562
422 -0.007512521439  0.01810224496 0.9998079169
423 -0.01131264432  -0.01345575898 0.9998454714
424 -0.03375384221  0.007567033409 0.99940153
425 -0.003044228023  0.01153777855 0.9999288036
426 -0.01809072408  -0.01639667058 0.999701893
427 -0.03070515896  0.0114135088 0.9994633185
428 -0.0004315743397  0.003503879577 0.9999937683
429 -0.02453570574  -0.01681974197 0.9995574498
430 -0.02548788102  0.01363577531 0.9995821295
431 -6.548633447e-05  -0.005089177668 0.9999870479
432 -0.02970754197  -0.01492575094 0.9994471892
433 -0.01885182789  0.01364791662 0.9997291348
434 -0.001979074132  -0.01324873062 0.9999102732
435 -0.03282253733  -0.01125119232 0.9993978646
436 -0.01172450638  0.01118874407 0.9998686654
437 -0.00584307046  -0.02004160439 0.9997820726
438 -0.03336755772  -0.006586593275 0.9994214441
439 -0.005076571606  0.006363643032 0.9999668657
440 -0.01101485725  -0.024727186 0.9996335525
441 -0.03117525044  -0.001858243915 0.9995122064
442 0.0002190360324  -0.0003671154482 0.9999999086
443 -0.01663365264  -0.02686211676 0.9995007495
444 -0.02644956837  0.002009581105 0.9996481291
445 0.003513601424  -0.008252248715 0.9999597767
446 -0.02174762559  -0.02636144776 0.9994158868
447 -0.01973786947  0.00423212305 0.9997962321
448 0.00447602484  -0.01635633448 0.9998562074
449 -0.02545422284  -0.02350768642 0.9993995553
450 -0.01185337939  0.004281497371 0.9999205799
451 0.00313921319  -0.02369393023 0.9997143307
452 -0.02703335695  -0.01890677089 0.9994557177
453 -0.003758959932  0.001966700605 0.9999910011
454 -0.0001072888192  -0.02937107168 0.9995685713
455 -0.0260543384  -0.01339752624 0.9995707467
456 0.003571065745  -0.002535735529 0.9999904087
457 -0.004577070977  -0.0327133125 0.9994542959
458 -0.02244121522  -0.007927644425 0.999716732
459 0.00929078945  -0.008705266988 0.9999189465
460 -0.009389941625  -0.0333617085 0.9993992322
461 -0.016486992  -0.00341395734 0.9998582519
462 0.01280360411  -0.01575174441 0.9997939539
463 -0.01360307302  -0.03132306808 0.9994167408
464 -0.00881437385  -0.0006071582988 0.9999609683
465 0.01384621393  -0.02272969351 0.999645759
466 -0.01635115625  -0.02696749015 0.9995025734
467 -0.0002883769625  1.924734134e-05 0.9999999582
468 0.01252351085  -0.02867547867 0.9995103194
469 -0.01697541059  -0.02097368803 0.9996359036
470 0.008106684096  -0.001660734127 0.9999657612
471 0.009289507915  -0.03274710731 0.9994204981
472 -0.01512289285  -0.01422991298 0.9997843806
473 0.01540783671  -0.005406584214 0.9998666748
474 0.004877497994  -0.03434631729 0.9993980891
475 -0.01080164031  -0.007704591934 0.999911978
476 0.02081093274  -0.01064650591 0.9997267412
477 0.0001898694382  -0.03320542716 0.9994485297
478 -0.004383336233  -0.002305284682 0.9999877359
479 0.02378466106  -0.01656159363 0.9995799135
480 -0.003836396574  -0.02942661832 0.9995595811
481 0.003447279914  0.001253465773 0.9999932725
482 0.02414443598  -0.02220632211 0.9994618179
483 -0.006369203343  -0.02346806095 0.999704298
484 0.01178913651  0.002553853432 0.9999272444
485 0.02207564526  -0.02664750443 0.9994011089
486 -0.006805720964  -0.01607874694 0.9998475664
487 0.01965355003  0.001534648817 0.9998056725
488 0.01810325481  -0.02910143675 0.9994125167
489 -0.004863577703  -0.008191182015 0.999954624
490 0.02610590221  -0.001501709246 0.9996580549
491 0.01301246506  -0.029049476 0.9994932735
492 -0.0006253170482  -0.0007872881193 0.9999994946
493 0.03039933357  -0.005935644768 0.9995202092
494 0.007731965008  -0.02631551393 0.9996237845
495 0.005470744459  0.005242969831 0.9999712907
496 0.03208089677  -0.01092345501 0.9994255821
497 0.003196540454  -0.02109419131 0.9997723827
498 0.01269219151  0.009229388329 0.9998768558
499 0.03105491766  -0.01552292227 0.9993971338
500 0.0002087810915  -0.01392558147 0.9999030126
501 0.0201177028  0.01081681222 0.9997391033
502 0.02759469752  -0.01883314676 0.9994417668
503 -0.0006800267691  -0.005619672506 0.9999839783
504 0.02677015223  0.01001386365 0.9995914573
505 0.0223011167  -0.02012842049 0.9995486516
506 0.0007477564807  0.002858668033 0.9999956344
507 0.03175790365  0.007188158564 0.9994697424
508 0.01601416025  -0.01896692534 0.9996918537
509 0.004342914948  0.01052755143 0.9999351528
510 0.03440359239  0.003009072812 0.9994034912
511 0.00968999425  -0.01525855402 0.9998366269
512 0.0096104113  0.0165284481 0.9998172085
513 0.03434180117  -0.001653255761 0.9994087789
514 0.004261199703  -0.009281819418 0.9999478436
515 0.01578158175  0.02024831528 0.9996704194
516 0.03157173631  -0.005857863336 0.9994843225
517 0.0005004212068  -0.001647023544 0.9999985184
518 0.02192668677  0.02140550455 0.9995304021
519 0.02645748535  -0.008733071497 0.9996117921
520 -0.001092520141  0.006789291178 0.9999763557
521 0.02709107018  0.020087055 0.9994311303
522 0.01967580519  -0.009606644215 0.9997602588
523 -0.0003632510795  0.01504624322 0.9998867329
524 0.03043492296  0.01673229171 0.9993966909
525 0.01211877385  -0.008107177764 0.9998936988
526 0.002475642628  0.02215891237 0.999751396
527 0.03135641289  0.01206547441 0.9994354405
528 0.004765153402  -0.004221818253 0.9999797346
529 0.006877343154  0.02731627467 0.9996031829
530 0.0295805466  0.006987438463 0.9995379768
531 -0.001460946895  0.001698460191 0.9999974904
532 0.01204270911  0.02997647577 0.9994780558
533 0.02520106182  0.002441859872 0.9996794205
534 -0.005823375755  0.008987140549 0.9999426582
535 0.01703905921  0.02994273537 0.9994063753
536 0.01866923107  -0.0007246626552 0.9998254521
537 -0.007879464318  0.01675709751 0.9998285422
538 0.02093831757  0.02738915231 0.9994055339
539 0.01073092404  -0.001888500967 0.9999406387
540 -0.007542126864  0.0240281708 0.9996828314
541 0.02295447471  0.02283299977 0.9994757357
542 0.002320733813  -0.000742423794 0.9999970315
543 -0.00508948747  0.02986845739 0.9995408808
544 0.02256061546  0.01705768252 0.999599947
545 -0.005571604168  0.002657392587 0.9999809476
546 -0.001120913641  0.03352850383 0.9994371331
547 0.01956870177  0.0109974269 0.9997480295
548 -0.01204293953  0.007897973012 0.9998962894
549 0.00353375003  0.03454889125 0.9993967614
550 0.01416047596  0.005600194944 0.9998840526
551 -0.01640562607  0.01426894202 0.9997635984
552 0.007938284645  0.0328258319 0.9994295615
553 0.00686469652  0.001688580343 0.999975012
554 -0.0182845766  0.02086588618 0.9996150704
555 0.01118950252  0.0286255531 0.9995275748
556 -0.001516360868  -0.000160989506 0.9999988374
557 -0.01766829101  0.02672227358 0.9994867441
558 0.01255190499  0.02254550624 0.9996670195
559 -0.01002065946  0.0002971601339 0.9999497478
560 -0.01490669102  0.03095043981 0.9994097562
561 0.01156821529  0.01542789333 0.999814061
562 -0.01766377543  0.002942245924 0.9998396543
563 -0.01065646637  0.03287109502 0.9994027871
564 0.008129688204  0.008237778805 0.9999330213
565 -0.02357958295  0.007305544374 0.9996952697
566 -0.005782153541  0.03211273718 0.9994675276
567 0.002495678447  0.001923288794 0.9999950363
568 -0.02714346785  0.01264026799 0.9995516274
569 -0.001227333258  0.02866680008 0.9995882694
570 -0.004740773506  -0.002721724575 0.9999850585
571 -0.02806006642  0.0180322584 0.9994435804
572 0.002125540864  0.02289062975 0.9997357156
573 -0.01273657748  -0.005172274037 0.9999055091
574 -0.02640298627  0.02253506261 0.999397345
575 0.00358651735  0.01545769109 0.9998740904
576 -0.02051922381  -0.005247054531 0.9997756898
577 -0.02260109941  0.02530966174 0.9994241399
578 0.002761619608  0.007261907741 0.9999698186
579 -0.02712654567  -0.003132439393 0.9996270996
580 -0.01737366855  0.0257487099 0.9995174634
581 -0.0003869082402  -0.0007102238757 0.9999996729
582 -0.03174494481  0.0006476820268 0.9994957924
583 -0.01162374135  0.02356747667 0.9996546717
584 -0.005532743216  -0.007521150561 0.9999564096
585 -0.0338258511  0.005311463116 0.9994136282
586 -0.006305086625  0.01884837091 0.9998024729
587 -0.01203142204  -0.01241655381 0.9998505259
588 -0.03316364921  0.009936129367 0.9994005432
589 -0.002281776396  0.01203239543 0.9999250047
590 -0.01901335508  -0.01493252706 0.9997077133
591 -0.0299240733  0.01359533872 0.9994597123
592 -0.0002007971895  0.003858412701 0.9999925361
593 -0.02551007622  -0.01495986453 0.9995626236
594 -0.02461919103  0.01549704491 0.999576779
595 -0.0003964631747  -0.004741257592 0.9999886816
596 -0.03059500214  -0.01275623699 0.9994504611
597 -0.01803260489  0.01510206218 0.9997233382
598 -0.002840923193  -0.01277377386 0.9999143763
599 -0.03351805811  -0.008904844179 0.9993984408
600 -0.01110549937  0.0122061931 0.9998638291
601 -0.007148238967  -0.01932766396 0.9997876495
602 -0.03381471124  -0.004225918289 0.9994191848
603 -0.004799820952  0.006973802518 0.9999641633
604 -0.01263142099  -0.02370267822 0.9996392501
605 -0.03137385044  0.0003459126731 0.9995076597
606 4.159587256e-05  -8.241976676e-05 0.9999999957
607 -0.01840382105  -0.02550850591 0.9995051853
608 -0.0264548707  0.003900699491 0.9996423982
609 0.002817408042  -0.008172906442 0.9999626322
610 -0.02350975011  -0.02471808633 0.9994179846
611 -0.01965145304  0.005688707414 0.9997907076
612 0.003254476637  -0.0163435651 0.9998611385
613 -0.02706511175  -0.02166809418 0.999398806
614 -0.01180703496  0.005232822629 0.9999166023
615 0.001446013863  -0.02361247604 0.9997201408
616 -0.02838767114  -0.01700688033 0.9994523031
617 -0.00389393954  0.002401326598 0.9999895354
618 -0.002164383272  -0.02911069231 0.9995738507
619 -0.02709827513  -0.01159758141 0.9995654954
620 0.003126393948  -0.002569917424 0.9999918106
621 -0.006850195246  -0.03220641908 0.9994577637
622 -0.02317851416  -0.006390356308 0.9997109181
623 0.008441587734  -0.009109452021 0.9999228758
624 -0.01171072985  -0.03259455508 0.9994000469
625 -0.01697640531  -0.0022820663 0.9998532862
626 0.01150446099  -0.01639184909 0.9997994572
627 -0.01580509735  -0.03033886766 0.9994147047
628 -0.009158979229  1.634624644e-05 0.9999580555
629 0.01210993597  -0.02345689686 0.999651501
630 -0.01829196198  -0.02586099832 0.9994981805
631 -0.0006183051926  8.536998894e-05 0.9999998052
632 0.01042150568  -0.02934864619 0.9995149069
633 -0.01855497965  -0.01987803093 0.9996302199
634 0.007655561549  -0.002140372459 0.9999684051
635 0.006943689359  -0.03325381244 0.999422818
636 -0.01629588223  -0.01329755851 0.9997787851
637 0.01471611074  -0.006361715856 0.9998714741
638 0.002444878129  -0.03461939748 0.9993975785
639 -0.01158163591  -0.007085218316 0.9999078284
640 0.01979546515  -0.0119584861 0.9997325313
641 -0.0021579431  -0.03323267438 0.9994453125
642 -0.004838517015  -0.00212376598 0.9999860391
643 0.02241306949  -0.01808045891 0.9995852897
644 -0.005935843996  -0.0292522048 0.9995544379
645 0.003206419633  0.0009157365865 0.9999944401
646 0.02244211657  -0.02377213698 0.9994654756
647 -0.008086316319  -0.02318549624 0.9996984767
648 0.01162818947  0.001671558044 0.9999309932
649 0.02012429459  -0.02811288301 0.9994021606
650 -0.008053445589  -0.01581638817 0.9998424795
651 0.01943599972  0.0001431950327 0.9998110929
652 0.01603109281  -0.03035197266 0.9994107073
653 -0.005612389852  -0.008092405088 0.9999515059
654 0.02571510325  -0.00331016899 0.9996638316
655 0.01097756122  -0.03001913098 0.9994890419
656 -0.0009055882195  -0.0009882182083 0.9999991017
657 0.02975742617  -0.00802424973 0.9995249407
658 0.005901063406  -0.0269947509 0.9996181575
659 0.005574965054  0.004634896665 0.9999737184
660 0.03116187545  -0.01312897381 0.9994281203
661 0.001722430916  -0.02152968604 0.9997667257
662 0.01305705338  0.008152869812 0.999881515
663 0.02988994084  -0.01767773051 0.9993968628
664 -0.000790516462  -0.01421156415 0.9998986981
665 0.0205990353  0.009267550354 0.9997448636
666 0.02626885965  -0.02078766921 0.9994387524
667 -0.001137245661  -0.005882169171 0.9999820532
668 0.02722567463  0.008047249558 0.999596921
669 0.02094214184  -0.02177080665 0.9995436252
670 0.0008403078955  0.002482378557 0.9999965658
671 0.03206889852  0.004913365588 0.9994735837
672 0.01477464269  -0.02023713048 0.999686035
673 0.004932982441  0.009911236117 0.9999387147
674 0.03449287155  0.0005754077879 0.9994047782
675 0.008725748553  -0.01615480301 0.9998314276
676 0.01059392498  0.0155776771 0.9998225366
677 0.03418534974  -0.004075772796 0.9994071993
678 0.003708857526  -0.009858528732 0.9999445254
679 0.01701808675  0.01891660652 0.9996762209
680 0.03120234763  -0.008100894164 0.9994802594
681 0.000457539072  -0.002004498053 0.9999978863
682 0.02325980448  0.01970346819 0.9995352694
683 0.02595986123  -0.01065210982 0.9996062316
684 -0.0005819281457  0.006521863309 0.9999785631
685 0.02837099411  0.01808318467 0.9994338823
686 0.01917382966  -0.01109973611 0.9997545499
687 0.0006843731718  0.01473198269 0.9998912442
688 0.03153967319  0.0145452737 0.99939666
689 0.01175680478  -0.009127516014 0.9998892269
690 0.003985062894  0.0216754922 0.9997571167
691 0.03220877045  0.009849116835 0.9994326341
692 0.004686055783  -0.004782392533 0.9999775846
693 0.008724525371  0.02657592695 0.9996087248
694 0.03015822525  0.004910385637 0.9995330758
695 -0.001137810979  0.001528823907 0.999998184
696 0.01407169149  0.02894081249 0.9994820743
697 0.02553865534  0.0006650076962 0.9996736142
698 -0.005020962739  0.009095757784 0.9999460271
699 0.01908323825  0.02863020607 0.9994078954
700 0.01885166202  -0.002069797717 0.9998201492
701 -0.006575892141  0.01700564543 0.999833769
702 0.02284306395  0.02587404375 0.9994041866
703 0.01087935272  -0.002717332854 0.9999371259
704 -0.00577564387  0.02427445612 0.9996886479
705 0.02459781505  0.02123611251 0.999471848
706 0.002572990749  -0.001028219652 0.9999961612
707 -0.00295482599  0.02998852173 0.9995458757
708 0.02386900435  0.01553002233 0.9995944623
709 -0.005083185473  0.002880808982 0.9999829309
710 0.001242449018  0.03343582041 0.9994400944
711 0.02052561832  0.009699258006 0.9997422785
712 -0.01121301841  0.00854212752 0.9999006452
713 0.005959724121  0.03420784805 0.9993969706
714 0.01480661297  0.004678480345 0.9998794307
715 -0.01517349961  0.01520435029 0.9997692697
716 0.01025607635  0.03225754053 0.9994269678
717 0.007289727628  0.001256083261 0.9999726407
718 -0.01664536218  0.02194141509 0.9996206812
719 0.01324614459  0.02790514011 0.9995228075
720 -0.001189220126  -4.189388083e-05 0.999999292
721 -0.01567599093  0.02778737858 0.9994909329
722 0.0142321711  0.02179127582 0.9996612354
723 -0.009655017242  0.0009707315839 0.9999529181
724 -0.01266867739  0.0318770267 0.9994115067
725 0.01280905421  0.01478392659 0.9998086635
726 -0.01713234399  0.00411300441 0.9998447709
727 -0.008320174767  0.03357182724 0.9994016746
728 0.0089270988  0.007852493186 0.9999293201
729 -0.02278507746  0.008863875283 0.9997010913
730 -0.003515898499  0.03255314006 0.999463822
731 0.002903037653  0.001927083091 0.9999939293
732 -0.02603503589  0.01443945195 0.9995567413
733 0.0008019970466  0.02886941757 0.9995828698
734 -0.00462267178  -0.002236462835 0.9999868145
735 -0.02664282749  0.0199088414 0.9994467458
736 0.003774703408  0.02293063862 0.9997299322
737 -0.01277629543  -0.004165854692 0.9999097019
738 -0.02473927763  0.02433141058 0.999397794
739 0.004754844039  0.01545061334 0.9998693265
740 -0.02057578191  -0.003739693983 0.999781302
741 -0.02080323616  0.02689543396 0.9994217633
742 0.003403919358  0.00734521386 0.99996723
743 -0.02707173529  -0.001202922897 0.9996327696
744 -0.01558925398  0.02703815522 0.999512838
745 -0.0002553483963  -0.0003989256501 0.9999998878
746 -0.03148356382  0.002871698118 0.9995001444
747 -0.01001563835  0.02453006581 0.9996489198
748 -0.005839782164  -0.006866129446 0.9999593758
749 -0.03331089467  0.007670101619 0.9994156062
750 -0.005028935246  0.01951123928 0.9997969901
751 -0.0126597721  -0.01134292463 0.9998555237
752 -0.03240423801  0.01225848398 0.9993996673
753 -0.001464308353  0.01247425421 0.9999211213
754 -0.01981864123  -0.01341936464 0.99971353
755 -0.02898496461  0.01572214995 0.9994561951
756 7.790105626e-05  0.004195826833 0.9999911944
757 -0.02634258468  -0.01304552194 0.9995678479
758 -0.02361193864  0.01730159797 0.9995714737
759 -0.0006787786156  -0.004373203096 0.9999902071
760 -0.03132192606  -0.01053507469 0.9994538254
761 -0.01709964044  0.01650630338 0.9997175322
762 -0.003645638329  -0.01224356476 0.9999183989
763 -0.03404299251  -0.006515833613 0.9993991288
764 -0.01039943566  0.01318974711 0.9998589312
765 -0.008381491332  -0.01852893694 0.9997931932
766 -0.0340915664  -0.001834760796 0.9994170294
767 -0.004460982248  0.007574594706 0.9999613618
768 -0.01415750785  -0.02257209814 0.9996449697
769 -0.03141317241  0.002568579428 0.9995031841
770 -9.386392495e-05  0.0002239869388 0.9999999705
771 -0.02006443836  -0.02403729973 0.9995096931
772 -0.02632165903  0.005801875166 0.9996366883
773 0.002150205105  -0.008037214852 0.9999653893
774 -0.02514625117  -0.02295553307 0.9994201867
775 -0.01945479442  0.007153135233 0.9997851487
776 0.002057094436  -0.01623984485 0.9998660089
777 -0.02854055045  -0.01971645006 0.9993981682
778 -0.01168305981  0.006197727946 0.9999125433
779 -0.0002199817599  -0.02340920235 0.9997259429
780 -0.02960544248  -0.01500846228 0.9994489801
781 -0.003984588605  0.00286365475 0.9999879612
782 -0.004184970713  -0.0287046312 0.9995791765
783 -0.02801466782  -0.009715863345 0.9995602935
784 0.002695679089  -0.002554811388 0.9999931031
785 -0.009073884906  -0.03153937739 0.9994613211
786 -0.02380737217  -0.004787796437 0.9997050995
787 0.007581963486  -0.009437458809 0.9999267214
788 -0.01396881556  -0.03166335407 0.9994009727
789 -0.01738523407  -0.001097862117 0.9998482627
790 0.01017859937  -0.01692667451 0.9998049229
791 -0.01793424102  -0.02919708318 0.9994127742
792 -0.009457072417  0.0006853544184 0.999955046
793 0.01033955224  -0.02405109643 0.9996572605
794 -0.02015585608  -0.02461220853 0.9994938622
795 -0.0009386360984  0.0001978682541 0.9999995399
796 0.008286377552  -0.02986602724 0.9995195628
797 -0.02006197279  -0.01866154032 0.9996245616
798 0.007178016956  -0.002564854252 0.9999709484
799 0.004572298192  -0.03358992002 0.9994252405
800 -0.01741003489  -0.01226865526 0.9997731597
801 0.01396641666  -0.007246116682 0.9998762088
802 -1.978080991e-06  -0.03471709741 0.9993971799
803 -0.01232561863  -0.00639282104 0.9999036008
804 0.01869787344  -0.01317966544 0.9997383087
805 -0.004508203558  -0.03309057302 0.9994421895
806 -0.005287942747  -0.001888710053 0.9999842351
807 0.02094443959  -0.019487101 0.9995907079
808 -0.00802887761  -0.02892468846 0.9995493482
809 0.00293638634  0.0006185982738 0.9999954975
810 0.02063762534  -0.02520648149 0.99946922
811 -0.00979399104  -0.02277438563 0.9996926553
812 0.01140196591  0.000824809777 0.9999346553
813 0.0180745885  -0.02943311117 0.9994033226
814 -0.009296542002  -0.01545541663 0.999837339
815 0.01911962996  -0.001209821413 0.9998164712
816 0.01387128314  -0.03145200007 0.999409005
817 -0.006369990382  -0.007926776853 0.9999482934
818 0.02519795389  -0.005070662148 0.9996696212
819 0.008869641915  -0.03084294838 0.9994848883
820 -0.001216085483  -0.001152232936 0.9999985967
821 0.02897033115  -0.01005114022 0.9995297367
822 0.004012277752  -0.02754324906 0.9996125605
823 0.005621376436  0.004038867492 0.9999760436
824 0.03008906169  -0.01525799059 0.999430759
825 0.0002026996911  -0.02185898672 0.9997610433
826 0.0133332859  0.007070954058 0.9998861061
827 0.02857298674  -0.01974366837 0.999396704
828 -0.001828847708  -0.01442310768 0.9998943091
829 0.02096121184  0.007704043083 0.9997506066
830 0.02480210301  -0.02264659028 0.9994358347
831 -0.00163440438  -0.006106010138 0.9999800225
832 0.02753545752  0.006065943729 0.9996024224
833 0.01946019243  -0.02331898851 0.9995386564
834 0.0008839622517  0.002108614976 0.9999973862
835 0.03221475971  0.002630338688 0.9994775088
836 0.01343379459  -0.02142403767 0.9996802208
837 0.00545794102  0.009264635505 0.999942187
838 0.03440719055  -0.001855694151 0.9994061745
839 0.007681973025  -0.01698821913 0.9998261787
840 0.0114909035  0.01457026129 0.9998278185
841 0.03385484936  -0.006483827741 0.999405728
842 0.0030955641  -0.01040111778 0.9999411154
843 0.0181444059  0.01751051028 0.9996820307
844 0.03067035397  -0.01031987845 0.9994762776
845 0.0003663432655  -0.002362309396 0.9999971426
846 0.0244603658  0.01791882176 0.9995401975
847 0.02532005974  -0.01254290853 0.9996007053
848 -0.000114614756  0.006217248501 0.9999806662
849 0.02950077846  0.01599753388 0.9994367329
850 0.01855641841  -0.01256805404 0.9997488201
851 0.001685787797  0.01434502437 0.9998956838
852 0.03248448353  0.01228460832 0.9993967414
853 0.01130905018  -0.01013531026 0.9998846838
854 0.005438359009  0.02108879168 0.9997628154
855 0.03290121297  0.007571795064 0.9994299266
856 0.004550079817  -0.005351178361 0.9999753305
857 0.01050086307  0.02570958699 0.9996143001
858 0.03058662284  0.002786264953 0.9995282363
859 -0.0008467625347  0.001323263825 0.999998766
860 0.01601334813  0.02776620209 0.9994861733
861 0.02574761208  -0.001147218329 0.999667817
862 -0.00423257583  0.009136471454 0.9999493038
863 0.02102530581  0.02717610614 0.9994095236
864 0.01893420365  -0.003443793604 0.999814801
865 -0.005276498489  0.01715347671 0.9998389454
866 0.02463595904  0.02422426848 0.9994029489
867 0.01096179036  -0.003575784414 0.9999335242
868 -0.004011859246  0.02439007184 0.999694468
869 0.02612735164  0.01951894061 0.9994680447
870 0.002794722455  -0.001352548736 0.9999951801
871 -0.0008285678596  0.02995425118 0.9995509273
872 0.02507114061  0.01390095471 0.9995890162
873 -0.004591967635  0.00304909139 0.9999848083
874 0.003586845244  0.03317409849 0.9994431518
875 0.02139375933  0.008319582955 0.9997365111
876 -0.01035242693  0.009108620665 0.9999049256
877 0.008354423374  0.03369356577 0.999397292
878 0.01539042438  0.003692740657 0.9998747414
879 -0.01389073553  0.0160364482 0.9997749146
880 0.01253196415  0.03152250479 0.9994244752
881 0.007685644868  0.00077171379 0.9999701672
882 -0.0149447  0.02288830873 0.9996263208
883 0.01525514996  0.02703399365 0.9995181057
884 -0.0008543878663  3.021106988e-05 0.9999996346
885 -0.01362048469  0.02870243468 0.9994951989
886 0.01586648328  0.02090946306 0.9996554652
887 -0.009244968964  0.001594232244 0.9999559935
888 -0.01037332494  0.03263926922 0.999413364
889 0.01401447032  0.01403944225 0.999803225
890 -0.01652356725  0.005223311866 0.9998498331
891 -0.005937520655  0.03410339645 0.9994006725
892 0.009708581253  0.007394059043 0.9999255329
893 -0.02188723055  0.01034598942 0.9997069119
894 -0.001216147062  0.03283020167 0.9994602037
895 0.003321685658  0.001881932439 0.9999927123
896 -0.02480641974  0.01614415029 0.999561908
897 0.002853499993  0.02892494922 0.9995775132
898 -0.004460779799  -0.001781938494 0.999988463
899 -0.02509866602  0.02167358853 0.999450005
900 0.005439382538  0.02284869527 0.9997241371
901 -0.01273773542  -0.003179747825 0.9999138159
902 -0.02295158597  0.02600294332 0.9993983548
903 0.005939042903  0.01535290643 0.9998644988
904 -0.02052128374  -0.002250496597 0.9997868834
905 -0.01889228386  0.02835075067 0.9994194898
906 0.004070661103  0.007371960292 0.9999645413
907 -0.0268783701  0.0007031631339 0.999638464
908 -0.01370784638  0.02820088211 0.9995082817
909 -8.269359697e-05  -0.000111081009 0.9999999904
910 -0.03106434925  0.005061669647 0.9995045701
911 -0.008328474698  0.02537984666 0.9996431863
912 -0.006082450617  -0.006205870237 0.9999622448
913 -0.03262894061  0.009981696098 0.9994176894
914 -0.003690015936  0.02008480232 0.9997914705
915 -0.0131964429  -0.01024248612 0.999860463
916 -0.03147936607  0.01452181268 0.9993989026
917 -0.0005956570438  0.0128580122 0.9999171549
918 -0.02050425634  -0.01186652699 0.9997193411
919 -0.02789183522  0.01778230036 0.9994527679
920 0.0004031100035  0.004511099707 0.9999897437
921 -0.02703037714  -0.01108759671 0.9995731208
922 -0.02246995053  0.01903895308 0.9995662157
923 -0.0009113329756  -0.003990168495 0.999991624
924 -0.03188542158  -0.008274286787 0.9994572808
925 -0.01605605608  0.0178516577 0.9997117191
926 -0.004389753639  -0.01166382865 0.9999223396
927 -0.03439477041  -0.004096759469 0.9993999281
928 -0.009608169958  0.01413204651 0.9998539735
929 -0.009537349687  -0.01765206586 0.9997987015
930 -0.03419605405  0.0005743669843 0.9994149789
931 -0.004060132805  0.008160189945 0.9999584624
932 -0.01558614288  -0.02134319309 0.9996507091
933 -0.03129162248  0.004798010581 0.9994987811
934 -0.000185261379  0.0005475235161 0.9999998329
935 -0.02160763662  -0.02245733727 0.9995142711
936 -0.0260485922  0.007702741348 0.9996310012
937 0.001516426603  -0.007848920921 0.9999680469
938 -0.02664897824  -0.02108349253 0.9994224924
939 -0.01914642411  0.008616888795 0.9997795575
940 0.0008906332638  -0.01604855935 0.9998708169
941 -0.02987264063  -0.01766290408 0.9993976422
942 -0.01147937948  0.007169817126 0.9999084046
943 -0.001849955642  -0.02308758262 0.9997317346
944 -0.03067941441  -0.01292154684 0.99944575
945 -0.004027733894  0.003349457894 0.9999862792
946 -0.006158626883  -0.02815679762 0.9995845467
947 -0.02879709899  -0.007761642184 0.9995551431
948 0.002283621879  -0.002492648545 0.9999942859
949 -0.01123670903  -0.03071671753 0.9994649667
950 -0.02432219827  -0.003127842927 0.9996992784
951 0.006718434465  -0.009689880532 0.999930482
952 -0.01615242791  -0.0305732418 0.9994020092
953 -0.01770850525  0.0001327102251 0.9998431833
954 0.008834449696  -0.01735565806 0.9998103488
955 -0.0199790428  -0.02790323681 0.9994109501
956 -0.009703937428  0.001396233441 0.9999519409
957 0.008545280288  -0.02451110241 0.9996630352
958 -0.02193223843  -0.023226628 0.9994896201
959 -0.001244464021  0.0003555895555 0.9999991624
960 0.006129788249  -0.03022629695 0.9995242852
961 -0.02148703826  -0.01732918048 0.9996189307
962 0.006679598386  -0.002932914862 0.9999733901
963 0.002187915802  -0.03375434996 0.9994277647
964 -0.01845742914  -0.01114704276 0.9997675063
965 0.01316532264  -0.008056386594 0.9998808774
966 -0.002450214791  -0.03463879164 0.9993968934
967 -0.0130270614  -0.005629562264 0.9998992968
968 0.0175259781  -0.01430496658 0.9997440713
969 -0.006848468509  -0.03277896079 0.9994391618
970 -0.005726248945  -0.00160015881 0.9999823246
971 0.0193878819  -0.02077533355 0.9995961662
972 -0.01010411016  -0.02844417729 0.999544314
973 0.002641761451  0.0003643960686 0.9999964441
974 0.01874118533  -0.02650265792 0.9994730497
975 -0.01148241825  -0.02223474385 0.9996868361
976 0.01111472094  1.83896175e-05 0.9999382294
977 0.01593748092  -0.03060152361 0.9994045945
978 -0.01052711741  -0.01499527716 0.9998321466
979 0.01870882242  -0.002517365573 0.9998218055
980 0.01163496636  -0.03239530237 0.9994074104
981 -0.007130522689  -0.007692658128 0.9999449878
982 0.02455933144  -0.00677429209 0.9996754214
983 0.006699393177  -0.03151539555 0.9994808142
984 -0.001552885191  -0.001276140018 0.99999798
985 0.02804364002  -0.0120061116 0.9995345955
986 0.002075182296  -0.02795618819 0.9996069954
987 0.005612268135  0.003459974103 0.9999782653
988 0.02886878539  -0.01729963659 0.9994334974
989 -0.001354779832  -0.02207781311 0.9997553374
990 0.01352198411  0.005990795114 0.9998906272
991 0.02711093923  -0.021709854 0.9993966576
992 -0.00290048551  -0.01455613491 0.999889847
993 0.02120463931  0.006135450441 0.9997563301
994 0.0232014898  -0.02439959033 0.9994330147
995 -0.002168167795  -0.006286881344 0.9999778868
996 0.02769971021  0.00408083242 0.9996079596
997 0.01786198878  -0.02476363745 0.9995337471
998 0.0008796448519  0.001742393844 0.9999980951
999 0.03219589524  0.0003512143562 0.9994815161
1000 0.01199739886  -0.02251954279 0.9996744133
