0 0.85791  -0 0.5138
1 0.857899  0.00428933 0.5137999938
11 0.8566133905  0.04715912506 0.5137991009
21 0.8531873637  0.08991162449 0.5137968687
31 0.8476293678  0.1324403493 0.5137937415
41 0.8399527679  0.1746391486 0.513790342
51 0.8301762176  0.2164024254 0.5137873471
61 0.8183237432  0.2576254301 0.513785353
71 0.804424784  0.2982046117 0.5137847569
81 0.788514164  0.338038002 0.5137856774
91 0.7706319847  0.3770256038 0.5137879312
101 0.7508234429  0.4150697465 0.5137910695
111 0.7291385954  0.452075385 0.5137944676
121 0.7056321002  0.4879503261 0.5137974488
131 0.6803629679  0.5226053849 0.5137994196
141 0.6533943515  0.5559544894 0.5137999876
151 0.6247933899  0.5879147616 0.5137990396
161 0.5946311063  0.6184066076 0.5137967644
171 0.5629823439  0.6473538457 0.5137936151
181 0.529925713  0.6746838888 0.5137902187
191 0.4955435157  0.7003279834 0.5137872514
201 0.459921619  0.7242214895 0.513785304
211 0.4231492574  0.7463041753 0.5137847643
221 0.3853187615  0.7665204927 0.5137857397
231 0.3465252247  0.7848198027 0.513788036
241 0.3068661337  0.8011565283 0.5137911961
251 0.2664409971  0.8154902291 0.5137945906
261 0.2253510034  0.8277856058 0.5137975438
271 0.1836987317  0.8380124599 0.5137994677
281 0.1415879262  0.8461456379 0.5137999791
291 0.09912332588  0.8521649947 0.5137989763
301 0.0564105294  0.8560553986 0.513796659
311 0.01355586328  0.8578067905 0.5137934884
321 -0.02933377766  0.8574142912 0.513790096
331 -0.07215114376  0.8548783362 0.5137871571
341 -0.1147889103  0.8502048082 0.5137852569
351 -0.1571400202  0.8434051341 0.5137847738
361 -0.1990980702  0.8344963189 0.5137858039
371 -0.2405577108  0.8235009003 0.5137881421
381 -0.2814150264  0.810446827 0.5137913229
391 -0.3215678654  0.7953672742 0.513794713
401 -0.3609161028  0.778300427 0.5137976374
411 -0.3993618326  0.7592892639 0.5137995138
421 -0.436809504  0.7383813714 0.5137999686
431 -0.4731660268  0.7156288074 0.5137989112
441 -0.5083408797  0.6910880211 0.5137965523
451 -0.5422462503  0.6648198146 0.5137933614
461 -0.5747972286  0.6368893221 0.5137899739
471 -0.6059120598  0.6073659756 0.5137870643
481 -0.6355124446  0.5763234238 0.5137852118
491 -0.6635238647  0.5438393837 0.5137847854
501 -0.6898758993  0.5099954152 0.5137858699
511 -0.7145025008  0.4748766273 0.5137882494
521 -0.7373422044  0.4385713391 0.5137914501
531 -0.7583382596  0.4011707266 0.5137948347
541 -0.7774386898  0.3627684893 0.5137977294
551 -0.7945962994  0.3234605623 0.5137995578
561 -0.8097686577  0.2833448896 0.5137999558
571 -0.822918094  0.2425212532 0.5137988443
581 -0.8340117299  0.2010911436 0.5137964444
591 -0.8430215646  0.1591576394 0.5137932341
601 -0.8499246111  0.1168252665 0.5137898526
611 -0.8547030684  0.07419980662 0.513786973
621 -0.8573444998  0.03138803965 0.5137851688
631 -0.8578419847  -0.01150258174 0.5137847992
641 -0.8561942139  -0.05436430966 0.5137859378
651 -0.852405509  -0.09708950345 0.5137883578
661 -0.8464857615  -0.1395710233 0.5137915775
671 -0.8384503054  -0.1817025833 0.5137949557
681 -0.828319747  -0.2233790431 0.5137978199
691 -0.8161197855  -0.2644966293 0.5137995998
701 -0.8018810563  -0.3049530984 0.513799941
711 -0.7856390196  -0.3446478625 0.5137987755
721 -0.7674339037  -0.3834821105 0.5137963354
731 -0.7473106943  -0.421358956 0.5137931066
741 -0.7253191489  -0.4581836353 0.5137897319
751 -0.7015138046  -0.4938637672 0.5137868833
761 -0.6759539474  -0.5283096662 0.5137851278
771 -0.6487035164  -0.5614346904 0.5137848151
781 -0.6198309309  -0.5931555914 0.5137860074
791 -0.5894088447  -0.6233928333 0.5137884674
801 -0.5575138444  -0.6520708528 0.5137917051
811 -0.5242261248  -0.6791182445 0.513795076
821 -0.4896291717  -0.7044678722 0.5137979089
831 -0.4538094845  -0.7280569222 0.5137996398
841 -0.4168563529  -0.7498269261 0.513799924
851 -0.3788616937  -0.7697237868 0.5137987049
861 -0.3399199296  -0.7876978356 0.5137962253
871 -0.3001278872  -0.8037039419 0.5137929789
881 -0.2595846784  -0.817701675 0.513789612
891 -0.2183915386  -0.8296555099 0.513786795
901 -0.1766515978  -0.8395350472 0.5137850889
911 -0.134469582  -0.8473152168 0.5137848332
921 -0.09195145393  -0.852976433 0.5137860789
931 -0.04920401831  -0.856504677 0.513788578
941 -0.006334525024  -0.8578915003 0.5137918329
951 0.03654969789  -0.8571339549 0.5137951955
961 0.07934155571  -0.8542344739 0.5137979964
971 0.1219344318  -0.8492007333 0.5137996777
981 0.1642223709  -0.8420455277 0.5137999048
991 0.2061002199  -0.8327866861 0.5137986325
1001 0.2474637578  -0.8214470413 0.5137961141
1011 0.2882098454  -0.8080544482 0.513792851
1021 0.3282366221  -0.792641834 0.5137894929
1031 0.367443765  -0.7752472495 0.5137867084
1041 0.4057328071  -0.7559138903 0.513785052
1051 0.4430074986  -0.7346900575 0.5137848534
1061 0.4791741814  -0.7116290422 0.5137861522
1071 0.514142143  -0.6867889334 0.5137886898
1081 0.5478239208  -0.6602323627 0.5137919609
1091 0.5801355353  -0.6320262144 0.5137953143
1101 0.6109966494  -0.6022413347 0.5137980822
1111 0.6403306648  -0.5709522696 0.5137997136
1121 0.668064782  -0.5382370543 0.5137998836
1131 0.6941300549  -0.5041770605 0.5137985584
1141 0.7184614709  -0.4688568901 0.5137960018
1151 0.7409980804  -0.432364294 0.5137927229
1161 0.7616831815  -0.394790083 0.5137893746
1171 0.7804645531  -0.3562279986 0.5137866234
1181 0.7972947124  -0.3167745219 0.5137850172
1191 0.8121311656  -0.2765286087 0.5137848757
1201 0.8249366185  -0.2355913583 0.5137862272
1211 0.8356791219  -0.1940656371 0.5137888026
1221 0.8443321366  -0.1520556882 0.513792089
1231 0.850874524  -0.1096667605 0.5137954322
1241 0.8552904787  -0.06700478534 0.5137981664
1251 0.8575694345  -0.02417611646 0.5137997473
1261 0.8577059751  0.01871266748 0.5137998602
1271 0.8556997791  0.06155491418 0.5137984825
1281 0.851555616  0.1042440302 0.5137958885
1291 0.8452833942  0.1466736273 0.5137925948
1301 0.8368982467  0.1887377123 0.5137892571
1311 0.8264206258  0.2303309371 0.51378654
1321 0.8138763768  0.2713489139 0.5137849844
1331 0.7992967568  0.31168858 0.5137849002
1341 0.7827183806  0.3512485879 0.513786304
1351 0.7641830867  0.3899296852 0.5137889164
1361 0.7437377344  0.4276350546 0.5137922172
1371 0.721433957  0.4642705885 0.5137955492
1381 0.6973279025  0.4997450908 0.513798249
1391 0.6714799955  0.5339704137 0.513799779
1401 0.643954744  0.5668615506 0.5137998347
1411 0.6148206023  0.5983367163 0.5137984048
1421 0.5841498842  0.6283174478 0.5137957742
1431 0.5520187059  0.6567287489 0.5137924666
1441 0.5185069299  0.6834992924 0.5137891405
1451 0.4836980743  0.7085616757 0.5137864582
1461 0.4476791646  0.7318527084 0.5137849538
1471 0.4105405102  0.7533137053 0.5137849267
1481 0.3723754104  0.7728907471 0.5137863825
1491 0.3332798055  0.7905348839 0.5137890312
1501 0.2933519028  0.8062022618 0.5137923454
1511 0.2526918117  0.8198541715 0.5137956653
1521 0.2114012176  0.8314570352 0.5137983299
1531 0.1695831134  0.8409823567 0.5137998086
1541 0.1273415947  0.8484066693 0.5137998071
1551 0.08478170365  0.8537115107 0.5137983255
1561 0.04200929925  0.8568834457 0.513795659
1571 -0.0008690808353  0.8579141436 0.5137923384
1581 -0.04374639544  0.8568004965 0.5137890248
1591 -0.0865153351  0.8535447583 0.5137863781
1601 -0.1290686242  0.848154668 0.5137849252
1611 -0.1712993809  0.8406435283 0.5137849554
1621 -0.2131015121  0.8310302139 0.5137864627
1631 -0.2543701101  0.8193390993 0.5137891469
1641 -0.2950018186  0.8055999138 0.5137924736
1651 -0.3348951421  0.7898475421 0.5137957805
1661 -0.3739506834  0.7721218046 0.5137984092
1671 -0.4120713156  0.752467248 0.5137998361
1681 -0.449162304  0.7309329746 0.5137997774
1691 -0.4851314095  0.707572526 0.5137982445
1701 -0.5198890035  0.6824438177 0.5137955428
1711 -0.5533482252  0.655609111 0.5137922101
1721 -0.5854251949  0.6271349911 0.5137889101
1731 -0.6160392841  0.59709232 0.5137862997
1741 -0.6451134288  0.565556135 0.5137848988
1751 -0.6725744545  0.5326054742 0.5137849862
1761 -0.6983533833  0.4983231268 0.5137865445
1771 -0.7223856893  0.4627953205 0.5137892635
1781 -0.7446114819  0.4261113743 0.5137926018
1791 -0.7649756129  0.3883633481 0.5137958948
1801 -0.7834277144  0.3496457226 0.5137984867
1811 -0.7999221951  0.3100551308 0.5137998615
1821 -0.8144182242  0.2696901512 0.5137997455
1831 -0.8268797366  0.2286511538 0.5137981618
1841 -0.837275482  0.1870401768 0.5137954257
1851 -0.8455791281  0.1449608035 0.513792082
1861 -0.8517694119  0.1025180064 0.5137887964
1871 -0.8558303171  0.05981793516 0.5137862231
1881 -0.8577512472  0.01696763534 0.5137848744
1891 -0.8575271618  -0.02592529708 0.513785019
1901 -0.8551586469  -0.0687531051 0.513786628
1911 -0.8506519079  -0.111408274 0.513789381
1921 -0.8440186836  -0.1537839144 0.51379273
1931 -0.8352761012  -0.1957740967 0.513796008
1941 -0.824446499  -0.2372741188 0.5137985625
1951 -0.811557252  -0.2781807059 0.5137998848
1961 -0.7966406278  -0.3183921582 0.5137997116
1971 -0.7797336939  -0.3578084712 0.5137980775
1981 -0.7608782778  -0.3963314624 0.5137953078
1991 -0.7401209679  -0.433864934 0.5137919539
2001 -0.7175131296  -0.4703148918 0.5137886836
2011 -0.6931109032  -0.5055898238 0.5137861481
2021 -0.6669751538  -0.5396010284 0.5137848522
2031 -0.6391713504  -0.5722629668 0.513785054
2041 -0.6097693672  -0.6034936058 0.5137867131
2051 -0.5788432158  -0.6332147202 0.5137894994
2061 -0.546470733  -0.6613521279 0.513792858
2071 -0.5127332542  -0.6878358503 0.5137961202
2081 -0.4777153071  -0.712600201 0.5137986365
2091 -0.4415043513  -0.7355838255 0.5137999059
2101 -0.4041905758  -0.7567297217 0.5137996757
2111 -0.3658667519  -0.7759852729 0.5137979916
2121 -0.3266281223  -0.7933023216 0.513795189
2131 -0.2865722968  -0.8086372971 0.5137918259
2141 -0.2457991228  -0.8219513943 0.5137885719
2151 -0.2044105016  -0.8332107873 0.513786075
2161 -0.162510137  -0.842386848 0.5137848322
2171 -0.1202032131  -0.8494563367 0.513785091
2181 -0.07759602067  -0.8544015343 0.5137867998
2191 -0.03479555769  -0.8572102992 0.5137896186
2201 0.008090861113  -0.8578760433 0.5137929859
2211 0.05095595464  -0.8563976432 0.5137962314
2221 0.09369276498  -0.8527793106 0.5137987088
2231 0.1361948801  -0.847030455 0.513799925
2241 0.1783565999  -0.839165571 0.5137996376
2251 0.22007307  -0.8292041712 0.5137979041
2261 0.2612404146  -0.8171707731 0.5137950694
2271 0.3017558996  -0.8030949309 0.5137916981
2281 0.3415181494  -0.78701129 0.5137884613
2291 0.3804274271  -0.7689596317 0.5137860036
