0 0  -0 1
1 2.22132e-05  -4.82609e-07 0.9999999998
1001 0.000176728432  1.374908653e-05 0.9999999843
2001 2.811768961e-06  0.000395910342 0.9999999216
3001 -0.0001421518028  -0.000772942494 0.9999996912
4001 -0.0003557416972  0.0003217654799 0.999999885
5001 0.0004724551571  -0.0005884455285 0.9999997153
6001 -0.0004200371477  0.000593705709 0.9999997355
7001 0.0005303415321  -0.0001234834419 0.9999998517
8001 -0.001097212062  0.0002715495297 0.9999993612
9001 0.000695543391  -0.0001784588172 0.9999997422
10001 -0.0003638039209  0.0001064281 0.9999999282
11001 0.0007600134171  0.0002244318089 0.999999686
12001 -0.0005569891289  -0.0002275643509 0.999999819
13001 0.000684046013  -0.0001542741017 0.9999997541
14001 -0.000254492029  0.0008903947325 0.9999995712
15001 0.000549199659  -0.0005773944472 0.9999996825
16001 -0.0004781805865  0.0008451840284 0.9999995285
17001 0.000546244459  -0.001245326684 0.9999990754
18001 -3.142520107e-05  0.002004695268 0.9999979901
19001 -0.0005313803641  -0.001484650637 0.9999987567
20001 0.0002506189416  0.002102663348 0.999997758
21001 -0.0002263796854  -0.002965519288 0.9999955772
22001 0.0005400266602  0.002305815456 0.9999971958
23001 -0.001755833059  -0.001981785989 0.9999964948
24001 0.001887225526  0.002449741929 0.9999952186
25001 -0.001999282336  -0.002359725248 0.9999952173
26001 0.00147414696  0.002232594198 0.9999964212
27001 -0.001581844556  -0.002405854809 0.9999958548
28001 0.001935852134  0.002446305988 0.999995134
29001 -0.001456246003  -0.002211782443 0.9999964937
30001 0.0008714807706  0.001923315839 0.9999977707
31001 -0.001411088217  -0.002338361043 0.9999962704
32001 0.001472451844  0.002341382257 0.9999961749
33001 -0.001606776947  -0.001700068513 0.999997264
34001 0.00174221931  0.001909334646 0.9999966596
35001 -0.001898430028  -0.001411911768 0.9999972012
36001 0.002318766148  0.001328407461 0.9999964293
37001 -0.001973151052  -0.001124352204 0.9999974213
38001 0.001600217374  0.0005889215823 0.9999985462
39001 -0.00124083665  -0.0001757488997 0.9999992147
40001 0.0007044918353  0.0001008398985 0.9999997468
41001 -0.0009374897166  -0.0005721944069 0.9999993969
42001 0.001024341053  9.648372633e-05 0.9999994707
43001 -0.001272090798  -0.0003114066721 0.9999991424
44001 0.001601059589  -0.0003032995076 0.9999986723
45001 -0.001966975938  0.001148544078 0.9999974059
46001 0.002034197732  -0.001372402805 0.9999969893
47001 -0.001992868082  0.001869828117 0.9999962661
48001 0.001888586499  -0.001571632333 0.9999969816
49001 -0.002028167037  0.002148864237 0.9999956345
50001 0.001806592059  -0.001894162001 0.9999965742
51001 -0.001680517496  0.001773050509 0.9999970161
52001 0.00203290404  -0.001707988286 0.999996475
53001 -0.002262856131  0.00129887897 0.9999965962
54001 0.001686003629  -0.0009420023328 0.999998135
55001 -0.00157416985  0.0008860647902 0.9999983684
56001 0.001284157651  -0.0008415347371 0.9999988214
57001 -0.001198401449  0.0007294549567 0.9999990159
58001 0.001001556986  -0.0002902790515 0.9999994563
59001 -0.001024502407  0.0003588156809 0.9999994108
60001 0.001843889286  -0.0005925661937 0.9999981245
61001 -0.002073059486  5.252834655e-05 0.9999978498
62001 0.002219663665  -0.0003207323103 0.9999974851
63001 -0.00154109033  1.798669803e-05 0.9999988124
64001 0.001692144936  -0.0008526458772 0.9999982048
65001 -0.001329879412  0.0006153826703 0.9999989264
66001 0.00142563641  -0.000515696971 0.9999988508
67001 -0.001884781835  0.0008422908277 0.9999978691
68001 0.001902871846  -0.0007881765243 0.9999978789
69001 -0.001578976395  0.0007817421967 0.9999984479
70001 0.001259426373  -0.001019341994 0.9999986874
71001 -0.001018562121  0.001236981258 0.9999987162
72001 0.000916365605  -0.001395583153 0.9999986063
73001 -0.001380969284  0.001508626027 0.9999979085
74001 0.001103477078  -0.001608813584 0.999998097
75001 -0.0007717875981  0.002054364173 0.999997592
76001 0.0002823397482  -0.002419784172 0.9999970325
77001 -0.000675113091  0.002945731803 0.9999954334
78001 0.0007150344704  -0.002853556237 0.999995673
79001 0.0001708876316  0.002490826974 0.9999968833
80001 0.0001047626557  -0.002439477336 0.999997019
81001 0.0001609809679  0.002445207329 0.9999969975
82001 -0.0002878235869  -0.002277244453 0.9999973657
83001 0.0003617530789  0.002652224843 0.9999964174
84001 -0.001116270241  -0.002387388546 0.9999965272
85001 0.00155577324  0.002686791443 0.9999951804
86001 -0.001038913158  -0.002556744646 0.9999961919
87001 0.001406727766  0.002590315523 0.9999956557
88001 -0.001477185407  -0.002615728752 0.9999954879
89001 0.001287279015  0.00204404633 0.9999970824
90001 -0.002140495767  -0.001988046055 0.999995733
91001 0.002344170051  0.002260552105 0.9999946974
92001 -0.00269851733  -0.002342373393 0.9999936156
93001 0.003492550553  0.00208163594 0.9999917344
94001 -0.003633068585  -0.002061267242 0.999991276
95001 0.004019308455  0.001362845243 0.9999909939
96001 -0.003135501751  -0.0006278769162 0.9999948872
97001 0.002439834084  0.0001873071232 0.9999970061
98001 -0.002613114902  0.0002957157878 0.9999965421
99001 0.002389548478  -0.0003723136039 0.9999970757
100001 -0.002352012847  0.0004014128929 0.9999971535
101001 0.001995123982  0.0006682346599 0.9999977865
102001 -0.001920026144  -3.95083637e-05 0.999998156
103001 0.002266032273  -0.0001060258616 0.9999974269
104001 -0.00206017871  0.0001289142927 0.9999978695
105001 0.002436468258  -0.000309777269 0.9999969838
106001 -0.002184340457  0.0008673893012 0.9999972382
107001 0.001674995206  -0.0008074499489 0.9999982712
108001 -0.00104956955  -0.0001287449309 0.9999994409
109001 0.0004741418686  -0.0005118542737 0.9999997566
110001 -0.0008498193902  0.0006232325206 0.9999994447
111001 0.0007695735474  -0.0008956952032 0.9999993028
112001 -0.0006066232418  0.0007184335817 0.9999995579
113001 0.0006797654314  -0.000698919059 0.9999995247
114001 -0.0005539875435  -0.0001208133363 0.9999998393
115001 0.0006618025858  0.0002204554115 0.9999997567
116001 -0.0002459288899  0.0002057684692 0.9999999486
117001 0.0006461822019  -9.626915632e-05 0.9999997866
118001 -0.0004897251653  0.0001097014273 0.9999998741
119001 0.0003314569946  0.0007131990148 0.9999996908
120001 0.0001517819216  7.384566921e-05 0.9999999858
121001 -0.0004334909279  -0.0001610984866 0.9999998931
122001 0.0006705638205  -0.0002431253568 0.9999997456
123001 -0.0001079038013  0.0002587542522 0.9999999607
124001 -0.0005995563157  -0.0005195367215 0.9999996853
125001 0.0001266158605  -0.0001479566232 0.9999999811
126001 -0.0001225893536  -0.0001609761652 0.9999999795
127001 0.0002721547775  7.218976251e-05 0.9999999604
128001 0.0001232379949  -9.538960439e-05 0.9999999879
129001 0.0002521812624  0.0004554045375 0.9999998645
130001 -0.0003364396465  9.325638548e-05 0.9999999391
131001 0.0003446696219  -0.00025393617 0.9999999084
132001 -0.0002075695404  0.0004152798712 0.9999998922
133001 0.0004667095385  -0.0004798366268 0.999999776
134001 -0.0007362699218  0.0006449907379 0.999999521
135001 0.0007196903968  -0.0009570007147 0.9999992831
136001 -0.000746578834  0.0008947903157 0.999999321
137001 0.0007807105614  -0.001288426332 0.9999988652
138001 -0.0006419093821  0.001558907584 0.9999985789
139001 0.0005277119683  -0.001258265208 0.9999990692
140001 -0.0004389002272  0.0008014128083 0.9999995826
141001 0.0004059564987  -0.001462694244 0.9999988479
142001 -0.0003367407971  0.001748177794 0.9999984153
143001 0.0005327200369  -0.0011727161 0.9999991705
144001 -0.0005597928509  0.001417883923 0.9999988381
145001 0.0003997569925  -0.00123446119 0.9999991582
146001 -0.001037069519  0.001435501215 0.9999984319
147001 0.001029720797  -0.001056839491 0.9999989114
148001 -0.001138749097  0.001305311016 0.9999984997
149001 0.001484696952  -0.001274600419 0.9999980855
150001 -0.0009075886349  0.001097187705 0.9999989862
151001 0.001342478265  -0.001430187671 0.9999980762
152001 -0.001655383562  0.001504773737 0.9999974977
153001 0.001260654793  -0.0008148810215 0.9999988734
154001 -0.001127134255  0.000566422263 0.9999992044
155001 0.0004804543342  -0.001243315044 0.9999991117
156001 -3.95140346e-05  0.00112363619 0.999999368
157001 0.0004978722594  -0.0009033000996 0.9999994681
158001 0.0001340758106  0.001513168197 0.9999988462
159001 -0.001132874437  -0.0008669557047 0.9999989825
160001 0.001330595208  0.0005050447124 0.9999989872
161001 -0.001857961856  -0.0005912332626 0.9999980992
162001 0.001550847899  0.0007731745978 0.9999984986
163001 -0.001900197143  -0.0005098795002 0.9999980647
164001 0.002121558881  0.0004496100644 0.9999976484
165001 -0.002004813012  -0.000338755784 0.999997933
166001 0.002437156243  0.000595843999 0.9999968526
167001 -0.002860099243  -0.0007474715268 0.9999956306
168001 0.003428971914  0.0002782736992 0.9999940824
169001 -0.00363404138  -0.0005006158731 0.9999932716
170001 0.003279862501  -6.93096291e-05 0.9999946189
171001 -0.0031034784  0.0005266517509 0.9999950455
172001 0.003387573204  -0.0008916542769 0.9999938646
173001 -0.003770756014  0.0007072959725 0.9999926406
174001 0.004089662943  -0.000618930776 0.9999914458
175001 -0.004095556215  0.0004707716105 0.9999915024
176001 0.004357707352  -0.000387234478 0.9999904302
177001 -0.00483282196  0.0005791529552 0.9999881542
178001 0.004462557807  -0.0002362657835 0.9999900148
179001 -0.004511702614  0.0007368604736 0.9999895508
180001 0.003900705853  -0.001038725427 0.9999918528
181001 -0.004207383204  0.001362823132 0.9999902203
182001 0.003691403379  -0.001255403022 0.9999923987
183001 -0.003265548499  0.001133966783 0.9999940252
184001 0.00312548645  -0.001027089666 0.9999945882
185001 -0.003468646478  0.0002603185548 0.9999939504
186001 0.003493104122  -0.000343784839 0.99999384
187001 -0.003155156836  0.000752552809 0.9999947393
188001 0.003182854109  -0.001247408661 0.9999941567
189001 -0.003198009825  0.00075707338 0.9999945998
190001 0.003165311103  -0.001400432406 0.9999940098
191001 -0.003058810618  0.001229926796 0.9999945655
192001 0.003034535096  -0.001195159873 0.9999946816
193001 -0.002514537335  0.0008254379827 0.9999964979
194001 0.002279008892  -0.001279736766 0.9999965842
195001 -0.002121675839  0.001124744724 0.9999971167
196001 0.001310087174  -0.001435244127 0.9999981119
197001 -0.001510609867  0.001968142464 0.9999969223
198001 0.001547366636  -0.002154020336 0.9999964829
199001 -0.0009626631305  0.002461087155 0.9999965082
200001 0.000556355374  -0.002754993008 0.9999960503
201001 -2.242037597e-05  0.003087365946 0.9999952338
202001 0.0001714897205  -0.003254156315 0.9999946905
203001 -9.091174361e-05  0.002906690238 0.9999957715
204001 0.0004725135934  -0.003067325721 0.9999951841
205001 -7.055174346e-05  0.003213339057 0.9999948347
206001 -9.770166569e-05  -0.003471520163 0.9999939695
207001 0.0003568651291  0.003662349164 0.9999932299
208001 -0.0004966881512  -0.003783325391 0.9999927199
209001 0.0009042949234  0.003271127641 0.999994241
210001 -0.001554511396  -0.003313396688 0.9999933024
211001 0.001903150475  0.003308950157 0.9999927144
212001 -0.002095795542  -0.003215083172 0.9999926354
213001 0.002099112189  0.003259856849 0.9999924835
214001 -0.00184204484  -0.002702903644 0.9999946506
215001 0.001533385428  0.002273025254 0.9999962411
216001 -0.001958637046  -0.002646785134 0.9999945791
217001 0.002011049043  0.002680399883 0.9999943856
218001 -0.001755818694  -0.003053166957 0.9999937976
219001 0.001523214563  0.003215958999 0.9999936687
220001 -0.00145542026  -0.003231275732 0.9999937203
221001 0.001763171576  0.003784607053 0.999991284
222001 -0.001705984285  -0.003700664224 0.9999916973
223001 0.002152916013  0.004242949898 0.9999886811
224001 -0.002013450644  -0.004694221497 0.9999869551
225001 0.001921237042  0.004891284553 0.999986192
226001 -0.002232782003  -0.00448129024 0.9999874663
227001 0.002514283352  0.004671746464 0.9999859265
228001 -0.003098617329  -0.004505136051 0.9999850511
229001 0.003266873068  0.004647077303 0.999983866
230001 -0.004006042923  -0.004052473573 0.9999837644
231001 0.003874892422  0.003864077108 0.999985027
232001 -0.003747296376  -0.003357435208 0.9999873426
233001 0.003779957137  0.003603089512 0.9999863648
234001 -0.003460858152  -0.003081363195 0.9999892638
235001 0.003554254247  0.00282217303 0.9999897013
236001 -0.003389817131  -0.002946387107 0.9999899139
237001 0.00297046163  0.003000520246 0.9999910866
238001 -0.002856648202  -0.002854466797 0.9999918458
239001 0.002897819644  0.002668518098 0.9999922408
240001 -0.003057965392  -0.002688917099 0.9999917093
241001 0.003191765611  0.002827445194 0.9999909091
242001 -0.003010498317  -0.002592821957 0.9999921071
243001 0.003645950425  0.001951584097 0.9999914492
244001 -0.003615297138  -0.001809516306 0.9999918276
245001 0.003520501839  0.001820764934 0.9999921454
246001 -0.003272221705  -0.00165254981 0.9999932808
247001 0.003148852671  0.00181496194 0.9999933953
248001 -0.002911828237  -0.00185029673 0.9999940488
249001 0.002671062557  0.001553316008 0.9999952263
250001 -0.002774737112  -0.001502113197 0.9999950223
251001 0.003144407513  0.001113428442 0.9999944365
252001 -0.002593127021  -0.001155899887 0.9999959698
253001 0.002798864191  0.001230125898 0.9999953266
254001 -0.001998397802  -0.001398522084 0.9999970253
255001 0.002620880157  0.001418048047 0.9999955601
256001 -0.002880859827  -0.0007058550253 0.9999956012
257001 0.002612545605  0.001474640711 0.9999955
258001 -0.002752946743  -0.00159259522 0.9999949425
259001 0.003170749436  0.002087845736 0.9999927936
260001 -0.003393066831  -0.001568790113 0.999993013
261001 0.003044808819  0.001322795387 0.9999944897
262001 -0.003170328549  -0.001706050217 0.9999935192
263001 0.003141717431  0.001674432033 0.999993663
264001 -0.002925700531  -0.002281226572 0.9999931181
265001 0.003289142289  0.002325860534 0.999991886
266001 -0.003884743317  -0.0018218424 0.9999907948
267001 0.003490013112  0.00195325607 0.9999920023
268001 -0.003084134388  -0.002532724643 0.9999920367
269001 0.003067156949  0.001896627992 0.9999934977
270001 -0.002798023716  -0.001826336377 0.9999944178
271001 0.002594929119  0.001823070507 0.9999949714
272001 -0.00263347524  -0.001457187472 0.9999954707
273001 0.003033434271  0.001492791367 0.9999942849
274001 -0.003257086545  -0.001102703397 0.9999940877
275001 0.00328118616  0.0008617663293 0.9999942456
276001 -0.003853179211  -0.0003439824274 0.9999925173
277001 0.003622321613  8.577474382e-05 0.9999934357
278001 -0.00279793739  -0.0003653941243 0.999996019
279001 0.002665702774  0.0002883553262 0.9999964055
280001 -0.003117868965  7.608508103e-05 0.9999951366
281001 0.003482124319  -0.000146768893 0.9999939266
282001 -0.003179657229  0.0002552258568 0.9999949123
283001 0.002662737464  -0.0003710420532 0.9999963861
284001 -0.001817281789  0.0006955010755 0.9999981069
285001 0.003003725504  -0.0007081712912 0.9999952381
286001 -0.002790004411  0.001185046382 0.9999954058
287001 0.003474676984  -0.001365355269 0.9999930312
288001 -0.003542039034  0.0009630524928 0.9999932633
289001 0.003075784436  -0.000586541849 0.9999950978
290001 -0.002671513525  0.0007813851726 0.9999961262
291001 0.002368254709  -0.00105241032 0.9999966419
292001 -0.001995782507  0.001458260266 0.9999969452
293001 0.001942699531  -0.001408729092 0.9999971207
294001 -0.001771362231  0.001484095218 0.9999973299
295001 0.001840592316  -0.002646762701 0.9999948035
296001 -0.001316829571  0.002626787639 0.999995683
297001 0.0004524562193  -0.003021167115 0.9999953339
298001 -0.0003673458452  0.003312561938 0.999994446
299001 0.0006541413564  -0.003681225964 0.9999930103
300001 -0.0003553279621  0.00469271609 0.999988926
301001 0.0004158629642  -0.004496282688 0.9999898052
302001 -0.0003314477165  0.004138459854 0.9999913816
303001 0.0001041432239  -0.003599288524 0.9999935171
304001 0.0001786646333  0.002444713553 0.9999969958
305001 -0.0002989984597  -0.002347903759 0.999997199
306001 0.0002034786772  0.002594382544 0.9999966139
307001 0.0001048713199  -0.002274820846 0.9999974071
308001 0.0002482510217  0.002900653754 0.9999957623
309001 -0.000188926177  -0.003084684119 0.9999952245
310001 5.049272289e-05  0.002698133848 0.9999963588
311001 0.0001011663231  -0.002237866046 0.9999974909
312001 0.0005832940407  0.002452535612 0.9999968224
313001 -0.0003095760984  -0.002319763244 0.9999972615
314001 -0.0001621269652  0.002833589827 0.9999959723
315001 -0.0003566476439  -0.003424349964 0.9999940733
316001 0.0007474163477  0.002997146846 0.9999952293
317001 -0.001480529158  -0.00254269303 0.9999956714
318001 0.002014771361  0.0026087253 0.9999945676
319001 -0.00206692332  -0.002558699274 0.9999945905
320001 0.00201136682  0.002304725835 0.9999953213
321001 -0.001499218692  -0.002396965161 0.9999960035
322001 0.001589489278  0.001740558069 0.999997222
323001 -0.002653101852  -0.001219642269 0.9999957368
324001 0.002693469643  0.00199743729 0.9999943778
325001 -0.002997781767  -0.001867185978 0.9999937635
326001 0.003241632495  0.002135808055 0.9999924651
327001 -0.003729642435  -0.002885358666 0.9999888822
328001 0.003717142536  0.002362962241 0.9999902996
329001 -0.003704424904  -0.001320312063 0.999992267
330001 0.003546307237  0.001006384071 0.9999932055
331001 -0.004261442207  -0.0008312536657 0.9999905746
332001 0.00442603112  0.00106988202 0.9999896328
333001 -0.004997125472  -0.0004675046227 0.999987405
334001 0.005221812345  0.0004073215661 0.9999862833
335001 -0.005051286613  -0.0005523268022 0.9999870897
336001 0.004516634435  0.0008309368873 0.9999894548
337001 -0.004493882228  -0.0008996458507 0.9999894978
338001 0.004832462599  0.001262380704 0.9999875268
339001 -0.005244460807  -0.001574587216 0.9999850081
340001 0.005161605176  0.001758802094 0.9999851321
341001 -0.005629542596  -0.001343494031 0.9999832515
342001 0.004849086628  0.001594777345 0.9999869715
343001 -0.00436782797  -0.001934961011 0.999988589
344001 0.004927484699  0.001554073348 0.9999866523
345001 -0.005068388795  -0.0008911490646 0.9999867586
346001 0.004419880225  0.0005561794179 0.9999900776
347001 -0.004529752613  -0.0007120615032 0.9999894871
348001 0.003728837417  9.768379705e-05 0.9999930431
349001 -0.004321117466  -0.000336852451 0.9999906072
350001 0.004082467981  8.517014872e-05 0.9999916631
351001 -0.004464044155  -0.00055964416 0.9999898795
352001 0.004468190874  -0.0001147498057 0.999990011
353001 -0.004668170667  0.0001332106193 0.9999890952
354001 0.003932435417  -0.0004045050144 0.9999921862
355001 -0.003348028488  0.0004407651013 0.9999942982
356001 0.003484301872  -0.0001237513684 0.9999939222
357001 -0.003671620359  0.0004030328742 0.9999931784
358001 0.003459550348  -0.0009109794904 0.9999936008
359001 -0.003202457632  0.001283882513 0.999994048
360001 0.002566496382  -0.0008003173183 0.9999963863
361001 -0.002950737782  0.0006390779359 0.9999954424
362001 0.002475050207  -0.0004651291222 0.9999968289
363001 -0.002362665045  0.0006002030575 0.9999970288
364001 0.001481459932  -0.0007344867192 0.9999986329
365001 -0.00164543551  0.0001550396067 0.9999986343
366001 0.00146723488  -0.0006204079852 0.9999987312
367001 -0.001248546374  0.0007294563735 0.9999989545
368001 0.001065365484  -0.00042047717 0.9999993441
369001 -0.001633354502  0.0006628976744 0.9999984464
370001 0.001228955399  -0.0004285065571 0.9999991531
371001 -0.0003146899632  0.0004126889743 0.9999998654
372001 0.0002747932897  -0.0004909558519 0.9999998418
373001 -0.0004117803861  0.001110698408 0.9999992984
374001 0.0002117224666  -0.001047826901 0.9999994287
375001 -0.0001043421527  0.0006073719245 0.9999998101
376001 1.441558184e-05  -0.0007499087558 0.9999997188
377001 0.0003560178996  0.001443259681 0.9999988952
378001 0.0003168869804  -0.002134277053 0.9999976723
379001 0.0004044731036  0.001794409942 0.9999983083
380001 0.000209063331  -0.001743946958 0.9999984575
381001 -2.978728284e-05  0.001849416289 0.9999982894
382001 0.0004564642926  -0.001239650579 0.9999991275
383001 -0.0001061310229  0.001769408106 0.999998429
384001 9.198081647e-05  -0.00150253021 0.999998867
385001 -0.0004210358618  0.001123806179 0.9999992799
386001 0.0004774595859  -0.0006322541335 0.9999996862
387001 -8.486135169e-05  0.0003606210157 0.9999999314
388001 -0.0003508368964  -0.0008818518888 0.9999995497
389001 0.001127550434  0.001015325111 0.9999988489
390001 -0.00122488375  -0.001509590178 0.9999981104
391001 0.001373463433  0.001857237969 0.9999973322
392001 -0.001985705413  -0.001823810176 0.9999963654
393001 0.002805164381  0.002110027364 0.9999938394
394001 -0.002205949098  -0.002127472659 0.9999953039
395001 0.001682477578  0.002132611052 0.9999963107
396001 -0.001699652841  -0.002115260232 0.9999963185
397001 0.001322808831  0.001494623735 0.9999980082
398001 -0.001744505186  -0.001171756544 0.9999977919
399001 0.002116603316  0.001305812683 0.9999969075
400001 -0.002333187224  -0.000719617476 0.9999970192
401001 0.002824905784  0.0004351503594 0.9999959153
402001 -0.002834307311  -0.0004145679014 0.9999958975
403001 0.002443027537  0.0004757802295 0.9999969027
404001 -0.002409215189  -0.0003305039934 0.9999970433
405001 0.002250488048  0.0007010113785 0.999997222
406001 -0.00257225131  -0.0005692935646 0.9999965297
407001 0.002543729013  0.001191903542 0.9999960544
408001 -0.002227728844  -0.001170140352 0.999996834
409001 0.002530639886  0.001633332156 0.9999954641
410001 -0.002854088443  -0.001492059527 0.999994814
411001 0.002076299761  0.0005251812239 0.9999977066
412001 -0.002449276478  0.000116336994 0.9999969938
413001 0.003022251256  -0.000401459914 0.9999953524
414001 -0.002505815072  0.0008286189965 0.9999965172
415001 0.001574068369  -0.0009434956039 0.9999983161
416001 -0.001622286128  0.001195345472 0.9999979697
417001 0.001261688634  -0.001225704461 0.9999984529
418001 -0.001058087671  0.0002485191604 0.9999994094
419001 0.0008918316179  -0.0006527785479 0.9999993893
420001 -0.0002592672353  0.001553549917 0.9999987597
421001 0.0006414213326  -0.001949569937 0.9999978939
422001 -0.001280746244  0.002647108911 0.9999956763
423001 0.0006854127975  -0.003221887477 0.9999945749
424001 -0.0003401674857  0.003837863224 0.9999925776
425001 2.960175016e-05  -0.003797346464 0.9999927897
426001 -0.0002229654222  0.003949496943 0.9999921759
427001 0.0005767117554  -0.003651797148 0.9999931659
428001 -0.0007757217942  0.003759365781 0.9999926327
429001 0.000217624624  -0.003472877 0.9999939459
430001 -9.739004699e-06  0.00310945165 0.9999951656
431001 4.418418578e-05  -0.002987661413 0.999995536
432001 0.0002542249111  0.00254718068 0.9999967237
433001 -9.411160068e-05  -0.002883924103 0.9999958371
434001 0.0009327068626  0.002963213067 0.9999951747
435001 -0.001037913232  -0.002731763448 0.9999957301
436001 0.0009569962688  0.002789117436 0.9999956525
437001 -0.0005318221428  -0.002677760408 0.9999962734
438001 0.0006597806101  0.002864469351 0.9999956798
439001 -0.000457972225  -0.003343759312 0.9999943048
440001 9.621833524e-05  0.003369174646 0.9999943197
441001 1.034265919e-05  -0.003611858192 0.9999934772
442001 -0.0003294173623  0.003451589033 0.999993989
443001 0.0001953434321  -0.003651126296 0.9999933156
444001 0.0001540842738  0.003760623638 0.999992917
445001 -0.0004636078992  -0.003498510219 0.9999937728
446001 0.0006140223617  0.003016647753 0.9999952614
447001 -0.0008379318358  -0.002798673119 0.9999957327
448001 0.0006485810268  0.002609144499 0.9999963859
449001 -0.001231086809  -0.002578314623 0.9999959184
450001 0.0005188297195  0.002749604906 0.9999960853
451001 -0.0007933595837  -0.002896992672 0.999995489
452001 0.0007424285041  0.00320240955 0.9999945967
453001 -0.001136850921  -0.003160012659 0.999994361
454001 0.001515125893  0.002715876146 0.9999951642
455001 -0.001763517389  -0.002392175662 0.9999955838
456001 0.002040277636  0.002138882512 0.9999956313
457001 -0.002649377755  -0.002206968322 0.9999940551
458001 0.003216500029  0.001672516609 0.9999934284
459001 -0.003379407054  -0.002268168672 0.9999917175
460001 0.004576076742  0.00204041598 0.9999874481
461001 -0.004919188901  -0.002545945364 0.9999846598
462001 0.004308145671  0.002733312559 0.9999869844
463001 -0.00449050579  -0.002456984495 0.9999868993
464001 0.00485427146  0.002095807469 0.9999860218
465001 -0.004502588347  -0.001676667551 0.9999884577
466001 0.004147362635  0.001353938727 0.9999904831
467001 -0.004173268531  -0.00129131067 0.9999904582
468001 0.004125973059  0.0002905490283 0.999991446
469001 -0.00369894539  -0.0005976096653 0.9999929804
470001 0.003855346124  0.0001712929604 0.9999925535
471001 -0.004849198026  0.0006858497774 0.9999880074
472001 0.004358883349  -0.0005322132992 0.9999903584
473001 -0.004264171591  0.001010428441 0.9999903979
474001 0.003155658208  -0.0006194152135 0.9999948291
475001 -0.003085843449  0.0006232941809 0.9999950446
476001 0.002854331269  -0.0002942918368 0.9999958831
477001 -0.00324590804  0.0006139707148 0.9999945436
478001 0.002217183628  -4.384722185e-05 0.9999975411
479001 -0.002301149048  7.355999109e-05 0.9999973497
480001 0.001975861316  -0.0003690052906 0.99999798
481001 -0.002059391977  -0.0002189338162 0.9999978555
482001 0.002245380008  0.0002057865599 0.999997458
483001 -0.001979567209  0.0003776996426 0.9999979694
484001 0.002177987328  -0.0005569719049 0.9999974731
485001 -0.002316397024  0.0005719627867 0.9999971536
486001 0.002421689094  -0.0008342494796 0.9999967198
487001 -0.00251481508  0.001047948884 0.9999962888
488001 0.002586897291  -0.000849394293 0.9999962933
489001 -0.002175615045  0.001014558569 0.9999971187
490001 0.002421415746  -0.001125760252 0.9999964347
491001 -0.002139917986  0.0006516718953 0.9999974981
492001 0.002212683389  -8.861692301e-05 0.9999975481
493001 -0.002428508552  -0.0001028764956 0.9999970459
494001 0.001952777964  0.0005413941335 0.9999979468
495001 -0.002451941083  -0.0008349253602 0.9999966455
496001 0.002583612131  -0.0003044614337 0.9999966162
497001 -0.003405876695  0.0007055057925 0.9999939512
498001 0.003601927755  -0.001303643946 0.9999926633
499001 -0.003886072398  0.001673260058 0.9999910493
500001 0.004114406523  -0.002211163924 0.9999890912
501001 -0.00369612518  0.001921139255 0.999991324
502001 0.003803424659  -0.001365584522 0.9999918346
503001 -0.004719095069  0.001256444512 0.9999880757
504001 0.004379516077  -0.001953079822 0.9999885026
505001 -0.003883460937  0.002584148307 0.9999891204
506001 0.003892661414  -0.002330728105 0.9999897074
507001 -0.004072849983  0.001878362586 0.9999899418
508001 0.003260150251  -0.001087092448 0.9999940949
509001 -0.0028045962  0.001681448058 0.9999946535
510001 0.002961502297  -0.001402774806 0.9999946309
511001 -0.003420442077  0.00145932733 0.9999930855
512001 0.002547096245  -0.001430964138 0.9999957324
513001 -0.002232937828  0.001420801453 0.9999964977
514001 0.001906743508  -0.001211090777 0.9999974488
515001 -0.001639344768  0.001498731694 0.9999975332
516001 0.0002659750046  -0.001281897861 0.9999991431
517001 -7.799013444e-05  0.001823384166 0.9999983346
518001 0.0007184405539  -0.001540391078 0.9999985556
519001 -0.000696579712  0.001673016519 0.9999983579
520001 0.0002301314144  -0.002389482476 0.9999971188
521001 -0.0002880353948  0.002164587389 0.9999976158
522001 0.0006413432606  -0.002265532525 0.9999972281
523001 -0.0004132318599  0.001465484056 0.9999988409
524001 0.0009753506819  -0.001457166397 0.9999984627
525001 -0.001274164556  0.001517983584 0.9999980362
526001 0.001702129344  -0.001784729709 0.9999969588
527001 -0.001526140341  0.001753366867 0.9999972984
528001 0.002090507767  -0.001907431196 0.9999959958
529001 -0.002106018509  0.001715107377 0.9999963116
530001 0.001527824861  -0.001933536748 0.9999969636
531001 -0.001440972574  0.001239856725 0.9999981932
532001 0.001048339579  -0.0005391564611 0.9999993052
533001 -0.001842383642  0.0005768204937 0.9999981365
534001 0.001440713794  -0.001283818352 0.9999981381
535001 -0.001231859366  0.001691242075 0.9999978112
536001 0.0008315574089  -0.0009389273725 0.9999992135
537001 -0.00037148363  0.001052256767 0.9999993774
538001 3.289800529e-05  -0.001786690356 0.9999984034
539001 -0.0002265824372  0.001992546703 0.9999979893
540001 0.001106380809  -0.00197264771 0.9999974423
541001 -0.001082145011  0.001713751549 0.9999979461
542001 0.0007255325512  -0.001679584238 0.9999983264
543001 -0.0004548465893  0.002760822849 0.9999960855
544001 -7.839539781e-05  -0.002893425346 0.999995811
545001 0.0003951366587  0.002406957422 0.9999970253
546001 -0.001008037557  -0.002727337458 0.9999957728
547001 0.0009914574338  0.001422259829 0.9999984971
548001 -0.0005780260685  -0.001362884286 0.9999989043
549001 0.001044713592  0.001231591143 0.9999986959
550001 -0.001629460985  -0.001484204991 0.999997571
551001 0.001814870799  0.001719619687 0.9999968746
552001 -0.001801274523  -0.001490314343 0.9999972672
553001 0.001552698604  0.0009519270085 0.9999983415
554001 -0.001200305645  -0.001236994166 0.9999985146
555001 0.002411285527  0.001285608442 0.9999962665
556001 -0.002788084323  -0.0009997968841 0.9999956135
557001 0.002433880345  0.001140457696 0.9999963878
558001 -0.002805116689  -0.001429997205 0.9999950433
559001 0.003365841833  0.002106153613 0.9999921176
560001 -0.003942442934  -0.001963116914 0.9999903017
561001 0.003962002483  0.001369588721 0.9999912134
562001 -0.004208794112  -0.001133238499 0.9999905009
563001 0.003872908984  0.001244247961 0.9999917262
564001 -0.004365464243  -0.001320942079 0.9999895989
565001 0.004137373686  0.001060592682 0.9999908787
566001 -0.004325228959  -0.001065893361 0.9999900781
567001 0.004117980557  0.0006271570515 0.9999913245
568001 -0.003983517901  -0.0003292287373 0.9999920116
569001 0.003662141015  0.0004650163861 0.9999931863
570001 -0.003516415731  -0.0002163361959 0.999993794
571001 0.003482563549  -0.0006714034717 0.9999937105
572001 -0.003161261066  0.0003403563793 0.9999949453
573001 0.003011281421  -0.0002484106828 0.9999954353
574001 -0.00325005681  0.0007719283604 0.9999944207
575001 0.003521502383  -0.001890774855 0.999992012
576001 -0.003598989891  0.001844221907 0.9999918231
577001 0.003203039255  -0.002320322122 0.9999921784
578001 -0.003610189913  0.00259698852 0.9999901111
579001 0.003303161727  -0.003148079119 0.9999895894
580001 -0.002835575763  0.002420227323 0.999993051
581001 0.001398070557  -0.00207881591 0.999996862
582001 -0.001286321038  0.001456437746 0.9999981121
583001 0.0009850283717  -0.001967101717 0.9999975802
584001 -0.00105429406  0.002456740777 0.9999964265
585001 0.0007485339721  -0.002720801387 0.9999960185
586001 -0.0003072087084  0.002620759521 0.9999965187
587001 0.0003434949206  -0.002689035814 0.9999963256
588001 -0.0009068483011  0.002721392425 0.9999958859
589001 0.001198849226  -0.003209033918 0.9999941325
590001 -0.001117742523  0.002197360607 0.9999969612
591001 0.001219345024  -0.001578093657 0.9999980115
592001 -0.001490382072  0.002026163425 0.9999968368
593001 0.001039847054  -0.002379966802 0.9999966273
594001 -0.00100922777  0.003135714645 0.9999945744
595001 0.001046716567  -0.002819397076 0.9999954777
596001 -0.001053826877  0.002558357367 0.9999961722
597001 0.001412362228  -0.002495528954 0.9999958888
598001 -0.001400813891  0.002678315749 0.9999954322
599001 0.001907953986  -0.003226887047 0.9999929735
600001 -0.001274086174  0.003767617221 0.9999920909
601001 0.001236152251  -0.004244933701 0.9999902262
602001 -0.0007246796891  0.004379488944 0.9999901475
603001 0.001058674439  -0.004439953503 0.999989583
604001 -0.00115376824  0.004929048319 0.9999871866
605001 0.0005826614264  -0.005041413005 0.9999871223
606001 -6.980487959e-05  0.005874567024 0.9999827422
607001 -0.000844568243  -0.0058477849 0.999982545
608001 0.001192280677  0.006239106785 0.9999798259
609001 -0.001597004089  -0.006076102991 0.9999802651
610001 0.001798645713  0.005633104966 0.9999825164
611001 -0.001745817828  -0.005444270782 0.9999836559
612001 0.001701098975  0.005332311782 0.9999843363
613001 -0.001549936088  -0.00588439309 0.9999814857
614001 0.001338224153  0.00552848507 0.9999838224
615001 -0.002076884997  -0.004567702488 0.9999874113
616001 0.002312496296  0.004585709284 0.9999868118
617001 -0.002952048619  -0.004232916669 0.9999866839
618001 0.003424552221  0.00363760852 0.9999875201
619001 -0.002891537117  -0.003149851499 0.9999908587
620001 0.002909782772  0.003183011245 0.9999907008
621001 -0.003000619664  -0.003194418985 0.999990396
622001 0.002739391796  0.002588542186 0.9999928976
623001 -0.003454777764  -0.002575157377 0.9999907166
624001 0.00403046602  0.002358322451 0.9999890968
625001 -0.004491537427  -0.002035780714 0.9999878408
626001 0.005022768163  0.001786650247 0.9999857898
627001 -0.004817963135  -0.001587889056 0.9999871329
628001 0.004704585703  0.001348455239 0.9999880243
629001 -0.004417758365  -0.001568931562 0.9999890109
630001 0.004558038702  0.0010781276 0.999989031
631001 -0.004812548646  -0.0007683067901 0.9999881245
632001 0.00415528623  0.0002623588936 0.9999913324
633001 -0.004049046878  -0.0004875310114 0.9999916838
634001 0.004014419209  -0.000330971824 0.9999918875
635001 -0.004492049376  0.000508058857 0.9999897817
636001 0.004891324269  -0.001068808462 0.9999874663
637001 -0.005155297862  0.001726813833 0.9999852205
638001 0.004687774323  -0.002160867504 0.9999866777
639001 -0.004921591533  0.002453898598 0.9999848781
640001 0.004346347528  -0.002448827689 0.9999875562
641001 -0.003793527795  0.002591508648 0.9999894466
642001 0.004219318262  -0.003001236526 0.9999865949
643001 -0.004077006346  0.003381732639 0.9999859709
644001 0.003651413974  -0.003370499056 0.9999876534
645001 -0.003370153887  0.003997952744 0.9999863292
646001 0.003509531561  -0.004251145897 0.9999848054
647001 -0.003841405355  0.004556027523 0.999982243
648001 0.003684941209  -0.005378118564 0.9999787484
649001 -0.002879532534  0.004857013556 0.9999840588
650001 0.002568245708  -0.00512102705 0.9999835895
651001 -0.001924273991  0.00421652244 0.9999892591
652001 0.001712299934  -0.003982857467 0.9999906025
653001 -0.001713878307  0.003699167704 0.9999916894
654001 0.000989876214  -0.004048315402 0.9999913157
655001 -0.0007142714964  0.003579258094 0.9999933394
656001 0.0003189885569  -0.003353618498 0.9999943258
657001 -0.0002554359607  0.003038323273 0.9999953517
658001 0.0002584875689  -0.003495910596 0.9999938559
659001 0.0001615138899  0.003833402056 0.9999926395
660001 0.000205549074  -0.004253743529 0.9999909317
661001 -0.0001546174991  0.004626666319 0.999989285
662001 -0.0006653146481  -0.00436307406 0.9999902605
663001 0.001227572519  0.004446695975 0.99998936
664001 -0.001632282002  -0.004731994612 0.9999874719
665001 0.001490264804  0.004368197549 0.999989349
666001 -0.001657961293  -0.00426258807 0.9999895408
667001 0.001443796754  0.004011580058 0.9999909114
668001 -0.00168333874  -0.00403627467 0.9999904375
669001 0.00209729081  0.003458537069 0.99999182
670001 -0.002938135771  -0.003877476931 0.9999881663
671001 0.002971868318  0.003523458027 0.9999893766
672001 -0.002940202153  -0.002804893121 0.9999917439
673001 0.003218530551  0.003086988299 0.9999900558
674001 -0.003892387198  -0.003024857173 0.9999878498
675001 0.004304403064  0.00255735403 0.999987466
676001 -0.004742901859  -0.002130082406 0.9999864838
677001 0.004984688604  0.001796758152 0.9999859622
678001 -0.004591029441  -0.00149861204 0.9999883383
679001 0.004341667142  0.001405491497 0.9999895873
680001 -0.003966204373  -0.0009853439639 0.9999916492
681001 0.003434003702  0.0007585032562 0.9999938162
682001 -0.002940056502  -0.001006411359 0.9999951717
683001 0.002935725963  8.111558226e-05 0.9999956875
684001 -0.003140708912  -0.0004420124327 0.9999949703
685001 0.003311032054  0.0003478021868 0.9999944581
686001 -0.003677627839  0.000625373864 0.999993042
687001 0.004131475058  -0.0007125249576 0.9999912116
688001 -0.003978480594  0.001377529539 0.9999911371
689001 0.003603671887  -0.001607354138 0.999992215
690001 -0.003571786606  0.002321133753 0.9999909274
691001 0.004169223777  -0.00252611517 0.9999881182
692001 -0.003943442529  0.002471769989 0.9999891698
693001 0.00319868345  -0.002079855088 0.9999927214
694001 -0.003198231092  0.001870399555 0.9999931365
695001 0.002604903794  -0.001760282349 0.999995058
696001 -0.002220947898  0.001985370385 0.9999955629
697001 0.002463013704  -0.001690383603 0.9999955381
698001 -0.00242441327  0.001379829758 0.9999961092
699001 0.001822543236  -0.001236161134 0.9999975752
700001 -0.001156979639  0.001736890735 0.9999978224
701001 0.001043523566  -0.001802016654 0.999997832
702001 -0.00157209822  0.001880204267 0.9999969967
703001 0.001234664454  -0.002248311959 0.9999967104
704001 -0.001288266263  0.002700486456 0.9999955239
705001 0.001750232463  -0.002746565768 0.9999946966
706001 -0.001776640753  0.002534400334 0.9999952102
707001 0.001592759406  -0.00289184298 0.9999945502
708001 -0.002066503002  0.00297816312 0.9999934301
709001 0.002213811239  -0.003205817905 0.9999924109
710001 -0.002344250885  0.003068862393 0.9999925433
711001 0.001614310872  -0.002653020272 0.9999951778
712001 -0.0008543993085  0.003436365217 0.9999937308
713001 0.000734090192  -0.003696708755 0.9999928978
714001 -0.0001279409657  0.004367380308 0.9999904548
715001 0.0007757104695  -0.004317562256 0.9999903785
716001 -0.0004454411657  0.004620156594 0.9999892279
717001 0.0003451841403  -0.004528875451 0.9999896851
718001 -0.000126602176  0.004327480092 0.9999906285
719001 -0.0004669386115  -0.003685573664 0.9999930993
720001 0.001262615425  0.004021763729 0.9999911156
721001 -0.001745925531  -0.00440713987 0.9999887644
722001 0.002017974213  0.0033103512 0.9999924847
723001 -0.001868733223  -0.002843015065 0.9999942126
724001 0.00224710676  0.002779310932 0.999993613
725001 -0.003292488611  -0.003405993538 0.9999887794
726001 0.003793523048  0.003163830664 0.9999877997
727001 -0.00447790413  -0.002972972576 0.9999855549
728001 0.005368318714  0.002916884191 0.9999813364
729001 -0.005239340627  -0.002663995793 0.9999827261
730001 0.005298496642  0.002473946162 0.9999829027
731001 -0.004976592969  -0.002531701286 0.999984412
732001 0.004952156954  0.002095994483 0.9999855414
733001 -0.005925660917  -0.002453438451 0.9999794335
734001 0.006080295267  0.001963890589 0.9999795864
735001 -0.00627436526  -0.001911880204 0.9999784884
736001 0.00622933227  0.002035606912 0.9999785257
737001 -0.006017571963  -0.002114161874 0.9999796594
738001 0.005751953292  0.002194222103 0.9999810501
739001 -0.006100265667  -0.001632761521 0.9999800603
740001 0.006298295037  0.002230709578 0.9999776775
741001 -0.006511226866  -0.001562095346 0.9999775817
742001 0.006305788742  0.0009862968481 0.999979632
743001 -0.006039035103  -0.0003999700308 0.9999816849
744001 0.005993583968  -0.0002408980305 0.9999820094
745001 -0.005441136256  0.000718359204 0.999984939
746001 0.0050864342  -0.0001417540546 0.999987054
747001 -0.005041483625  0.0002401336834 0.9999872629
748001 0.005500791496  -0.0005814224252 0.9999847016
749001 -0.005454179179  0.0007297788591 0.9999848596
750001 0.005429849554  -0.0008955999112 0.9999848573
751001 -0.006020926212  0.001688614185 0.9999804484
752001 0.005165458871  -0.001373772397 0.9999857154
753001 -0.005305861107  0.001956108921 0.9999840107
754001 0.005753490724  -0.002406651265 0.9999805526
755001 -0.006277641433  0.002916761066 0.9999760417
756001 0.006434656202  -0.003631313545 0.9999727041
757001 -0.006380665048  0.004170836691 0.9999709453
758001 0.005482545862  -0.004460295472 0.9999750235
759001 -0.005239200685  0.004799314365 0.9999747584
760001 0.004571372354  -0.00531286604 0.9999754378
761001 -0.004654450175  0.005525943399 0.9999738998
762001 0.004181792463  -0.005936916907 0.9999736325
763001 -0.003820004294  0.005699195729 0.9999764632
764001 0.003529525311  -0.005526449173 0.9999785003
765001 -0.00332660652  0.005692480678 0.9999782645
766001 0.002729782037  -0.00544704294 0.9999814389
767001 -0.002328476658  0.005220772123 0.9999836608
768001 0.002866179674  -0.005435799302 0.9999811185
769001 -0.002986127255  0.005557053838 0.999980101
770001 0.003653426514  -0.005900767871 0.9999759165
771001 -0.003167451951  0.007129088415 0.9999695713
772001 0.001999238336  -0.006921133296 0.9999740502
773001 -0.001943242584  0.007069227995 0.9999731246
774001 0.001384203367  -0.008619829158 0.9999618906
775001 -0.001262517524  0.008885306841 0.999959728
776001 0.0008668743769  -0.00885749744 0.9999603959
777001 -0.0004458430701  0.008661106629 0.9999623926
778001 -0.0004470315644  -0.008837172132 0.9999608516
779001 0.001364362264  0.008807198411 0.9999602852
780001 -0.001353030406  -0.008053007694 0.9999666587
781001 0.001291318689  0.008674941068 0.9999615383
782001 -0.001567361644  -0.007926505103 0.9999673565
783001 0.001879542193  0.00778575137 0.9999679243
784001 -0.001976119535  -0.00823260579 0.999964159
785001 0.002524658963  0.008238300233 0.9999628776
786001 -0.002807230992  -0.00795468926 0.9999644206
787001 0.002961593542  0.008206336307 0.9999619419
788001 -0.003111723715  -0.008420347978 0.9999597067
789001 0.004161040292  0.008783121086 0.9999527702
790001 -0.004875575979  -0.008738034831 0.9999499366
791001 0.005126923096  0.009105606257 0.9999453999
792001 -0.004674443668  -0.009125731125 0.999947434
793001 0.004683183312  0.008127705011 0.9999560032
794001 -0.004390097197  -0.00815513401 0.9999571096
795001 0.004943342611  0.007953815805 0.9999561492
796001 -0.005020500628  -0.007556934042 0.9999588429
797001 0.004979773852  0.007503413602 0.9999594496
798001 -0.005408786939  -0.007362727307 0.9999582668
799001 0.006261258566  0.006940848104 0.9999563098
800001 -0.006327468987  -0.006451441894 0.9999591703
801001 0.006838328199  0.006302768273 0.9999567553
802001 -0.006759491402  -0.006705292188 0.9999546732
803001 0.007032658205  0.006098734951 0.9999566727
804001 -0.007152698305  -0.005567279974 0.9999589214
805001 0.007332271184  0.004823606379 0.9999614847
806001 -0.007861295002  -0.004731017526 0.999957908
807001 0.007813705016  0.004866505758 0.9999576308
808001 -0.007829787032  -0.004709158685 0.9999582583
809001 0.007082436412  0.004391345841 0.9999652771
810001 -0.007068588527  -0.004150427421 0.999966404
811001 0.007383268046  0.004460239012 0.9999627962
812001 -0.007363902321  -0.004001582728 0.9999648796
813001 0.007118288362  0.004543765648 0.9999643415
814001 -0.006837468112  -0.004310498918 0.9999673339
815001 0.007729313599  0.003692534873 0.9999633109
816001 -0.007564348755  -0.002864379508 0.9999672875
817001 0.007953846954  0.002861665872 0.999964273
818001 -0.007863914057  -0.003001426428 0.9999645746
819001 0.007797220596  0.001973158363 0.9999676546
820001 -0.007783118221  -0.001305918689 0.9999688584
821001 0.00779711783  0.000477908607 0.9999694879
822001 -0.007966866885  -0.00048758744 0.9999681452
823001 0.008290900555  -0.0004894377854 0.9999655102
824001 -0.008287874879  0.001018827973 0.999965136
825001 0.00789890666  -0.0012378849 0.999968037
826001 -0.007758086228  0.00173536484 0.9999683999
827001 0.008448292433  -0.002108738699 0.9999620892
828001 -0.008407229074  0.002323958317 0.9999619582
829001 0.008235634411  -0.002277352977 0.9999634934
830001 -0.008385078836  0.002834237097 0.9999608281
831001 0.00819758108  -0.002949408237 0.9999620497
832001 -0.007411553876  0.003499035846 0.9999664123
833001 0.006962206854  -0.003800585677 0.9999685412
834001 -0.00718370067  0.004265090002 0.9999651012
835001 0.007041046925  -0.004574785997 0.999964747
836001 -0.006372914346  0.004685408235 0.9999687161
837001 0.006417376257  -0.004739315955 0.9999681777
838001 -0.006573596794  0.005231330933 0.99996471
839001 0.006651068119  -0.005412991686 0.9999632308
840001 -0.006939771529  0.005647050235 0.9999599745
841001 0.006704816527  -0.006695280426 0.9999551084
842001 -0.005634604019  0.006448508735 0.9999633334
843001 0.005754396928  -0.00659268477 0.9999617111
844001 -0.005477224157  0.006694689278 0.99996259
845001 0.005682723993  -0.00698897626 0.9999594297
846001 -0.004960175015  0.006890768682 0.9999639564
847001 0.003956078857  -0.007559502543 0.9999636011
848001 -0.004368151097  0.008048407185 0.9999580704
849001 0.004145999603  -0.008140325584 0.9999582721
850001 -0.004641885016  0.008676193515 0.9999515872
851001 0.003794536857  -0.00969005889 0.9999458507
852001 -0.003988405717  0.01045725165 0.9999373674
853001 0.003058551156  -0.01037447711 0.9999415061
854001 -0.002593783614  0.01027235637 0.999943874
855001 0.002830455044  -0.01016656701 0.9999443133
856001 -0.002353193418  0.0102184362 0.9999450216
857001 0.001395521459  -0.01004401918 0.9999485839
858001 -0.0004095206733  0.009911116958 0.9999507999
859001 -0.0004525315812  -0.009380196986 0.9999559027
860001 0.001378185651  0.009249173464 0.9999562758
861001 -0.001383681273  -0.009639648486 0.9999525803
862001 0.002102334754  0.008737066311 0.9999596212
863001 -0.002590792714  -0.008479901049 0.9999606889
864001 0.002417911725  0.008230746307 0.9999632037
865001 -0.002121009739  -0.008765163935 0.9999593359
866001 0.002966274591  0.008759425475 0.999957236
867001 -0.003543211791  -0.008249354445 0.9999596962
868001 0.004252046616  0.008387217554 0.9999557865
869001 -0.004784831356  -0.00805485875 0.9999561114
870001 0.004719480783  0.008473315749 0.9999529637
871001 -0.005299289296  -0.008295252517 0.9999515521
872001 0.006269136888  0.008038678936 0.9999480375
873001 -0.006473494587  -0.007765167606 0.9999488968
874001 0.00707104749  0.008193164731 0.9999414345
875001 -0.007829687834  -0.007568721993 0.9999407035
876001 0.007899954988  0.006889660367 0.9999450602
877001 -0.00751224169  -0.006410086041 0.9999512374
878001 0.007920671359  0.005595256679 0.999952977
879001 -0.007699524961  -0.004959431025 0.9999580599
880001 0.007930217832  0.004714529717 0.9999574416
881001 -0.007958638897  -0.004284559754 0.9999591506
882001 0.008422117692  0.003320907605 0.999959019
883001 -0.008801114115  -0.002567501348 0.9999579734
884001 0.00849713198  0.001268562333 0.9999630942
885001 -0.00788907126  -0.001907172358 0.9999670622
886001 0.007852040691  0.001488826523 0.999968064
887001 -0.008520670595  -0.0005404950078 0.9999635524
888001 0.008275142243  0.00041682879 0.9999656736
889001 -0.008462210722  0.0001171734389 0.9999641881
890001 0.007767185374  -2.309462818e-05 0.9999698348
891001 -0.008022244439  0.0004111047176 0.9999677369
892001 0.007209944013  -0.001109123306 0.999973393
893001 -0.007373365349  0.001484130035 0.9999717151
894001 0.007827899623  -0.002096582577 0.9999671637
895001 -0.007924684098  0.002784593033 0.9999647222
896001 0.008253195157  -0.003451808236 0.9999599842
897001 -0.008265911945  0.00359573359 0.999959372
898001 0.008041426961  -0.003631475619 0.9999610733
899001 -0.007504676443  0.004241259206 0.9999628452
900001 0.006834553477  -0.005158749935 0.9999633375
901001 -0.006342895946  0.005370803825 0.9999654606
902001 0.007043567282  -0.005728272747 0.9999587868
903001 -0.00740840786  0.006317353061 0.9999526022
904001 0.007349798149  -0.006512569138 0.9999517824
905001 -0.006944495502  0.006492123209 0.9999548122
906001 0.006991957115  -0.006533486855 0.9999542121
907001 -0.007232968176  0.006533626829 0.9999524969
908001 0.006991581973  -0.006768637848 0.9999526506
909001 -0.007048522375  0.006738820316 0.9999524523
910001 0.006603975176  -0.006622298321 0.9999562655
911001 -0.0058051394  0.007178398983 0.9999573847
912001 0.005347389377  -0.007747211264 0.9999556922
913001 -0.004937292975  0.008362453639 0.9999528452
914001 0.004454806259  -0.00913007157 0.999948397
915001 -0.004130546779  0.009147997212 0.9999496252
916001 0.002727769711  -0.008913550932 0.9999565531
917001 -0.002704712822  0.008586594591 0.9999594767
918001 0.002607751164  -0.008686195708 0.9999588741
919001 -0.002083385914  0.008646795793 0.9999604455
920001 0.001387367103  -0.008533103426 0.9999626301
921001 -0.001156487214  0.007987362885 0.9999674318
922001 0.000157482183  -0.008170030269 0.9999666124
923001 -0.0006867658051  0.008733070677 0.9999616303
924001 -0.0001483624362  -0.008379053806 0.9999648842
925001 6.835045199e-05  0.008429885973 0.9999644656
926001 -0.0004412566802  -0.009213035239 0.9999574618
927001 0.0001068566571  0.007653784672 0.9999707037
928001 -0.0005120782259  -0.007592120147 0.9999710484
929001 0.0008978155018  0.007813239583 0.9999690732
930001 -0.001734721122  -0.008352130173 0.9999636158
931001 0.001664817586  0.008841694675 0.9999595257
932001 -0.002573157279  -0.008903504468 0.9999570524
933001 0.002585285342  0.00925199168 0.9999538575
934001 -0.002590094142  -0.009218761019 0.999954152
935001 0.003516463477  0.009159190895 0.9999518708
936001 -0.003601002646  -0.009046456197 0.9999525962
937001 0.003701451417  0.009111839801 0.9999516357
938001 -0.004192486644  -0.008932816213 0.9999513128
939001 0.004589435238  0.009207382424 0.9999470793
940001 -0.004636719977  -0.008359272737 0.9999543107
941001 0.005255412173  0.007981387469 0.9999543381
942001 -0.006366247033  -0.008173086321 0.9999463344
943001 0.006666901979  0.008257502234 0.9999436815
944001 -0.007040404131  -0.008194604238 0.999941639
945001 0.007656888984  0.007311766207 0.9999439536
946001 -0.0082274343  -0.007072702423 0.9999411415
947001 0.008302085679  0.007410252682 0.9999380799
948001 -0.00845746053  -0.007168195774 0.9999385424
949001 0.008403161855  0.006971213326 0.9999403928
950001 -0.009209952598  -0.006660881428 0.9999354027
951001 0.00921756979  0.006238107593 0.9999380594
952001 -0.009567842955  -0.006015625747 0.9999361324
953001 0.009432956999  0.005096820261 0.9999425193
954001 -0.009670413876  -0.003580802217 0.9999468292
955001 0.009870833463  0.002693890321 0.9999476535
956001 -0.01056675333  -0.002542989237 0.9999409368
957001 0.01033899381  0.001847245359 0.999944845
958001 -0.009904135763  -0.001529704953 0.9999497829
959001 0.01016321217  0.001253773447 0.9999475673
960001 -0.01020294974  -0.0008474374433 0.9999475896
961001 0.01018792377  0.000192970956 0.9999480832
962001 -0.009545032046  0.0004168883145 0.9999543583
963001 0.009254789932  -0.0008550653349 0.999956808
964001 -0.009259983171  0.001506679543 0.9999559904
965001 0.009322527807  -0.001382019031 0.9999555894
966001 -0.009523023011  0.001783256378 0.999953065
967001 0.008494987374  -0.001559251743 0.9999627014
968001 -0.008366483326  0.00152317474 0.9999638404
969001 0.007595308844  -0.002110286752 0.9999689286
970001 -0.00735826246  0.002718936533 0.9999692313
971001 0.006500273899  -0.002612381326 0.9999754608
972001 -0.006432348376  0.003345948725 0.9999737145
973001 0.006308091758  -0.00388939219 0.99997254
974001 -0.006010718695  0.004341179581 0.9999725124
975001 0.005980436584  -0.004516945442 0.9999719155
976001 -0.005526399517  0.004559739114 0.9999743336
977001 0.005311306484  -0.00439736543 0.9999762264
978001 -0.005244962647  0.003916810243 0.9999785744
979001 0.004892034836  -0.003804360359 0.9999807973
980001 -0.004649388674  0.004005508751 0.9999811695
981001 0.00468073735  -0.004718474946 0.9999779132
982001 -0.00440116447  0.005179220657 0.9999769025
983001 0.004063294159  -0.005718992828 0.9999753912
984001 -0.003715537337  0.005690566794 0.999976906
985001 0.003180438227  -0.005751071893 0.9999784049
986001 -0.003442870137  0.005968761623 0.9999762601
987001 0.002735616651  -0.006167294997 0.9999772403
988001 -0.002341173705  0.006319516658 0.9999772912
989001 0.001713842714  -0.006397356042 0.9999780682
990001 -0.001178461278  0.006560772831 0.9999777836
991001 0.0007487684719  -0.00679683945 0.999976621
992001 0.0002564546501  0.006917800197 0.999976039
993001 -0.0007652343076  -0.006949756659 0.9999755575
994001 0.001200216304  0.007131913339 0.9999738474
995001 -0.001488329103  -0.006968525113 0.999974612
996001 0.001436348564  0.00748646125 0.9999709446
997001 -0.001639743592  -0.006892809933 0.9999749
998001 0.002146396078  0.007622508314 0.9999686448
999001 -0.002668708188  -0.007879054638 0.9999653988
1000001 0.002474771375  0.007938348172 0.9999654286
1001001 -0.002502138203  -0.007850220391 0.9999660562
1002001 0.002559764522  0.007790722148 0.9999663757
1003001 -0.002539928427  -0.007305559153 0.9999700884
1004001 0.003361160948  0.006817238683 0.9999711136
1005001 -0.003165829094  -0.0067116135 0.9999724656
1006001 0.003728586048  0.006770205013 0.9999701306
1007001 -0.00384397593  -0.006345904253 0.9999724764
1008001 0.003335659897  0.005709488011 0.9999781374
1009001 -0.003302175574  -0.006094380079 0.9999759769
1010001 0.003646774991  0.005921004124 0.9999758212
1011001 -0.005107002538  -0.005879819168 0.9999696728
1012001 0.004895755691  0.004962692791 0.9999757014
1013001 -0.005649068583  -0.004732334321 0.9999728463
1014001 0.006178000244  0.003454362644 0.9999749496
1015001 -0.00659379897  -0.00323177447 0.9999730385
1016001 0.006348607982  0.001841624462 0.9999781517
1017001 -0.006891283239  -0.001403248571 0.9999752704
1018001 0.007186527859  0.001104196622 0.999973567
1019001 -0.006927084396  -0.0005788321531 0.99997584
1020001 0.006721149742  0.0007625122447 0.9999771222
1021001 -0.006630662053  -0.000648779006 0.9999778066
1022001 0.007314780153  0.0003196722023 0.9999731956
1023001 -0.006880881817  0.0004258177877 0.9999762359
1024001 0.006498246023  0.0004537376459 0.9999787833
1025001 -0.006320907138  -0.0002336840758 0.9999799957
1026001 0.005976759544  4.636471839e-05 0.999982138
1027001 -0.006093150468  0.0006154973244 0.9999812473
1028001 0.006386027479  -0.0002036270043 0.9999795885
1029001 -0.006018858861  0.0009970436814 0.9999813896
1030001 0.006207983504  -0.001576462898 0.9999794877
1031001 -0.006076661057  0.001511498646 0.9999803947
1032001 0.006239024691  -0.001735853913 0.9999790306
1033001 -0.005802380769  0.00234961928 0.9999804057
1034001 0.005256187114  -0.002165448232 0.9999838416
1035001 -0.004688351547  0.002056825421 0.9999868944
1036001 0.004169615359  -0.00207439529 0.9999891556
1037001 -0.002476594495  0.002182960321 0.9999945507
1038001 0.002247926567  -0.001747162088 0.9999959472
1039001 -0.002319063949  0.001602825479 0.9999960265
1040001 0.002119546765  -0.001719393191 0.9999962757
1041001 -0.001772073999  0.002167769795 0.9999960804
1042001 0.001625302858  -0.002483332812 0.9999955958
1043001 -0.001226114567  0.003137376209 0.9999943268
1044001 0.001201969281  -0.003373580393 0.9999935872
1045001 -0.001284850872  0.002863813278 0.999995074
1046001 0.001240853886  -0.002887556923 0.9999950612
1047001 -0.001242412136  0.003272631802 0.9999938732
1048001 0.001529243362  -0.003644273927 0.9999921904
1049001 -0.0009528909075  0.003750992801 0.9999925111
1050001 0.0005888616352  -0.003708860419 0.9999929489
1051001 -0.0001979562564  0.004175028155 0.999991265
1052001 0.0006314491385  -0.004038759407 0.9999916449
1053001 -0.0006610117394  0.00497277451 0.9999874173
1054001 0.0005334297608  -0.00500824572 0.9999873165
1055001 -0.0004582048433  0.005642404351 0.9999839766
1056001 -0.0006245984965  -0.006026439813 0.9999816459
1057001 0.0007532061096  0.005606480751 0.999984
1058001 -0.0004600727749  -0.004918663616 0.9999877976
1059001 0.0007116690731  0.004920104475 0.9999876431
1060001 0.0001944556792  -0.005147911902 0.9999867306
1061001 -0.0006432568526  0.005208515674 0.9999862288
1062001 0.0005690057733  -0.005199076793 0.9999863229
1063001 -0.0002935356913  0.004495114236 0.999989854
1064001 -0.0002568682182  -0.004804391139 0.999988426
1065001 0.0008797683102  0.004773168473 0.9999882215
1066001 -0.0006197794777  -0.004414901957 0.9999900623
1067001 0.001032543519  0.00452177485 0.9999892438
1068001 -0.001004358902  -0.005499262355 0.9999843747
1069001 0.001289336598  0.005431501731 0.9999844182
1070001 -0.001415667978  -0.005367488859 0.999984593
1071001 0.001300494867  0.005713722596 0.999982831
1072001 -0.001442697562  -0.005612793117 0.9999832076
1073001 0.001609727661  0.005049710583 0.9999859546
1074001 -0.001668340385  -0.004735534038 0.9999873957
1075001 0.001350956746  0.00418485989 0.999990331
1076001 -0.001827794268  -0.004368525162 0.9999887876
1077001 0.002875246181  0.004562364181 0.9999854589
1078001 -0.00275215112  -0.004367103919 0.9999866771
1079001 0.00356738192  0.003780506066 0.9999864908
1080001 -0.004338118931  -0.004635333086 0.9999798471
1081001 0.004890412741  0.004549077949 0.9999776947
1082001 -0.004573766391  -0.004232434088 0.9999805835
1083001 0.004779942815  0.00292819692 0.9999842889
1084001 -0.004873281644  -0.003207857608 0.9999829804
1085001 0.004783103576  0.002495705213 0.9999854467
1086001 -0.004223221534  -0.002733519186 0.9999873462
1087001 0.004684592223  0.001940733333 0.9999871441
1088001 -0.004389150561  -0.001806595271 0.9999887358
1089001 0.003878944221  0.001805456838 0.9999908471
1090001 -0.004106103551  -0.001959493775 0.9999896502
1091001 0.004687331907  0.001647819647 0.9999876568
1092001 -0.004347260279  -0.001048685148 0.9999900009
1093001 0.005108489613  0.0008271383889 0.9999866096
1094001 -0.005082320073  -0.0006159877695 0.9999868953
1095001 0.004962533455  0.0002023076791 0.9999876662
1096001 -0.004382556498  0.0005929757135 0.9999902209
1097001 0.004072855782  -0.001231527834 0.9999909477
1098001 -0.003474674294  0.001279567947 0.9999931448
1099001 0.003143012392  -0.001057177669 0.999994502
1100001 -0.00330408086  0.001439758939 0.9999935052
1101001 0.002988688614  -0.001521192126 0.999994377
1102001 -0.002941038854  0.001729696654 0.9999941793
1103001 0.002971808037  -0.001325991908 0.9999947052
1104001 -0.002614170564  0.001842335852 0.9999948861
1105001 0.002881302967  -0.001671181435 0.9999944527
1106001 -0.002729403946  0.002313154456 0.9999935999
1107001 0.002054238786  -0.002482624962 0.9999948084
1108001 -0.002526245258  0.002668470691 0.9999932488
1109001 0.002292841198  -0.00267107122 0.9999938042
1110001 -0.00148234517  0.002605096911 0.9999955082
1111001 0.002147881314  -0.002534317624 0.999994482
1112001 -0.00236782386  0.002192960586 0.9999947923
1113001 0.001991573973  -0.001826142742 0.9999963495
1114001 -0.001657622426  0.001416105552 0.9999976236
1115001 0.00122377672  -0.001260377464 0.999998457
1116001 -0.001455375695  0.001742734246 0.9999974225
1117001 0.001819351402  -0.001893239137 0.9999965529
1118001 -0.002076309327  0.001597420688 0.9999965687
1119001 0.001560122672  -0.001382483521 0.9999978275
1120001 -0.001298648451  0.001051452163 0.9999986041
1121001 0.001697971367  -0.001015087046 0.9999980434
1122001 -0.001411575555  0.001092756844 0.9999984068
1123001 0.001481480355  -0.001334645114 0.9999980121
1124001 -0.000895049985  0.001787257027 0.9999980024
1125001 0.0008622158114  -0.001391277918 0.9999986606
1126001 -0.0003769608081  0.001455777885 0.9999988694
1127001 0.0005697431635  -0.0008076426441 0.9999995117
1128001 -0.0008586722984  0.001211486098 0.9999988976
1129001 0.001173176743  -0.001823764383 0.9999976489
1130001 -0.0002279471861  0.001783021424 0.9999983846
1131001 -0.0003918950181  -0.002483447733 0.9999968396
1132001 0.000172009285  0.002614104025 0.9999965685
1133001 0.000135116026  -0.002847853933 0.9999959358
1134001 -0.0006206614088  0.002974061989 0.999995385
1135001 -9.030449073e-05  -0.002720643095 0.9999962951
1136001 0.0006096387582  0.002482672418 0.9999967325
1137001 -0.0003461577338  -0.001966565003 0.9999980065
1138001 -0.0001807528828  0.00182707699 0.9999983147
1139001 -0.0002394588116  -0.001694109578 0.9999985364
1140001 -0.0005260251369  0.001454833183 0.9999988035
1141001 -3.303732132e-05  -0.001324452511 0.9999991225
1142001 -0.0005618101822  0.001283640543 0.9999990184
1143001 0.0002192449276  -0.001408518338 0.9999989841
1144001 -0.0003923523726  0.001302304554 0.9999990751
1145001 0.0003994503547  -0.001046306931 0.999999373
1146001 -0.0001226831915  0.0008625090946 0.9999996206
1147001 0.0002989157903  -0.00135124387 0.9999990425
1148001 0.0004752678689  0.0022534475 0.9999973482
1149001 -0.001183862712  -0.002138932822 0.9999970118
1150001 0.001345260125  0.00187858784 0.9999973307
1151001 -0.001066401012  -0.002066620991 0.999997296
1152001 0.0006765820309  0.002003848808 0.9999977635
1153001 -0.0006554932805  -0.002002701699 0.9999977799
1154001 0.0004803236624  0.002188739651 0.9999974895
1155001 -0.0003110026593  -0.002842756889 0.9999959111
1156001 0.0006540817717  0.003457893521 0.9999938077
1157001 -0.0008370938553  -0.003564985307 0.9999932952
1158001 0.001207280383  0.003252308115 0.9999939826
1159001 -0.00173076387  -0.00313942542 0.9999935743
1160001 0.002166974591  0.003344089956 0.9999920607
1161001 -0.002076157455  -0.003325976877 0.9999923138
1162001 0.002248363002  0.002778717894 0.9999936119
1163001 -0.002483689207  -0.002362568637 0.9999941249
1164001 0.002306330895  0.002516490599 0.9999941742
1165001 -0.002347973091  -0.002682875171 0.9999936447
1166001 0.00243409068  0.00255781882 0.9999937665
1167001 -0.003265161346  -0.002661499969 0.9999911277
1168001 0.003525007144  0.00218773559 0.9999913942
1169001 -0.004052154872  -0.001924057609 0.9999899391
1170001 0.003561126064  0.001449792875 0.9999926083
1171001 -0.003269470535  -0.001282034904 0.9999938336
1172001 0.002962031514  0.001347806172 0.999994705
1173001 -0.002954465186  -0.00127505013 0.9999948228
1174001 0.002930462596  0.001291176541 0.9999948727
1175001 -0.003422672245  -0.00124039002 0.9999933735
1176001 0.003647846142  0.0004946906289 0.9999932243
1177001 -0.003179887975  -0.0002616213664 0.99999491
1178001 0.002748097944  0.0001202334316 0.9999962169
1179001 -0.002566478027  -1.836565017e-05 0.9999967065
1180001 0.00239592506  -0.0006734345914 0.9999969031
1181001 -0.002468632777  0.0007963099466 0.999996636
1182001 0.003079510616  -0.001061928368 0.9999946946
1183001 -0.003131764528  0.001150812312 0.9999944339
1184001 0.003505776464  -0.00147486725 0.9999927672
1185001 -0.003711323413  0.002307471208 0.9999904509
1186001 0.003044477802  -0.00280321616 0.9999914367
1187001 -0.002927627865  0.002355918827 0.9999929394
1188001 0.002619708363  -0.002587615818 0.9999932208
1189001 -0.001927235662  0.002035892765 0.9999960706
1190001 0.002021657007  -0.001515346725 0.9999968084
1191001 -0.002807918493  0.001705090998 0.9999946042
1192001 0.002679865369  -0.002195153447 0.9999939999
1193001 -0.002608147403  0.001976390902 0.9999946458
1194001 0.00273134157  -0.001555795655 0.9999950597
1195001 -0.002316807416  0.001857956231 0.9999955903
1196001 0.00219620428  -0.001876453056 0.9999958279
1197001 -0.002804697353  0.002581404146 0.9999927351
1198001 0.002748038352  -0.002239957992 0.9999937155
1199001 -0.002822299274  0.001933448694 0.9999941483
1200001 0.002871180915  -0.001665036401 0.9999944921
1201001 -0.002590096106  0.001986137709 0.9999946734
1202001 0.003225812891  -0.002781381746 0.9999909291
1203001 -0.003321561505  0.003241356635 0.9999892305
1204001 0.002879785288  -0.003126375814 0.9999909664
1205001 -0.003007367312  0.003973184002 0.9999875848
1206001 0.002623490092  -0.004169911443 0.9999878646
1207001 -0.001413645387  0.004943913161 0.9999867797
1208001 0.001945140668  -0.005314997594 0.9999839836
1209001 -0.00223314019  0.005376569115 0.9999830528
1210001 0.001635141962  -0.005373288797 0.999984227
1211001 -0.001390755821  0.005452743974 0.9999841667
1212001 0.001442366275  -0.005490418222 0.9999838874
1213001 -0.001112165199  0.005578204936 0.9999838234
1214001 0.00105196821  -0.005912381286 0.9999819685
1215001 -0.0004564559027  0.006062543977 0.9999815186
1216001 0.0004138081811  -0.006272385676 0.9999802429
1217001 -0.0004935702232  0.006312607415 0.9999799536
1218001 1.630168393e-05  -0.005704830182 0.9999837273
1219001 0.0007310360454  0.005837162939 0.9999826965
1220001 -0.0004545499215  -0.006130343883 0.9999811061
1221001 0.0009243753397  0.006305671413 0.9999796919
1222001 -0.0009620455496  -0.005443178479 0.9999847231
1223001 0.0001934115713  0.005158029978 0.9999866787
1224001 -0.0003220209972  -0.004321203238 0.9999906118
1225001 0.0008107075282  0.003883015882 0.9999921326
1226001 -0.001343575698  -0.004343996159 0.9999896623
1227001 0.002179278381  0.003651470214 0.9999909588
1228001 -0.002024407777  -0.003988495343 0.9999899969
1229001 0.002290632209  0.003839459203 0.9999900059
1230001 -0.00259239233  -0.003903802542 0.99998902
1231001 0.002901864371  0.003661430331 0.9999890866
1232001 -0.003026773959  -0.003167853009 0.9999904018
1233001 0.002727145441  0.00286713289 0.9999921712
1234001 -0.002680960214  -0.002895473737 0.9999922144
1235001 0.003246845046  0.003197768443 0.9999896162
1236001 -0.003790451586  -0.002626371127 0.9999893674
1237001 0.003997174486  0.002820947969 0.9999880325
1238001 -0.004168279835  -0.002739488205 0.9999875604
1239001 0.003729726738  0.002518876921 0.9999898723
1240001 -0.004014594869  -0.002148069051 0.9999896345
1241001 0.004410429892  0.002080913496 0.999988109
1242001 -0.00475292709  -0.00179247407 0.9999870984
1243001 0.004690347153  0.001159117543 0.9999883286
1244001 -0.004992060061  -0.0006817227576 0.9999873073
1245001 0.004598485587  0.0001095507693 0.999989421
1246001 -0.004587888373  -0.0004598885958 0.99998937
1247001 0.004659805102  0.0007409808369 0.9999888686
1248001 -0.004577477388  -0.0003511650106 0.9999894618
1249001 0.004614103027  -1.455135592e-05 0.999989355
1250001 -0.00523716962  -7.716444616e-05 0.9999862831
1251001 0.004148474944  4.442007039e-05 0.9999913942
1252001 -0.003674589495  0.000373895708 0.9999931789
1253001 0.004191045859  -0.0008987064589 0.9999908138
1254001 -0.004120478034  0.001426213673 0.9999904939
1255001 0.004278324887  -0.0007572662878 0.9999905613
1256001 -0.004037321485  0.0005286833146 0.9999917104
1257001 0.003985351893  -0.0002864688543 0.9999920176
1258001 -0.003808596252  0.0003759458101 0.9999926767
1259001 0.003773583465  -0.000307736269 0.9999928328
1260001 -0.004072743948  0.0007331192016 0.9999914377
1261001 0.004042087632  -0.001227015983 0.9999910781
1262001 -0.004294291167  0.0009977946625 0.9999902818
1263001 0.004746563983  -0.001059165588 0.9999881742
1264001 -0.0050418315  0.001459305893 0.9999862252
1265001 0.00519423262  -0.001580053782 0.9999852617
1266001 -0.004542513418  0.002226085493 0.9999872051
1267001 0.004414304283  -0.002615268573 0.9999868372
1268001 -0.003828038221  0.003527922792 0.99998645
1269001 0.00369591148  -0.003455356116 0.9999872004
1270001 -0.003685201195  0.003802721194 0.9999859793
1271001 0.004172251026  -0.003611321217 0.9999847754
1272001 -0.004096586285  0.003289666388 0.9999861981
1273001 0.003517217628  -0.004182712033 0.9999850671
1274001 -0.003160572281  0.004308462506 0.999985724
1275001 0.003204484593  -0.004921155133 0.9999827567
1276001 -0.003460537154  0.004809979756 0.9999824444
1277001 0.003382977328  -0.004955605927 0.9999819987
1278001 -0.002952947577  0.004845755531 0.9999838994
1279001 0.002891724791  -0.00458284742 0.9999853177
1280001 -0.002310913902  0.004164925885 0.9999886566
1281001 0.001621300372  -0.004204475483 0.999989847
1282001 -0.001518166418  0.004229911721 0.9999899016
1283001 0.001808937268  -0.004310607566 0.9999890733
1284001 -0.0003160185868  0.003845554519 0.999992556
1285001 -0.0003644228726  -0.004105717395 0.9999915052
1286001 0.0005800206191  0.004162844024 0.9999911672
1287001 -0.001515638102  -0.004143544841 0.999990267
1288001 0.002291832035  0.003434007821 0.9999914776
1289001 -0.002997165059  -0.00366279653 0.9999888005
1290001 0.003419617485  0.003515546457 0.9999879736
1291001 -0.003313862187  -0.003367914999 0.9999888378
1292001 0.003881591785  0.003402403068 0.9999866785
1293001 -0.003512290284  -0.003570311178 0.9999874584
1294001 0.003609042885  0.003542059822 0.9999872144
1295001 -0.003948800219  -0.003124059186 0.9999873237
1296001 0.004455395512  0.003241541526 0.9999848209
1297001 -0.005075123161  -0.003036687094 0.9999825108
1298001 0.005163377589  0.002420472486 0.9999837404
1299001 -0.006069966458  -0.00191038372 0.9999797529
1300001 0.00622638132  0.00178100361 0.99997903
1301001 -0.006684349394  -0.001834644678 0.9999759766
1302001 0.006352703508  0.00182247416 0.9999781608
1303001 -0.006583806032  -0.001316149072 0.9999774605
1304001 0.006613811051  0.001175129598 0.9999774382
1305001 -0.006396046909  -0.000550696411 0.9999793936
1306001 0.006543267985  0.0002956442781 0.999978549
1307001 -0.006368278573  -8.271266875e-05 0.999979719
1308001 0.006324936681  4.681885472e-05 0.9999799964
1309001 -0.006914574147  -0.0003167489974 0.999976044
1310001 0.007325137588  -1.885423854e-05 0.9999731708
1311001 -0.007772284131  0.001278356778 0.9999689784
1312001 0.007771281857  -0.001057706217 0.9999692439
1313001 -0.007162011249  0.001731628621 0.9999728533
1314001 0.006880015486  -0.001698059577 0.9999748908
1315001 -0.007005309625  0.002173426238 0.9999731007
1316001 0.007205487613  -0.002830918539 0.9999700331
1317001 -0.00728910472  0.002899676916 0.9999692301
1318001 0.007416963875  -0.002307391577 0.999969832
1319001 -0.007616582238  0.003057561052 0.9999663191
1320001 0.007314897985  -0.003075029457 0.9999685179
1321001 -0.007174061413  0.003282348489 0.9999688792
1322001 0.00697595357  -0.003963613901 0.9999678125
1323001 -0.006026943544  0.004746831236 0.9999705715
1324001 0.006030089826  -0.00573785535 0.9999653571
1325001 -0.005662310997  0.006161559641 0.9999649862
1326001 0.005632699022  -0.005917093045 0.9999666299
1327001 -0.005342514467  0.00662929956 0.9999637544
1328001 0.004825909591  -0.006025189294 0.9999702035
1329001 -0.004303328008  0.006706921925 0.9999682489
1330001 0.003982505461  -0.006986037593 0.9999676671
1331001 -0.004201038772  0.006883161794 0.9999674863
1332001 0.003989527794  -0.007024197436 0.9999673718
1333001 -0.004920862947  0.007054300568 0.9999630104
1334001 0.004940338154  -0.007894593358 0.9999566334
1335001 -0.004480595358  0.007704082387 0.999960285
1336001 0.004492578158  -0.007789452151 0.9999595699
1337001 -0.004029720627  0.007611044153 0.9999629161
1338001 0.003710726252  -0.008424573772 0.9999576278
1339001 -0.003195466331  0.008111863835 0.9999619927
1340001 0.002512510155  -0.00837973814 0.999961733
1341001 -0.001317816505  0.008345618405 0.9999643065
1342001 0.0009144483109  -0.008469739064 0.9999637131
1343001 -0.000332062766  0.008315748788 0.9999653686
1344001 -0.0008358791264  -0.008308476275 0.9999651348
1345001 0.001321020395  0.008369966115 0.9999640988
1346001 -0.001844401086  -0.008315625578 0.9999637238
1347001 0.002107364067  0.008764887791 0.9999593672
1348001 -0.002871344194  -0.009161568965 0.9999539096
1349001 0.003843613901  0.009075815949 0.9999514271
1350001 -0.003821103542  -0.00994402753 0.9999432563
1351001 0.004501181468  0.009269081042 0.9999469105
1352001 -0.004918594134  -0.008699425128 0.9999500626
1353001 0.005578791417  0.007940619723 0.9999529109
1354001 -0.005992461517  -0.007569511015 0.9999533955
1355001 0.006589153058  0.007505700597 0.9999501227
1356001 -0.006370541849  -0.007441083429 0.9999520222
1357001 0.007054201995  0.00678086407 0.9999521281
1358001 -0.007466064586  -0.006321016255 0.9999521503
1359001 0.007549166868  0.005658744461 0.9999554935
1360001 -0.008572347349  -0.005054991292 0.9999504799
1361001 0.008490323744  0.004583273272 0.9999534531
1362001 -0.008667525279  -0.004321666369 0.9999530976
1363001 0.008802166056  0.004034610586 0.9999531209
1364001 -0.009208904927  -0.003603547979 0.9999511042
1365001 0.009472931847  0.003447616612 0.9999491876
1366001 -0.00928163005  -0.002607225213 0.9999535259
1367001 0.009609074858  0.002435396685 0.9999508662
1368001 -0.009497768836  -0.001536186762 0.9999537153
1369001 0.009459754749  0.0007603770108 0.9999549666
1370001 -0.01011522704  -0.000380756387 0.9999487674
1371001 0.01018837781  -0.0003358791994 0.9999480409
1372001 -0.0101080513  0.0004389137663 0.9999488162
1373001 0.01026349574  -0.0006140677408 0.9999471405
1374001 -0.01075490179  0.001312627198 0.999941303
1375001 0.01097943847  -0.002295994835 0.9999370883
1376001 -0.01110238408  0.002689282005 0.9999347504
1377001 0.01028379526  -0.00310912801 0.9999422869
1378001 -0.009208076863  0.003343982848 0.9999520135
1379001 0.008752039618  -0.004169997782 0.9999530055
1380001 -0.008616778273  0.004047722913 0.9999546827
1381001 0.009362755132  -0.004112865924 0.9999477103
1382001 -0.009589201539  0.00424111875 0.9999450287
1383001 0.009581841561  -0.005094482052 0.9999411157
1384001 -0.009155668096  0.005620839023 0.9999422884
1385001 0.008741744775  -0.005850580293 0.9999446749
1386001 -0.008268432511  0.006424569164 0.9999451776
1387001 0.008479407702  -0.006596458139 0.9999422917
1388001 -0.007923605526  0.007097722802 0.9999434179
1389001 0.006781256583  -0.007521413901 0.9999487203
1390001 -0.006329544376  0.007411005045 0.999952506
1391001 0.005723527224  -0.007360471084 0.9999565315
1392001 -0.005352001213  0.007923175944 0.9999542888
1393001 0.004733749838  -0.008266038702 0.9999546312
1394001 -0.003805893827  0.00834366763 0.9999579485
1395001 0.004181215015  -0.008239530876 0.999957313
1396001 -0.003965297883  0.00850012801 0.9999560113
1397001 0.003524835756  -0.008549966725 0.999957236
1398001 -0.003318054957  0.009020064212 0.9999538136
1399001 0.003322068401  -0.008777076521 0.9999559626
1400001 -0.002319175793  0.009369267055 0.9999534182
1401001 0.00161190415  -0.009029552852 0.9999579337
1402001 -0.0006332932485  0.008566024847 0.9999631105
1403001 0.0005092632257  -0.009245619093 0.9999571288
1404001 0.0001111539328  0.009588462398 0.9999540236
1405001 -0.0002484190852  -0.009307605797 0.9999566526
1406001 0.0007507750867  0.009070183919 0.9999585833
1407001 -0.001021546663  -0.009028742705 0.9999587184
1408001 0.0009171420243  0.009304867878 0.9999562883
1409001 -0.00115403378  -0.009410301487 0.9999550564
1410001 0.001104318427  0.008791454951 0.9999607448
1411001 -0.001544916555  -0.009042480538 0.9999579226
1412001 0.001353204263  0.009534240071 0.9999536326
1413001 -0.001808144741  -0.009362412963 0.999954537
1414001 0.002458045183  0.009342646573 0.9999533355
1415001 -0.002145022875  -0.008708931142 0.999959776
1416001 0.003041858463  0.008868892611 0.9999560441
1417001 -0.003587324431  -0.009278894496 0.9999505155
1418001 0.003169474983  0.008978825551 0.9999546667
1419001 -0.003760540446  -0.009153012685 0.9999510393
1420001 0.0046598933  0.008733812266 0.9999510019
1421001 -0.005126073962  -0.008486887504 0.999950847
1422001 0.005329488348  0.008195834013 0.9999522114
1423001 -0.005911961309  -0.007775349848 0.9999522953
1424001 0.006066531078  0.007989271138 0.9999496833
1425001 -0.00720174869  -0.007813352138 0.9999435417
1426001 0.007775586355  0.007222990354 0.9999436829
1427001 -0.007923302916  -0.006935667102 0.9999445575
1428001 0.007836243626  0.0070522591 0.9999444281
1429001 -0.008145202873  -0.006378711637 0.9999464826
1430001 0.008790953684  0.006425904014 0.9999407118
1431001 -0.009299873442  -0.005839755559 0.9999397031
1432001 0.009665984768  0.004940502564 0.9999410785
1433001 -0.01050496874  -0.004153109401 0.9999361968
1434001 0.01003437311  0.004075433153 0.9999413495
1435001 -0.01026247049  -0.003209252572 0.9999421897
1436001 0.01014586572  0.00275521016 0.9999447337
1437001 -0.01045634405  -0.003012887431 0.9999407921
1438001 0.01060738377  0.002135299936 0.9999414604
1439001 -0.01088812455  -0.001753986984 0.9999391844
1440001 0.01047178717  0.00125018379 0.999944388
1441001 -0.0107509238  -0.000698904887 0.999941963
1442001 0.01069536896  0.001232843656 0.9999420431
1443001 -0.01116164849  -0.000596849635 0.9999375289
1444001 0.0108078207  0.0004329196129 0.9999415002
1445001 -0.01105494508  0.001031181786 0.9999383607
1446001 0.01129151244  -0.00181648092 0.9999345991
1447001 -0.01088633653  0.002483655211 0.9999376578
1448001 0.009807114615  -0.003008579946 0.9999473832
1449001 -0.009875382398  0.003522542678 0.9999450329
1450001 0.009589452683  -0.004380313993 0.9999444262
1451001 -0.00954281963  0.005351297083 0.9999401475
1452001 0.009278532066  -0.00498147634 0.9999445455
1453001 -0.008982285969  0.005229505336 0.9999459841
1454001 0.00840718077  -0.005551289662 0.9999492501
1455001 -0.007927209322  0.006311736195 0.9999486595
1456001 0.007693963815  -0.006714959875 0.9999478549
1457001 -0.007781153365  0.006474562208 0.9999487657
1458001 0.007428944707  -0.007138746783 0.9999469233
1459001 -0.007219281663  0.007511219453 0.9999457305
1460001 0.006477110915  -0.007645962388 0.999949792
1461001 -0.005790475872  0.007677976955 0.9999537586
1462001 0.006263017014  -0.007897250101 0.9999492029
1463001 -0.005568034071  0.008187219463 0.9999509822
1464001 0.005639969548  -0.00826871851 0.9999499084
1465001 -0.005577025982  0.0085497244 0.9999478983
1466001 0.005331081668  -0.008544054302 0.9999492882
1467001 -0.005149070807  0.009223517173 0.9999442055
1468001 0.005191915926  -0.00956814737 0.9999407457
1469001 -0.004641104788  0.01022415358 0.9999369616
1470001 0.003192649752  -0.01105559476 0.9999337884
1471001 -0.002618958417  0.01073416845 0.9999389576
1472001 0.001759381462  -0.01046499878 0.9999436928
1473001 -0.001631014563  0.01033977299 0.9999452131
1474001 0.0008768160625  -0.0105010978 0.9999444777
1475001 -0.001149846512  0.01095469964 0.9999393345
1476001 0.0005960659259  -0.01146744253 0.9999340692
1477001 -0.0003023363315  0.01199334864 0.9999280317
1478001 -0.0001634647485  -0.01108355477 0.9999385623
1479001 0.0005796081532  0.01048404863 0.999944873
1480001 -0.001243916108  -0.009996632403 0.9999492589
1481001 0.001740750616  0.009411635104 0.9999541946
1482001 -0.002277432642  -0.009347676065 0.9999537162
1483001 0.002481042427  0.009574495211 0.9999510857
1484001 -0.003333736068  -0.009134258324 0.9999527248
1485001 0.003614403526  0.008467805538 0.9999576154
1486001 -0.003999658468  -0.008362706101 0.9999570332
1487001 0.004513140896  0.008661310336 0.9999523056
1488001 -0.004659615069  -0.009586751235 0.9999431896
1489001 0.005174557308  0.009617171509 0.9999403654
1490001 -0.006170043741  -0.009227934628 0.9999383861
1491001 0.006430569825  0.008133647856 0.9999462445
1492001 -0.007035480048  -0.007862214541 0.9999443424
1493001 0.006999174368  0.008268608068 0.9999413193
1494001 -0.006766963611  -0.007848460513 0.9999463036
1495001 0.006492462405  0.008473481672 0.9999430226
1496001 -0.006660775427  -0.008110104762 0.9999449288
1497001 0.006637228095  0.009023007528 0.9999372645
1498001 -0.00742471144  -0.008844548739 0.9999333217
1499001 0.007999276132  0.008075474194 0.9999353972
1500001 -0.008531801992  -0.007363801249 0.9999364895
