0 0.784602  -0 0.62
1 0.784643  -4.62351e-08 0.6199476918
101 0.788758659  -4.800678274e-06 0.6147029997
201 0.7928391206  -9.811574145e-06 0.6094309876
301 0.7968843451  -1.50746801e-05 0.6041318898
401 0.8008941525  -2.058572244e-05 0.5988059419
501 0.8048683647  -2.634039638e-05 0.5934533805
601 0.808806805  -3.233436546e-05 0.5880744435
701 0.8127092984  -3.85632441e-05 0.5826693701
801 0.8165756713  -4.502263251e-05 0.5772384005
901 0.820405752  -5.170812166e-05 0.571781776
1001 0.8241993702  -5.861525438e-05 0.5662997393
1101 0.8279563573  -6.573954424e-05 0.5607925338
1201 0.8316765464  -7.307647601e-05 0.5552604046
1301 0.835359772  -8.062150598e-05 0.5497035973
1401 0.8390058704  -8.837013626e-05 0.5441223591
1501 0.8426146796  -9.631769615e-05 0.5385169379
1601 0.8461860393  -0.0001044595566 0.5328875829
1701 0.8497197906  -0.0001127910641 0.5272345444
1801 0.8532157765  -0.0001213075386 0.5215580736
1901 0.8566738416  -0.0001300042737 0.5158584227
2001 0.8600938322  -0.0001388765378 0.5101358451
2101 0.8634755964  -0.0001479195736 0.5043905953
2201 0.8668189837  -0.0001571285992 0.4986229284
2301 0.8701238457  -0.000166498808 0.492833101
2401 0.8733900354  -0.0001760253696 0.4870213702
2501 0.8766174077  -0.0001857034297 0.4811879945
2601 0.8798058191  -0.0001955281109 0.4753332331
2701 0.8829551279  -0.0002054943615 0.4694573462
2801 0.8860651941  -0.0002155973929 0.4635605951
2901 0.8891358796  -0.0002258322718 0.4576432417
3001 0.8921670477  -0.0002361940323 0.4517055492
3101 0.8951585639  -0.0002466776871 0.4457477813
3201 0.8981102952  -0.0002572782284 0.439770203
3301 0.9010221104  -0.0002679906279 0.4337730799
3401 0.90389388  -0.0002788098375 0.4277566785
3501 0.9067254764  -0.0002897307897 0.4217212663
3601 0.9095167739  -0.000300748398 0.4156671115
3701 0.9122676482  -0.0003118575573 0.4095944833
3801 0.9149779773  -0.0003230531442 0.4035036514
3901 0.9176476406  -0.0003343300179 0.3973948867
4001 0.9202765194  -0.0003456830199 0.3912684607
4101 0.922864497  -0.0003571069753 0.3851246456
4201 0.9254114583  -0.0003685966924 0.3789637145
4301 0.9279172902  -0.0003801469639 0.3727859413
4401 0.9303818812  -0.0003917525665 0.3665916006
4501 0.9328051219  -0.0004034082623 0.3603809676
4601 0.9351869045  -0.0004151087984 0.3541543185
4701 0.9375271233  -0.0004268489079 0.3479119298
4801 0.9398256741  -0.0004386233101 0.3416540793
4901 0.9420824549  -0.000450426711 0.3353810448
5001 0.9442973654  -0.0004622538035 0.3290931054
5101 0.9464703071  -0.0004740992685 0.3227905404
5201 0.9486011835  -0.0004859577747 0.31647363
5301 0.9506898999  -0.0004978239792 0.310142655
5401 0.9527363634  -0.0005096925283 0.3037978967
5501 0.9547404832  -0.0005215580573 0.2974396372
5601 0.9567021701  -0.0005334151919 0.291068159
5701 0.958621337  -0.0005452585475 0.2846837454
5801 0.9604978987  -0.0005570827306 0.2782866801
5901 0.9623317716  -0.000568882339 0.2718772474
6001 0.9641228745  -0.0005806519618 0.2654557323
6101 0.9658711275  -0.0005923861805 0.2590224201
6201 0.9675764532  -0.0006040795692 0.2525775968
6301 0.9692387756  -0.0006157266948 0.2461215488
6401 0.970858021  -0.000627322118 0.2396545631
6501 0.9724341173  -0.0006388603931 0.2331769271
6601 0.9739669946  -0.0006503360693 0.2266889288
6701 0.9754565848  -0.0006617436902 0.2201908565
6801 0.9769028216  -0.0006730777952 0.213682999
6901 0.9783056409  -0.000684332919 0.2071656456
7001 0.9796649802  -0.0006955035931 0.200639086
7101 0.9809807792  -0.0007065843453 0.1941036102
7201 0.9822529795  -0.0007175697009 0.1875595087
7301 0.9834815245  -0.0007284541827 0.1810070724
7401 0.9846663597  -0.0007392323117 0.1744465926
7501 0.9858074323  -0.0007498986076 0.1678783607
7601 0.9869046918  -0.0007604475889 0.1613026688
7701 0.9879580894  -0.0007708737738 0.1547198092
7801 0.9889675783  -0.0007811716805 0.1481300743
7901 0.9899331136  -0.0007913358277 0.1415337572
8001 0.9908546525  -0.0008013607349 0.1349311509
8101 0.991732154  -0.0008112409231 0.1283225491
8201 0.9925655792  -0.000820970915 0.1217082452
8301 0.9933548911  -0.000830545236 0.1150885335
8401 0.9941000546  -0.0008399584138 0.1084637081
8501 0.9948010366  -0.0008492049798 0.1018340634
8601 0.995457806  -0.0008582794689 0.09519989418
8701 0.9960703336  -0.0008671764203 0.08856149522
8801 0.9966385924  -0.0008758903777 0.08191916161
8901 0.9971625569  -0.0008844158903 0.07527318857
9001 0.997642204  -0.0008927475124 0.06862387151
9101 0.9980775125  -0.0009008798049 0.06197150595
9201 0.9984684629  -0.0009088073348 0.05531638759
9301 0.9988150379  -0.0009165246764 0.04865881221
9401 0.9991172223  -0.0009240264113 0.04199907573
9501 0.9993750025  -0.0009313071291 0.03533747415
9601 0.9995883672  -0.0009383614278 0.02867430356
9701 0.9997573069  -0.0009451839143 0.02200986011
9801 0.9998818142  -0.0009517692047 0.01534444003
9901 0.9999618835  -0.0009581119252 0.008678339564
10001 0.9999975114  -0.000964206712 0.002011855003
10101 0.9999886962  -0.000970048212 -0.004654717348
10201 0.9999354385  -0.0009756310836 -0.01132108118
10301 0.9998377407  -0.0009809499965 -0.01798694019
10401 0.9996956071  -0.0009859996327 -0.02465199811
10501 0.999509044  -0.0009907751956 -0.0313159587
10601 0.9992780599  -0.0009952711004 -0.03797852576
10701 0.999002665  -0.0009994818491 -0.04463940315
10801 0.9986828717  -0.001003402176 -0.05129829483
10901 0.9983186941  -0.001007026831 -0.05795490484
11001 0.9979101485  -0.001010350576 -0.06460893729
11101 0.9974572531  -0.001013368192 -0.07126009644
11201 0.9969600281  -0.001016074472 -0.07790808668
11301 0.9964184956  -0.001018464229 -0.08455261251
11401 0.9958326798  -0.001020532289 -0.0911933786
11501 0.9952026068  -0.001022273498 -0.0978300898
11601 0.9945283045  -0.001023682718 -0.1044624511
11701 0.993809803  -0.001024754831 -0.1110901678
11801 0.9930471343  -0.001025484735 -0.1177129452
11901 0.9922403323  -0.001025867348 -0.124330489
12001 0.991389433  -0.001025897609 -0.1309425051
12101 0.9904944742  -0.001025570474 -0.1375486995
12201 0.9895554958  -0.001024880922 -0.1441487787
12301 0.9885725394  -0.001023823951 -0.1507424493
12401 0.987545649  -0.001022394581 -0.1573294183
12501 0.9864748701  -0.001020587854 -0.1639093928
12601 0.9853602504  -0.001018398833 -0.1704820804
12701 0.9842018396  -0.001015822604 -0.177047189
12801 0.982999689  -0.001012854276 -0.1836044267
12901 0.9817538523  -0.001009488982 -0.1901535021
13001 0.9804643849  -0.001005721879 -0.1966941242
13101 0.9791313441  -0.001001548147 -0.2032260023
13201 0.9777547892  -0.0009969629924 -0.2097488459
13301 0.9763347814  -0.0009919616448 -0.2162623652
13401 0.974871384  -0.0009865393609 -0.2227662706
13501 0.9733646621  -0.0009806914232 -0.2292602732
13601 0.9718146826  -0.0009744131404 -0.2357440842
13701 0.9702215145  -0.0009676998483 -0.2422174155
13801 0.9685852287  -0.0009605469098 -0.2486799794
13901 0.9669058979  -0.0009529497159 -0.2551314886
14001 0.9651835969  -0.0009449036856 -0.2615716563
14101 0.9634184023  -0.0009364042663 -0.2680001963
14201 0.9616103926  -0.0009274469347 -0.274416823
14301 0.9597596481  -0.0009180271969 -0.280821251
14401 0.9578662513  -0.0009081405888 -0.2872131958
14501 0.9559302864  -0.0008977826766 -0.2935923731
14601 0.9539518394  -0.000886949057 -0.2999584996
14701 0.9519309983  -0.0008756353582 -0.3063112922
14801 0.949867853  -0.0008638372396 -0.3126504686
14901 0.9477624954  -0.0008515503925 -0.3189757471
15001 0.9456150189  -0.0008387705407 -0.3252868464
15101 0.9434255192  -0.0008254934407 -0.3315834861
15201 0.9411940936  -0.0008117148819 -0.3378653862
15301 0.9389208414  -0.0007974306876 -0.3441322677
15401 0.9366058636  -0.0007826367148 -0.350383852
15501 0.9342492633  -0.0007673288548 -0.3566198611
15601 0.9318511451  -0.0007515030337 -0.3628400179
15701 0.9294116158  -0.0007351552127 -0.369044046
15801 0.9269307839  -0.0007182813885 -0.3752316696
15901 0.9244087597  -0.0007008775937 -0.3814026137
16001 0.9218456554  -0.0006829398972 -0.387556604
16101 0.9192415849  -0.0006644644045 -0.3936933669
16201 0.916596664  -0.0006454472582 -0.3998126298
16301 0.9139110104  -0.0006258846382 -0.4059141206
16401 0.9111847436  -0.0006057727625 -0.4119975681
16501 0.9084179846  -0.0005851078869 -0.418062702
16601 0.9056108567  -0.0005638863059 -0.4241092527
16701 0.9027634846  -0.0005421043531 -0.4301369514
16801 0.899875995  -0.000519758401 -0.4361455302
16901 0.8969485162  -0.0004968448622 -0.442134722
17001 0.8939811785  -0.000473360189 -0.4481042607
17101 0.8909741137  -0.0004493008741 -0.4540538809
17201 0.8879274557  -0.000424663451 -0.4599833182
17301 0.8848413399  -0.0003994444943 -0.465892309
17401 0.8817159035  -0.0003736406201 -0.4717805908
17501 0.8785512856  -0.0003472484862 -0.4776479017
17601 0.8753476268  -0.0003202647924 -0.483493981
17701 0.8721050697  -0.0002926862814 -0.4893185688
17801 0.8688237583  -0.0002645097382 -0.4951214063
17901 0.8655038387  -0.0002357319914 -0.5009022356
18001 0.8621454584  -0.0002063499129 -0.5066607997
18101 0.8587487669  -0.0001763604185 -0.5123968426
18201 0.855313915  -0.0001457604682 -0.5181101095
18301 0.8518410556  -0.0001145470664 -0.5238003463
18401 0.8483303432  -8.271726242e-05 -0.5294673002
18501 0.8447819337  -5.026815071e-05 -0.5351107193
18601 0.8411959851  -1.71968712e-05 -0.5407303527
18701 0.8375726567  1.649939041e-05 -0.5463259507
18801 0.8339121097  5.082340229e-05 -0.5518972646
18901 0.8302145069  8.577788618e-05 -0.5574440467
19001 0.8264800126  0.0001213655171 -0.5629660505
19101 0.822708793  0.000157588923 -0.5684630306
19201 0.8189010156  0.0001944506846 -0.5739347426
19301 0.8150568499  0.0002319533349 -0.5793809434
19401 0.8111764668  0.0002700993588 -0.5848013908
19501 0.8072600388  0.0003088911933 -0.590195844
19601 0.8033077401  0.0003483312266 -0.5955640632
19701 0.7993197463  0.0003884217981 -0.6009058098
19801 0.7952962349  0.0004291651984 -0.6062208463
19901 0.7912373847  0.0004705636682 -0.6115089366
20001 0.7871433763  0.0005126193991 -0.6167698455
20101 0.7830143916  0.0005553345322 -0.6220033394
20201 0.7788506142  0.0005987111589 -0.6272091854
20301 0.7746522294  0.0006427513197 -0.6323871523
20401 0.7704194237  0.0006874570047 -0.6375370099
20501 0.7661523854  0.0007328301526 -0.6426585294
20601 0.7618513042  0.0007788726511 -0.647751483
20701 0.7575163713  0.0008255863364 -0.6528156444
20801 0.7531477796  0.0008729729927 -0.6578507886
20901 0.7487457232  0.0009210343572 -0.6628566917
21001 0.7443103979  0.0009697721578 -0.6678331312
21101 0.7398420009  0.001019188035 -0.672779886
21201 0.7353407308  0.001069283563 -0.6776967362
21301 0.7308067879  0.001120060266 -0.6825834632
21401 0.7262403737  0.001171519613 -0.6874398498
21501 0.7216416913  0.001223663019 -0.6922656803
21601 0.717010945  0.001276491847 -0.69706074
21701 0.7123483409  0.001330007405 -0.7018248159
21801 0.7076540863  0.001384210947 -0.7065576963
21901 0.7029283898  0.001439103673 -0.7112591707
22001 0.6981714615  0.001494686727 -0.7159290301
22101 0.6933835131  0.001550961201 -0.7205670672
22201 0.6885647573  0.001607928129 -0.7251730756
22301 0.6837154085  0.001665588491 -0.7297468507
22401 0.6788356821  0.001723943213 -0.7342881891
22501 0.6739257953  0.001782993163 -0.7387968891
22601 0.6689859663  0.001842739154 -0.7432727502
22701 0.6640164147  0.001903181945 -0.7477155735
22801 0.6590173616  0.001964322235 -0.7521251615
22901 0.6539890291  0.00202616067 -0.7565013183
23001 0.6489316408  0.002088697838 -0.7608438492
23101 0.6438454216  0.002151934271 -0.7651525614
23201 0.6387305977  0.002215870442 -0.7694272633
23301 0.6335873964  0.002280506771 -0.7736677649
23401 0.6284160464  0.002345843616 -0.7778738777
23501 0.6232167777  0.002411881282 -0.7820454148
23601 0.6179898215  0.002478620014 -0.7861821907
23701 0.61273541  0.002546059999 -0.7902840217
23801 0.607453777  0.002614201368 -0.7943507253
23901 0.6021451572  0.002683044193 -0.7983821209
24001 0.5968097867  0.002752588487 -0.8023780292
24101 0.5914479027  0.002822834207 -0.8063382727
24201 0.5860597437  0.002893781249 -0.8102626752
24301 0.580645549  0.002965429453 -0.8141510625
24401 0.5752055596  0.003037778599 -0.8180032617
24501 0.5697400172  0.003110828408 -0.8218191015
24601 0.5642491649  0.003184578542 -0.8255984123
24701 0.5587332467  0.003259028606 -0.8293410262
24801 0.5531925079  0.003334178143 -0.8330467769
24901 0.5476271949  0.003410026639 -0.8367154995
25001 0.5420375551  0.003486573521 -0.8403470311
25101 0.536423837  0.003563818153 -0.8439412102
25201 0.5307862901  0.003641759845 -0.8474978772
25301 0.5251251652  0.003720397842 -0.8510168738
25401 0.519440714  0.003799731333 -0.8544980437
25501 0.513733189  0.003879759445 -0.8579412322
25601 0.5080028442  0.003960481248 -0.8613462862
25701 0.5022499343  0.004041895749 -0.8647130545
25801 0.4964747151  0.004124001896 -0.8680413872
25901 0.4906774432  0.004206798577 -0.8713311366
26001 0.4848583765  0.004290284621 -0.8745821563
26101 0.4790177737  0.004374458796 -0.877794302
26201 0.4731558944  0.004459319809 -0.8809674308
26301 0.4672729993  0.004544866308 -0.8841014016
26401 0.4613693498  0.004631096879 -0.8871960753
26501 0.4554452086  0.004718010049 -0.8902513142
26601 0.4495008388  0.004805604285 -0.8932669825
26701 0.4435365049  0.004893877992 -0.8962429463
26801 0.4375524721  0.004982829516 -0.8991790732
26901 0.4315490062  0.005072457142 -0.9020752327
27001 0.4255263743  0.005162759093 -0.9049312961
27101 0.4194848441  0.005253733534 -0.9077471365
27201 0.4134246842  0.005345378567 -0.9105226287
27301 0.407346164  0.005437692235 -0.9132576494
27401 0.4012495537  0.005530672521 -0.915952077
27501 0.3951351245  0.005624317345 -0.9186057917
27601 0.3890031481  0.005718624568 -0.9212186755
27701 0.3828538972  0.005813591991 -0.9237906124
27801 0.376687645  0.005909217354 -0.926321488
27901 0.3705046659  0.006005498334 -0.9288111899
28001 0.3643052347  0.006102432552 -0.9312596074
28101 0.3580896269  0.006200017564 -0.9336666316
28201 0.3518581189  0.006298250869 -0.9360321556
28301 0.3456109877  0.006397129904 -0.9383560742
28401 0.3393485111  0.006496652045 -0.9406382841
28501 0.3330709675  0.006596814608 -0.942878684
28601 0.3267786359  0.00669761485 -0.9450771741
28701 0.3204717962  0.006799049965 -0.9472336569
28801 0.3141507286  0.00690111709 -0.9493480364
28901 0.3078157142  0.007003813299 -0.9514202188
29001 0.3014670347  0.007107135607 -0.9534501118
29101 0.2951049722  0.00721108097 -0.9554376252
29201 0.2887298097  0.007315646282 -0.9573826708
29301 0.2823418305  0.007420828378 -0.959285162
29401 0.2759413186  0.007526624034 -0.9611450144
29501 0.2695285585  0.007633029964 -0.9629621451
29601 0.2631038355  0.007740042824 -0.9647364736
29701 0.256667435  0.00784765921 -0.9664679209
29801 0.2502196432  0.007955875659 -0.96815641
29901 0.2437607467  0.008064688647 -0.9698018659
30001 0.2372910328  0.008174094593 -0.9714042155
30101 0.2308107889  0.008284089854 -0.9729633876
30201 0.2243203033  0.00839467073 -0.9744793128
30301 0.2178198644  0.008505833461 -0.9759519238
30401 0.2113097611  0.00861757423 -0.9773811551
30501 0.2047902831  0.008729889157 -0.9787669431
30601 0.1982617199  0.008842774309 -0.9801092264
30701 0.191724362  0.008956225688 -0.9814079453
30801 0.1851784998  0.009070239244 -0.9826630419
30901 0.1786244245  0.009184810865 -0.9838744606
31001 0.1720624273  0.009299936381 -0.9850421475
31101 0.1654928  0.009415611566 -0.9861660506
31201 0.1589158346  0.009531832134 -0.9872461201
31301 0.1523318236  0.009648593742 -0.9882823079
31401 0.1457410595  0.00976589199 -0.989274568
31501 0.1391438354  0.009883722421 -0.9902228563
31601 0.1325404446  0.01000208052 -0.9911271306
31701 0.1259311806  0.01012096171 -0.9919873507
31801 0.1193163373  0.01024036138 -0.9928034784
31901 0.1126962086  0.01036027482 -0.9935754774
32001 0.1060710889  0.01048069731 -0.9943033134
32101 0.09944127273  0.01060162403 -0.9949869541
32201 0.09280705476  0.01072305015 -0.9956263691
32301 0.08616872994  0.01084497074 -0.9962215299
32401 0.07952659334  0.01096738084 -0.9967724101
32501 0.07288094026  0.01109027544 -0.9972789852
32601 0.0662320661  0.01121364944 -0.9977412327
32701 0.05958026645  0.01133749773 -0.9981591321
32801 0.05292583698  0.01146181512 -0.9985326648
32901 0.04626907353  0.01158659636 -0.9988618141
33001 0.03961027199  0.01171183615 -0.9991465654
33101 0.03294972838  0.01183752916 -0.9993869062
33201 0.02628773878  0.01196366997 -0.9995828257
33301 0.01962459934  0.01209025312 -0.9997343151
33401 0.01296060625  0.01221727311 -0.9998413679
33501 0.006296055745  0.01234472436 -0.9999039791
33601 -0.0003687559144  0.01247260127 -0.9999221461
33701 -0.00703353246  0.01260089816 -0.999895868
33801 -0.01369797763  0.01272960931 -0.9998251459
33901 -0.02036179516  0.01285872894 -0.9997099831
34001 -0.02702468884  0.01298825123 -0.9995503847
34101 -0.03368636248  0.01311817029 -0.9993463577
34201 -0.04034651997  0.01324848019 -0.9990979112
34301 -0.04700486523  0.01337917496 -0.9988050562
34401 -0.0536611023  0.01351024856 -0.9984678058
34501 -0.06031493528  0.0136416949 -0.998086175
34601 -0.06696606841  0.01377350786 -0.9976601807
34701 -0.07361420604  0.01390568124 -0.9971898419
34801 -0.08025905263  0.01403820882 -0.9966751794
34901 -0.08690031283  0.0141710843 -0.9961162161
35001 -0.0935376914  0.01430430137 -0.9955129769
35101 -0.1001708933  0.01443785362 -0.9948654887
35201 -0.1067996237  0.01457173465 -0.99417378
35301 -0.113423588  0.01470593796 -0.9934378818
35401 -0.1200424916  0.01484045702 -0.9926578268
35501 -0.1266560404  0.01497528528 -0.9918336495
35601 -0.1332639405  0.01511041609 -0.9909653866
35701 -0.139865898  0.0152458428 -0.9900530768
35801 -0.1464616195  0.01538155869 -0.9890967605
35901 -0.1530508118  0.01551755699 -0.9880964803
36001 -0.1596331821  0.0156538309 -0.9870522807
36101 -0.1662084377  0.01579037356 -0.9859642079
36201 -0.1727762865  0.01592717808 -0.9848323105
36301 -0.1793364363  0.01606423751 -0.9836566387
36401 -0.1858885957  0.01620154486 -0.9824372448
36501 -0.1924324734  0.01633909309 -0.9811741829
36601 -0.1989677786  0.01647687514 -0.9798675092
36701 -0.2054942207  0.01661488387 -0.9785172819
36801 -0.2120115096  0.01675311213 -0.9771235608
36901 -0.2185193556  0.01689155271 -0.975686408
37001 -0.2250174696  0.01703019836 -0.9742058872
37101 -0.2315055626  0.01716904178 -0.9726820644
37201 -0.2379833462  0.01730807564 -0.9711150073
37301 -0.2444505326  0.01744729257 -0.9695047855
37401 -0.2509068343  0.01758668514 -0.9678514705
37501 -0.2573519642  0.01772624591 -0.9661551359
37601 -0.263785636  0.01786596738 -0.9644158571
37701 -0.2702075637  0.018005842 -0.9626337113
37801 -0.2766174617  0.01814586221 -0.9608087778
37901 -0.2830150453  0.01828602038 -0.9589411377
38001 -0.28940003  0.01842630887 -0.957030874
38101 -0.295772132  0.01856671997 -0.9550780716
38201 -0.3021310682  0.01870724597 -0.9530828173
38301 -0.3084765559  0.01884787908 -0.9510451997
38401 -0.314808313  0.01898861151 -0.9489653095
38501 -0.3211260581  0.01912943541 -0.9468432391
38601 -0.3274295104  0.0192703429 -0.9446790829
38701 -0.3337183898  0.01941132608 -0.9424729369
38801 -0.3399924167  0.01955237699 -0.9402248992
38901 -0.3462513122  0.01969348765 -0.9379350699
39001 -0.3524947983  0.01983465004 -0.9356035506
39101 -0.3587225972  0.0199758561 -0.933230445
39201 -0.3649344324  0.02011709776 -0.9308158585
39301 -0.3711300276  0.02025836689 -0.9283598985
39401 -0.3773091076  0.02039965533 -0.9258626742
39501 -0.3834713976  0.02054095491 -0.9233242964
39601 -0.3896166238  0.02068225741 -0.9207448782
39701 -0.395744513  0.02082355457 -0.918124534
39801 -0.401854793  0.02096483813 -0.9154633804
39901 -0.407947192  0.02110609977 -0.9127615357
40001 -0.4140214395  0.02124733115 -0.9100191199
40101 -0.4200772653  0.0213885239 -0.9072362549
40201 -0.4261144003  0.02152966962 -0.9044130645
40301 -0.4321325762  0.02167075989 -0.901549674
40401 -0.4381315256  0.02181178626 -0.8986462108
40501 -0.4441109818  0.02195274023 -0.895702804
40601 -0.450070679  0.02209361331 -0.8927195843
40701 -0.4560103525  0.02223439694 -0.8896966843
40801 -0.4619297381  0.02237508258 -0.8866342384
40901 -0.4678285729  0.02251566163 -0.8835323828
41001 -0.4737065946  0.02265612547 -0.8803912552
41101 -0.4795635421  0.02279646548 -0.8772109953
41201 -0.485399155  0.02293667297 -0.8739917445
41301 -0.4912131739  0.02307673928 -0.8707336458
41401 -0.4970053406  0.02321665568 -0.867436844
41501 -0.5027753975  0.02335641345 -0.8641014857
41601 -0.5085230882  0.02349600382 -0.8607277192
41701 -0.5142481573  0.02363541803 -0.8573156943
41801 -0.5199503504  0.02377464602 -0.8538655628
41901 -0.5256294141  0.02391367973 -0.8503774779
42001 -0.5312850959  0.02405251064 -0.8468515948
42101 -0.5369171445  0.02419112988 -0.8432880701
42201 -0.5425253096  0.02432952857 -0.8396870622
42301 -0.548109342  0.02446769783 -0.8360487312
42401 -0.5536689935  0.02460562873 -0.8323732388
42501 -0.559204017  0.02474331234 -0.8286607484
42601 -0.5647141666  0.02488073972 -0.8249114249
42701 -0.5701991973  0.0250179019 -0.821125435
42801 -0.5756588655  0.02515478989 -0.8173029469
42901 -0.5810929285  0.0252913947 -0.8134441307
43001 -0.5865011448  0.02542770731 -0.8095491578
43101 -0.5918832741  0.0255637187 -0.8056182012
43201 -0.5972390772  0.02569941982 -0.8016514358
43301 -0.602568316  0.02583480163 -0.7976490378
43401 -0.6078707538  0.02596985504 -0.7936111852
43501 -0.6131461549  0.02610457099 -0.7895380574
43601 -0.618394285  0.02623894038 -0.7854298354
43701 -0.6236149107  0.0263729541 -0.7812867019
43801 -0.6288078  0.02650660304 -0.7771088409
43901 -0.6339727223  0.02663987808 -0.7728964382
44001 -0.6391094481  0.02677277008 -0.7686496811
44101 -0.6442177489  0.0269052699 -0.7643687582
44201 -0.6492973979  0.02703736838 -0.7600538598
44301 -0.6543481693  0.02716905637 -0.7557051778
44401 -0.6593698387  0.0273003247 -0.7513229054
44501 -0.6643621829  0.02743116419 -0.7469072373
44601 -0.6693249801  0.02756156567 -0.7424583699
44701 -0.6742580098  0.02769151994 -0.7379765009
44801 -0.6791610528  0.02782101781 -0.7334618295
44901 -0.6840338911  0.02795005009 -0.7289145564
45001 -0.6888763083  0.02807860758 -0.7243348836
45101 -0.6936880893  0.02820668106 -0.7197230148
45201 -0.6984690201  0.02833426134 -0.7150791548
45301 -0.7032188883  0.02846133921 -0.7104035102
45401 -0.707937483  0.02858790544 -0.7056962887
45501 -0.7126245944  0.02871395084 -0.7009576995
45601 -0.7172800143  0.02883946617 -0.6961879533
45701 -0.7219035357  0.02896444224 -0.6913872621
45801 -0.7264949534  0.02908886983 -0.6865558392
45901 -0.7310540632  0.02921273972 -0.6816938994
46001 -0.7355806627  0.0293360427 -0.6768016588
46101 -0.7400745506  0.02945876957 -0.6718793348
46201 -0.7445355273  0.02958091111 -0.6669271462
46301 -0.7489633946  0.02970245813 -0.6619453131
46401 -0.7533579557  0.02982340142 -0.656934057
46501 -0.7577190155  0.02994373179 -0.6518936006
46601 -0.7620463801  0.03006344006 -0.6468241678
46701 -0.7663398573  0.03018251702 -0.6417259841
46801 -0.7705992564  0.03030095352 -0.6365992761
46901 -0.774824388  0.03041874037 -0.6314442715
47001 -0.7790150645  0.03053586842 -0.6262611996
47101 -0.7831710996  0.0306523285 -0.6210502906
47201 -0.7872923088  0.03076811146 -0.6158117763
47301 -0.7913785089  0.03088320818 -0.6105458894
47401 -0.7954295185  0.03099760952 -0.605252864
47501 -0.7994451574  0.03111130636 -0.5999329353
47601 -0.8034252474  0.03122428959 -0.5945863398
47701 -0.8073696116  0.03133655013 -0.5892133152
47801 -0.8112780748  0.03144807887 -0.5838141003
47901 -0.8151504633  0.03155886676 -0.5783889349
48001 -0.8189866052  0.03166890472 -0.5729380604
48101 -0.8227863299  0.03177818373 -0.5674617189
48201 -0.8265494687  0.03188669474 -0.5619601538
48301 -0.8302758545  0.03199442874 -0.5564336097
48401 -0.8339653216  0.03210137674 -0.5508823323
48501 -0.8376177062  0.03220752973 -0.5453065681
48601 -0.8412328461  0.03231287877 -0.5397065652
48701 -0.8448105806  0.0324174149 -0.5340825723
48801 -0.8483507509  0.03252112918 -0.5284348395
48901 -0.8518531996  0.03262401271 -0.5227636178
49001 -0.8553177713  0.03272605658 -0.5170691592
49101 -0.8587443119  0.03282725193 -0.5113517168
49201 -0.8621326693  0.03292758989 -0.5056115449
49301 -0.8654826931  0.03302706164 -0.4998488984
49401 -0.8687942343  0.03312565836 -0.4940640335
49501 -0.8720671459  0.03322337125 -0.4882572074
49601 -0.8753012826  0.03332019156 -0.4824286781
49701 -0.8784965007  0.03341611053 -0.4765787048
49801 -0.8816526582  0.03351111945 -0.4707075473
49901 -0.8847696151  0.03360520962 -0.4648154668
50001 -0.8878472328  0.03369837236 -0.4589027249
50101 -0.8908853746  0.03379059903 -0.4529695847
50201 -0.8938839058  0.03388188101 -0.4470163097
50301 -0.896842693  0.0339722097 -0.4410431646
50401 -0.8997616048  0.03406157654 -0.4350504149
50501 -0.9026405117  0.03414997299 -0.4290383269
50601 -0.9054792858  0.03423739054 -0.4230071678
50701 -0.9082778011  0.0343238207 -0.4169572057
50801 -0.9110359332  0.03440925503 -0.4108887095
50901 -0.9137535596  0.0344936851 -0.404801949
51001 -0.9164305598  0.03457710252 -0.3986971947
51101 -0.9190668148  0.03465949893 -0.3925747178
51201 -0.9216622075  0.03474086601 -0.3864347906
51301 -0.9242166228  0.03482119546 -0.380277686
51401 -0.9267299472  0.03490047901 -0.3741036775
51501 -0.9292020691  0.03497870844 -0.3679130396
51601 -0.9316328787  0.03505587556 -0.3617060476
51701 -0.9340222682  0.03513197219 -0.3554829771
51801 -0.9363701314  0.03520699023 -0.349244105
51901 -0.9386763641  0.03528092158 -0.3429897083
52001 -0.9409408639  0.03535375818 -0.3367200652
52101 -0.9431635304  0.03542549203 -0.3304354544
52201 -0.9453442647  0.03549611514 -0.324136155
52301 -0.9474829702  0.03556561958 -0.3178224472
52401 -0.9495795518  0.03563399745 -0.3114946115
52501 -0.9516339166  0.03570124088 -0.3051529292
52601 -0.9536459733  0.03576734206 -0.2987976821
52701 -0.9556156326  0.0358322932 -0.2924291528
52801 -0.9575428072  0.03589608656 -0.2860476243
52901 -0.9594274114  0.03595871445 -0.2796533803
53001 -0.9612693617  0.0360201692 -0.2732467049
53101 -0.9630685763  0.03608044322 -0.2668278828
53201 -0.9648249753  0.03613952892 -0.2603971995
53301 -0.9665384809  0.03619741877 -0.2539549407
53401 -0.9682090169  0.03625410531 -0.2475013927
53501 -0.9698365094  0.03630958109 -0.2410368425
53601 -0.971420886  0.03636383871 -0.2345615772
53701 -0.9729620765  0.03641687084 -0.2280758848
53801 -0.9744600125  0.03646867017 -0.2215800535
53901 -0.9759146276  0.03651922945 -0.215074372
54001 -0.9773258573  0.03656854148 -0.2085591295
54101 -0.9786936389  0.03661659911 -0.2020346156
54201 -0.9800179118  0.03666339521 -0.1955011202
54301 -0.9812986173  0.03670892274 -0.1889589338
54401 -0.9825356986  0.03675317469 -0.182408347
54501 -0.9837291009  0.03679614409 -0.1758496512
54601 -0.9848787712  0.03683782405 -0.1692831378
54701 -0.9859846586  0.0368782077 -0.1627090986
54801 -0.9870467141  0.03691728824 -0.1561278259
54901 -0.9880648906  0.03695505892 -0.1495396121
55001 -0.989039143  0.03699151304 -0.1429447502
55101 -0.9899694281  0.03702664396 -0.1363435331
55201 -0.9908557048  0.03706044508 -0.1297362544
55301 -0.9916979337  0.03709290987 -0.1231232076
55401 -0.9924960777  0.03712403184 -0.1165046868
55501 -0.9932501013  0.03715380457 -0.1098809861
55601 -0.9939599712  0.03718222169 -0.1032523999
55701 -0.994625656  0.03720927689 -0.09661922281
55801 -0.9952471262  0.0372349639 -0.08998174966
55901 -0.9958243544  0.03725927653 -0.08334027546
56001 -0.9963573151  0.03728220864 -0.07669509542
56101 -0.9968459846  0.03730375415 -0.07004650488
56201 -0.9972903416  0.03732390702 -0.06339479936
56301 -0.9976903662  0.03734266131 -0.05674027451
56401 -0.998046041  0.0373600111 -0.0500832261
56501 -0.9983573503  0.03737595055 -0.04342395001
56601 -0.9986242803  0.03739047389 -0.03676274223
56701 -0.9988468194  0.03740357537 -0.03009989883
56801 -0.9990249578  0.03741524936 -0.02343571595
56901 -0.9991586878  0.03742549025 -0.0167704898
57001 -0.9992480035  0.03743429251 -0.01010451662
57101 -0.9992929012  0.03744165067 -0.003438092686
57201 -0.9992933789  0.03744755932 0.003228485686
57301 -0.9992494369  0.03745201312 0.009894922194
57401 -0.9991610773  0.03745500679 0.01656092053
57501 -0.9990283041  0.03745653513 0.02322618442
57601 -0.9988511233  0.03745659298 0.02989041761
57701 -0.9986295431  0.03745517527 0.03655332389
57801 -0.9983635734  0.03745227697 0.04321460713
57901 -0.9980532262  0.03744789316 0.04987397123
58001 -0.9976985154  0.03744201894 0.05653112023
58101 -0.997299457  0.0374346495 0.06318575822
58201 -0.9968560689  0.03742578011 0.06983758943
58301 -0.9963683709  0.03741540608 0.07648631821
58401 -0.9958363849  0.03740352282 0.08313164903
58501 -0.9952601346  0.0373901258 0.08977328655
58601 -0.9946396459  0.03737521053 0.09641093555
58701 -0.9939749464  0.03735877264 0.103044301
58801 -0.993266066  0.03734080779 0.1096730881
58901 -0.9925130362  0.03732131174 0.1162970022
59001 -0.9917158906  0.0373002803 0.1229157489
59101 -0.990874665  0.03727770938 0.129529034
59201 -0.9899893968  0.03725359492 0.1361365635
59301 -0.9890601255  0.03722793298 0.1427380439
59401 -0.9880868926  0.03720071965 0.1493331816
59501 -0.9870697415  0.03717195114 0.1559216835
59601 -0.9860087177  0.03714162369 0.1625032568
59701 -0.9849038683  0.03710973363 0.169077609
59801 -0.9837552427  0.03707627739 0.1756444479
59901 -0.9825628921  0.03704125144 0.1822034815
60001 -0.9813268697  0.03700465234 0.1887544184
60101 -0.9800472306  0.03696647673 0.1952969673
60201 -0.9787240317  0.03692672131 0.2018308376
60301 -0.9773573321  0.03688538289 0.2083557387
60401 -0.9759471927  0.03684245832 0.2148713807
60501 -0.9744936764  0.03679794455 0.2213774739
60601 -0.9729968478  0.03675183861 0.2278737292
60701 -0.9714567738  0.03670413758 0.2343598579
60801 -0.9698735228  0.03665483865 0.2408355716
60901 -0.9682471655  0.03660393909 0.2473005826
61001 -0.9665777743  0.03655143622 0.2537546035
61101 -0.9648654235  0.03649732746 0.2601973473
61201 -0.9631101895  0.03644161031 0.2666285279
61301 -0.9613121504  0.03638428234 0.2730478592
61401 -0.9594713863  0.03632534122 0.2794550561
61501 -0.9575879792  0.03626478468 0.2858498337
61601 -0.955662013  0.03620261054 0.2922319077
61701 -0.9536935734  0.03613881671 0.2986009946
61801 -0.9516827481  0.03607340116 0.3049568112
61901 -0.9496296266  0.03600636197 0.3112990751
62001 -0.9475343004  0.03593769727 0.3176275043
62101 -0.9453968627  0.03586740531 0.3239418176
62201 -0.9432174088  0.03579548439 0.3302417343
62301 -0.9409960356  0.03572193292 0.3365269744
62401 -0.9387328421  0.03564674937 0.3427972586
62501 -0.9364279289  0.0355699323 0.3490523081
62601 -0.9340813989  0.03549148038 0.355291845
62701 -0.9316933563  0.03541139233 0.3615155918
62801 -0.9292639075  0.03532966697 0.3677232721
62901 -0.9267931607  0.0352463032 0.3739146098
63001 -0.9242812258  0.03516130002 0.3800893298
63101 -0.9217282147  0.03507465649 0.3862471576
63201 -0.9191342409  0.03498637178 0.3923878195
63301 -0.9164994201  0.03489644513 0.3985110427
63401 -0.9138238693  0.03480487588 0.4046165549
63501 -0.9111077078  0.03471166344 0.4107040848
63601 -0.9083510563  0.03461680733 0.4167733618
63701 -0.9055540377  0.03452030713 0.4228241161
63801 -0.9027167764  0.03442216252 0.4288560789
63901 -0.8998393986  0.03432237327 0.4348689819
64001 -0.8969220324  0.03422093923 0.440862558
64101 -0.8939648077  0.03411786036 0.4468365408
64201 -0.8909678561  0.03401313667 0.4527906646
64301 -0.8879313108  0.03390676829 0.458724665
64401 -0.8848553072  0.03379875543 0.4646382781
64501 -0.881739982  0.03368909838 0.4705312411
64601 -0.8785854738  0.03357779753 0.4764032921
64701 -0.8753919231  0.03346485334 0.48225417
64801 -0.872159472  0.03335026639 0.4880836149
64901 -0.8688882643  0.03323403733 0.4938913676
65001 -0.8655784455  0.0331161669 0.4996771699
65101 -0.862230163  0.03299665592 0.5054407648
65201 -0.8588435657  0.03287550533 0.5111818961
65301 -0.8554188042  0.03275271613 0.5169003085
65401 -0.8519560311  0.03262828943 0.5225957479
65501 -0.8484554004  0.03250222642 0.5282679612
65601 -0.8449170677  0.03237452837 0.5339166963
65701 -0.8413411906  0.03224519667 0.539541702
65801 -0.8377279282  0.03211423277 0.5451427285
65901 -0.8340774412  0.03198163824 0.5507195266
66001 -0.830389892  0.03184741471 0.5562718486
66101 -0.8266654446  0.03171156393 0.5617994476
66201 -0.8229042649  0.03157408772 0.567302078
66301 -0.8191065201  0.03143498799 0.5727794953
66401 -0.8152723792  0.03129426677 0.5782314559
66501 -0.8114020128  0.03115192615 0.5836577175
66601 -0.8074955929  0.03100796833 0.589058039
66701 -0.8035532936  0.03086239559 0.5944321803
66801 -0.79957529  0.03071521031 0.5997799025
66901 -0.7955617592  0.03056641495 0.605100968
67001 -0.7915128798  0.03041601208 0.6103951403
67101 -0.7874288318  0.03026400435 0.615662184
67201 -0.783309797  0.03011039451 0.6209018651
67301 -0.7791559585  0.02995518538 0.6261139507
67401 -0.7749675012  0.02979837991 0.631298209
67501 -0.7707446113  0.02963998111 0.6364544097
67601 -0.7664874768  0.02947999209 0.6415823237
67701 -0.7621962869  0.02931841605 0.6466817229
67801 -0.7578712327  0.02915525631 0.6517523807
67901 -0.7535125064  0.02899051624 0.6567940718
68001 -0.7491203019  0.02882419933 0.661806572
68101 -0.7446948147  0.02865630916 0.6667896586
68201 -0.7402362416  0.02848684938 0.6717431102
68301 -0.7357447809  0.02831582376 0.6766667064
68401 -0.7312206323  0.02814323615 0.6815602285
68501 -0.7266639972  0.0279690905 0.686423459
68601 -0.7220750782  0.02779339084 0.6912561818
68701 -0.7174540794  0.0276161413 0.6960581819
68801 -0.7128012064  0.0274373461 0.7008292461
68901 -0.7081166661  0.02725700955 0.7055691622
69001 -0.7034006668  0.02707513606 0.7102777196
69101 -0.6986534184  0.02689173013 0.7149547089
69201 -0.6938751319  0.02670679634 0.7195999224
69301 -0.68906602  0.02652033938 0.7242131535
69401 -0.6842262965  0.02633236403 0.7287941972
69501 -0.6793561766  0.02614287514 0.7333428498
69601 -0.674455877  0.02595187768 0.7378589093
69701 -0.6695256156  0.02575937669 0.7423421749
69801 -0.6645656117  0.02556537732 0.7467924472
69901 -0.6595760859  0.02536988481 0.7512095286
70001 -0.65455726  0.02517290447 0.7555932227
70101 -0.6495093574  0.02497444172 0.7599433346
70201 -0.6444326026  0.02477450207 0.7642596711
70301 -0.6393272212  0.02457309112 0.7685420401
70401 -0.6341934404  0.02437021457 0.7727902515
70501 -0.6290314884  0.02416587818 0.7770041164
70601 -0.6238415949  0.02396008784 0.7811834475
70701 -0.6186239907  0.02375284952 0.785328059
70801 -0.6133789078  0.02354416925 0.7894377668
70901 -0.6081065794  0.0233340532 0.7935123881
71001 -0.6028072401  0.02312250759 0.7975517418
71101 -0.5974811255  0.02290953876 0.8015556485
71201 -0.5921284725  0.02269515312 0.8055239302
71301 -0.5867495191  0.02247935717 0.8094564104
71401 -0.5813445045  0.02226215751 0.8133529144
71501 -0.5759136691  0.02204356083 0.8172132691
71601 -0.5704572544  0.02182357391 0.8210373027
71701 -0.5649755031  0.02160220361 0.8248248454
71801 -0.5594686589  0.02137945689 0.8285757289
71901 -0.5539369668  0.02115534078 0.8322897863
72001 -0.5483806726  0.02092986243 0.8359668527
72101 -0.5428000235  0.02070302905 0.8396067645
72201 -0.5371952677  0.02047484796 0.8432093601
72301 -0.5315666544  0.02024532655 0.8467744792
72401 -0.5259144339  0.02001447231 0.8503019635
72501 -0.5202388576  0.01978229282 0.8537916561
72601 -0.5145401777  0.01954879573 0.8572434019
72701 -0.5088186478  0.0193139888 0.8606570475
72801 -0.5030745223  0.01907787987 0.8640324413
72901 -0.4973080565  0.01884047685 0.867369433
73001 -0.4915195069  0.01860178776 0.8706678746
73101 -0.485709131  0.0183618207 0.8739276192
73201 -0.479877187  0.01812058385 0.8771485221
73301 -0.4740239343  0.01787808547 0.8803304401
73401 -0.4681496331  0.01763433393 0.8834732318
73501 -0.4622545448  0.01738933767 0.8865767574
73601 -0.4563389313  0.01714310521 0.8896408791
73701 -0.4504030558  0.01689564517 0.8926654606
73801 -0.4444471821  0.01664696623 0.8956503675
73901 -0.4384715751  0.01639707718 0.8985954672
74001 -0.4324765006  0.01614598688 0.9015006287
74101 -0.426462225  0.01589370429 0.9043657229
74201 -0.4204290159  0.01564023843 0.9071906225
74301 -0.4143771414  0.01538559842 0.9099752019
74401 -0.4083068706  0.01512979345 0.9127193373
74501 -0.4022184735  0.01487283281 0.9154229069
74601 -0.3961122208  0.01461472587 0.9180857903
74701 -0.3899883839  0.01435548205 0.9207078693
74801 -0.3838472351  0.01409511089 0.9232890273
74901 -0.3776890476  0.01383362201 0.9258291496
75001 -0.3715140951  0.01357102507 0.9283281233
75101 -0.3653226521  0.01330732987 0.9307858373
75201 -0.359114994  0.01304254623 0.9332021823
75301 -0.3528913967  0.0127766841 0.9355770511
75401 -0.3466521369  0.01250975348 0.9379103379
75501 -0.3403974922  0.01224176447 0.9402019392
75601 -0.3341277404  0.01197272722 0.9424517531
75701 -0.3278431605  0.01170265198 0.9446596795
75801 -0.3215440318  0.01143154907 0.9468256203
75901 -0.3152306344  0.0111594289 0.9489494793
76001 -0.3089032489  0.01088630195 0.9510311621
76101 -0.3025621568  0.01061217876 0.9530705761
76201 -0.2962076398  0.01033706997 0.9550676306
76301 -0.2898399806  0.01006098629 0.957022237
76401 -0.2834594622  0.009783938502 0.9589343084
76501 -0.2770663683  0.009505937462 0.9608037597
76601 -0.2706609831  0.009226994103 0.9626305079
76701 -0.2642435915  0.008947119435 0.9644144718
76801 -0.2578144786  0.008666324537 0.9661555721
76901 -0.2513739304  0.008384620566 0.9678537313
77001 -0.2449222332  0.00810201875 0.9695088741
77101 -0.2384596737  0.007818530389 0.9711209269
77201 -0.2319865393  0.007534166857 0.9726898179
77301 -0.2255031179  0.007248939599 0.9742154776
77401 -0.2190096975  0.006962860131 0.9756978379
77501 -0.2125065669  0.00667594004 0.9771368332
77601 -0.2059940152  0.006388190984 0.9785323994
77701 -0.199472332  0.006099624689 0.9798844745
77801 -0.1929418071  0.005810252954 0.9811929984
77901 -0.1864027308  0.005520087643 0.9824579129
78001 -0.1798553939  0.005229140691 0.9836791618
78101 -0.1733000875  0.004937424101 0.9848566909
78201 -0.1667371028  0.004644949941 0.9859904477
78301 -0.1601667318  0.00435173035 0.987080382
78401 -0.1535892665  0.00405777753 0.9881264452
78501 -0.1470049992  0.003763103751 0.9891285909
78601 -0.1404142228  0.003467721347 0.9900867745
78701 -0.1338172301  0.003171642719 0.9910009534
78801 -0.1272143144  0.00287488033 0.991871087
78901 -0.1206057693  0.002577446709 0.9926971367
79001 -0.1139918885  0.002279354447 0.9934790657
79101 -0.107372966  0.001980616199 0.9942168392
79201 -0.1007492961  0.001681244682 0.9949104245
79301 -0.09412117321  0.001381252674 0.9955597907
79401 -0.08748889193  0.001080653016 0.996164909
79501 -0.08085274712  0.000779458607 0.9967257525
79601 -0.07421303375  0.0004776824087 0.9972422963
79701 -0.06757004697  0.0001753374412 0.9977145173
79801 -0.06092408207  -0.000127563216 0.9981423946
79901 -0.05427543448  -0.0004310064253 0.9985259092
80001 -0.04762439973  -0.0007349789908 0.9988650441
80101 -0.04097127347  -0.001039467659 0.9991597841
80201 -0.03431635143  -0.001344459122 0.9994101162
80301 -0.02765992942  -0.001649940011 0.9996160293
80401 -0.02100230333  -0.001955896907 0.9997775141
80501 -0.01434376909  -0.002262316332 0.9998945635
80601 -0.007684622658  -0.002569184755 0.9999671724
80701 -0.001025160039  -0.002876488592 0.9999953374
80801 0.005634322763  -0.003184214205 0.9999790574
80901 0.01229352974  -0.003492347904 0.999918333
81001 0.0189521649  -0.003800875945 0.9998131669
81101 0.02560993227  -0.004109784535 0.9996635639
81201 0.03226653594  -0.00441905983 0.9994695306
81301 0.03892168002  -0.004728687934 0.9992310755
81401 0.04557506871  -0.005038654904 0.9989482094
81501 0.05222640629  -0.005348946746 0.9986209447
81601 0.05887539712  -0.005659549419 0.9982492961
81701 0.06552174567  -0.005970448834 0.99783328
81801 0.07216515653  -0.006281630855 0.9973729149
81901 0.07880533443  -0.0065930813 0.9968682213
82001 0.08544198424  -0.006904785941 0.9963192216
82101 0.09207481098  -0.007216730504 0.9957259402
82201 0.09870351985  -0.007528900673 0.9950884035
82301 0.1053278162  -0.007841282087 0.9944066399
82401 0.1119474057  -0.00815386034 0.9936806796
82501 0.1185619941  -0.008466620988 0.9929105548
82601 0.1251712873  -0.00877954954 0.9920962999
82701 0.1317749918  -0.009092631469 0.991237951
82801 0.1383728138  -0.009405852204 0.9903355463
82901 0.1449644603  -0.009719197136 0.9893891259
83001 0.1515496383  -0.01003265162 0.9883987318
83101 0.1581280551  -0.01034620096 0.9873644081
83201 0.1646994183  -0.01065983044 0.9862862007
83301 0.1712634358  -0.01097352529 0.9851641575
83401 0.1778198161  -0.01128727072 0.9839983285
83501 0.1843682676  -0.01160105191 0.9827887655
83601 0.1909084993  -0.01191485397 0.9815355221
83701 0.1974402206  -0.012228662 0.9802386542
83801 0.2039631413  -0.01254246107 0.9788982193
83901 0.2104769713  -0.01285623621 0.977514277
84001 0.2169814213  -0.01316997241 0.9760868889
84101 0.2234762021  -0.01348365466 0.9746161183
84201 0.2299610252  -0.01379726787 0.9731020308
84301 0.2364356023  -0.01411079697 0.9715446934
84401 0.2428996458  -0.01442422683 0.9699441756
84501 0.2493528683  -0.0147375423 0.9683005483
84601 0.2557949831  -0.0150507282 0.9666138848
84701 0.2622257038  -0.01536376932 0.9648842598
84801 0.2686447448  -0.01567665044 0.9631117504
84901 0.2750518207  -0.0159893563 0.9612964352
85001 0.2814466469  -0.01630187162 0.9594383951
85101 0.2878289392  -0.01661418109 0.9575377124
85201 0.2941984139  -0.01692626938 0.9555944719
85301 0.300554788  -0.01723812114 0.9536087597
85401 0.3068977791  -0.017549721 0.9515806642
85501 0.3132271052  -0.01786105356 0.9495102755
85601 0.3195424852  -0.01817210341 0.9473976857
85701 0.3258436383  -0.01848285511 0.9452429886
85801 0.3321302847  -0.01879329322 0.9430462799
85901 0.3384021449  -0.01910340225 0.9408076575
86001 0.3446589402  -0.01941316673 0.9385272206
86101 0.3509003927  -0.01972257114 0.9362050708
86201 0.357126225  -0.02003159997 0.9338413112
86301 0.3633361604  -0.02034023768 0.9314360468
86401 0.369529923  -0.02064846873 0.9289893846
86501 0.3757072377  -0.02095627754 0.9265014333
86601 0.3818678298  -0.02126364854 0.9239723036
86701 0.3880114257  -0.02157056614 0.9214021078
86801 0.3941377524  -0.02187701475 0.9187909601
86901 0.4002465378  -0.02218297876 0.9161389766
87001 0.4063375102  -0.02248844254 0.9134462752
87101 0.4124103993  -0.02279339047 0.9107129756
87201 0.418464935  -0.02309780692 0.9079391992
87301 0.4245008484  -0.02340167623 0.9051250694
87401 0.4305178713  -0.02370498277 0.9022707112
87501 0.4365157363  -0.02400771088 0.8993762515
87601 0.4424941771  -0.02430984489 0.8964418189
87701 0.4484529279  -0.02461136915 0.8934675439
87801 0.454391724  -0.02491226799 0.8904535586
87901 0.4603103015  -0.02521252574 0.8873999971
88001 0.4662083976  -0.02551212672 0.884306995
88101 0.4720857501  -0.02581105527 0.8811746898
88201 0.4779420979  -0.02610929572 0.8780032208
88301 0.4837771808  -0.02640683239 0.8747927289
88401 0.4895907397  -0.02670364961 0.8715433567
88501 0.4953825162  -0.02699973172 0.8682552488
88601 0.501152253  -0.02729506306 0.8649285513
88701 0.5068996938  -0.02758962796 0.861563412
88801 0.5126245832  -0.02788341077 0.8581599805
88901 0.518326667  -0.02817639584 0.854718408
89001 0.5240056917  -0.02846856752 0.8512388476
89101 0.5296614052  -0.02875991019 0.8477214539
89201 0.5352935561  -0.02905040822 0.8441663832
89301 0.5409018942  -0.02934004598 0.8405737936
89401 0.5464861705  -0.02962880786 0.8369438447
89501 0.5520461368  -0.02991667828 0.8332766979
89601 0.5575815461  -0.03020364164 0.8295725161
89701 0.5630921526  -0.03048968236 0.825831464
89801 0.5685777115  -0.03077478489 0.8220537079
89901 0.574037979  -0.03105893367 0.8182394156
90001 0.5794727126  -0.03134211318 0.8143887568
90101 0.584881671  -0.03162430789 0.8105019026
90201 0.5902646138  -0.0319055023 0.8065790257
90301 0.5956213019  -0.03218568093 0.8026203004
90401 0.6009514974  -0.03246482831 0.7986259029
90501 0.6062549635  -0.03274292899 0.7945960104
90601 0.6115314647  -0.03301996754 0.7905308023
90701 0.6167807666  -0.03329592856 0.7864304592
90801 0.6220026359  -0.03357079666 0.7822951633
90901 0.6271968409  -0.03384455646 0.7781250984
91001 0.6323631507  -0.03411719264 0.7739204499
91101 0.637501336  -0.03438868986 0.7696814046
91201 0.6426111684  -0.03465903284 0.7654081511
91301 0.647692421  -0.03492820631 0.7611008791
91401 0.6527448682  -0.03519619502 0.7567597802
91501 0.6577682855  -0.03546298375 0.7523850472
91601 0.6627624499  -0.03572855733 0.7479768748
91701 0.6677271395  -0.03599290058 0.7435354586
91801 0.6726621338  -0.03625599838 0.7390609963
91901 0.6775672137  -0.03651783563 0.7345536866
92001 0.6824421614  -0.03677839725 0.7300137299
92101 0.6872867602  -0.03703766822 0.725441328
92201 0.6921007951  -0.03729563353 0.7208366841
92301 0.6968840522  -0.03755227819 0.7162000029
92401 0.7016363193  -0.03780758729 0.7115314904
92501 0.7063573851  -0.03806154591 0.7068313542
92601 0.7110470401  -0.0383141392 0.7020998031
92701 0.715705076  -0.03856535231 0.6973370475
92801 0.7203312859  -0.03881517047 0.692543299
92901 0.7249254645  -0.03906357891 0.6877187708
93001 0.7294874077  -0.03931056293 0.6828636772
93101 0.7340169129  -0.03955610785 0.6779782341
93201 0.738513779  -0.03980019903 0.6730626586
93301 0.7429778063  -0.04004282189 0.6681171692
93401 0.7474087967  -0.04028396188 0.6631419856
93501 0.7518065533  -0.04052360449 0.6581373291
93601 0.7561708809  -0.04076173527 0.653103422
93701 0.7605015857  -0.04099833979 0.6480404881
93801 0.7647984755  -0.04123340368 0.6429487525
93901 0.7690613594  -0.04146691263 0.6378284414
94001 0.7732900482  -0.04169885235 0.6326797824
94101 0.7774843541  -0.04192920861 0.6275030044
94201 0.781644091  -0.04215796725 0.6222983375
94301 0.7857690741  -0.04238511412 0.6170660129
94401 0.7898591203  -0.04261063515 0.6118062633
94501 0.793914048  -0.04283451632 0.6065193225
94601 0.7979336773  -0.04305674364 0.6012054253
94701 0.8019178296  -0.0432773032 0.5958648081
94801 0.8058663282  -0.04349618112 0.5904977082
94901 0.8097789976  -0.04371336359 0.585104364
95001 0.8136556643  -0.04392883686 0.5796850155
95101 0.8174961562  -0.04414258722 0.5742399033
95201 0.8213003027  -0.04435460103 0.5687692697
95301 0.8250679351  -0.04456486469 0.5632733576
95401 0.828798886  -0.04477336469 0.5577524113
95501 0.8324929899  -0.04498008755 0.5522066764
95601 0.8361500829  -0.04518501986 0.5466363991
95701 0.8397700025  -0.04538814827 0.5410418272
95801 0.8433525882  -0.0455894595 0.5354232094
95901 0.8468976809  -0.04578894032 0.5297807952
96001 0.8504051234  -0.04598657758 0.5241148355
96101 0.8538747598  -0.04618235817 0.5184255822
96201 0.8573064364  -0.04637626906 0.5127132881
96301 0.8607000007  -0.04656829728 0.5069782072
96401 0.8640553022  -0.04675842995 0.5012205942
96501 0.8673721919  -0.04694665421 0.4954407051
96601 0.8706505228  -0.04713295731 0.4896387969
96701 0.8738901493  -0.04731732656 0.4838151274
96801 0.8770909277  -0.04749974932 0.4779699554
96901 0.880252716  -0.04768021303 0.4721035408
97001 0.8833753739  -0.04785870522 0.4662161443
97101 0.8864587628  -0.04803521346 0.4603080275
97201 0.8895027459  -0.04820972542 0.4543794531
97301 0.8925071883  -0.04838222883 0.4484306845
97401 0.8954719565  -0.04855271148 0.4424619863
97501 0.8983969192  -0.04872116127 0.4364736235
97601 0.9012819465  -0.04888756615 0.4304658626
97701 0.9041269104  -0.04905191414 0.4244389703
97801 0.9069316849  -0.04921419337 0.4183932147
97901 0.9096961454  -0.049374392 0.4123288645
98001 0.9124201693  -0.04953249831 0.4062461891
98101 0.915103636  -0.04968850065 0.400145459
98201 0.9177464262  -0.04984238742 0.3940269453
98301 0.9203484229  -0.04999414715 0.3878909199
98401 0.9229095106  -0.0501437684 0.3817376556
98501 0.9254295758  -0.05029123986 0.3755674259
98601 0.9279085068  -0.05043655027 0.369380505
98701 0.9303461935  -0.05057968846 0.3631771679
98801 0.9327425281  -0.05072064334 0.3569576903
98901 0.9350974041  -0.05085940393 0.3507223488
99001 0.9374107172  -0.05099595931 0.3444714203
99101 0.9396823649  -0.05113029865 0.3382051827
99201 0.9419122465  -0.05126241121 0.3319239146
99301 0.9441002631  -0.05139228634 0.3256278952
99401 0.9462463178  -0.05151991348 0.3193174042
99501 0.9483503154  -0.05164528214 0.3129927222
99601 0.9504121627  -0.05176838196 0.3066541302
99701 0.9524317684  -0.05188920262 0.3003019101
99801 0.9544090429  -0.05200773394 0.2939363441
99901 0.9563438987  -0.05212396578 0.2875577152
