0 0.784602  -0 0.62
1 0.78573  -0.0647446 0.6151713553
11 0.7801302534  -0.1378716977 0.6102361695
21 0.7684692848  -0.2102107614 0.6043727278
31 0.7508300223  -0.2812501126 0.5976224993
41 0.7273372221  -0.3504873152 0.5900332255
51 0.6981570403  -0.4174326788 0.5816585818
61 0.663495858  -0.4816127224 0.572557798
71 0.6235988213  -0.5425735231 0.5627952399
81 0.5787481077  -0.5998839267 0.5524399536
91 0.5292609304  -0.6531385968 0.5415651771
101 0.4754872944  -0.7019608817 0.5302478227
111 0.4178075215  -0.7460054785 0.5185679329
121 0.3566295602  -0.7849608751 0.5066081142
131 0.2923861004  -0.8185515536 0.4944529527
141 0.2255315132  -0.8465399387 0.4821884163
151 0.1565386371  -0.8687280781 0.4699012465
161 0.08589543425  -0.8849590427 0.4576783446
171 0.01410153878  -0.8951180362 0.4456061577
181 -0.05833527673  -0.8991332074 0.4337700668
191 -0.1309026925  -0.8969761579 0.4222537829
201 -0.2030874652  -0.8886621434 0.4111387555
211 -0.2743790576  -0.8742499656 0.4005035961
221 -0.3442732497  -0.8538415561 0.3904235222
231 -0.412275705  -0.8275812559 0.3809698255
241 -0.4779054663  -0.7956547945 0.3722093676
251 -0.5406983579  -0.7582879757 0.3642041072
261 -0.600210268  -0.7157450814 0.3570106618
271 -0.6560202902  -0.6683270019 0.3506799073
281 -0.7077337003  -0.6163691077 0.3452566183
291 -0.7549847478  -0.5602388783 0.3407791511
301 -0.7974392431  -0.5003333021 0.3372791728
311 -0.8347969207  -0.4370760696 0.3347814371
321 -0.8667935632  -0.3709145762 0.3333036093
331 -0.89320287  -0.302316758 0.3328561415
341 -0.9138380575  -0.2317677825 0.3334421984
351 -0.9285531806  -0.159766617 0.3350576351
361 -0.9372441647  -0.0868224997 0.3376910263
371 -0.9398495417  -0.01345133785 0.3413237472
381 -0.9363508849  0.05982794092 0.3459301054
391 -0.9267729392  0.1324970588 0.3514775221
401 -0.9111834462  0.2040420535 0.3579267632
411 -0.889692665  0.2739569131 0.3652322159
421 -0.8624525926  0.3417471551 0.3733422124
431 -0.8296558883  0.4069333239 0.3821993942
441 -0.7915345119  0.4690543811 0.3917411187
451 -0.7483580824  0.5276709672 0.4018999017
461 -0.7004319715  0.5823685082 0.4126038947
471 -0.6480951439  0.6327601483 0.4237773935
481 -0.5917177594  0.6784894858 0.4353413729
491 -0.5316985554  0.7192330937 0.4472140463
501 -0.4684620265  0.7547028073 0.4593114438
511 -0.4024554225  0.7846477623 0.4715480061
521 -0.3341455846  0.8088561691 0.4838371896
531 -0.2640156444  0.8271568105 0.4960920786
541 -0.1925616059  0.8394202529 0.5082259999
551 -0.1202888385  0.8455597616 0.520153136
561 -0.04770850175  0.8455319144 0.5317891317
571 0.02466606921  0.8393369085 0.543051691
581 0.09632299467  0.8270185592 0.553861159
591 0.1667554706  0.8086639901 0.5641410854
601 0.2354653529  0.7844030167 0.5738187649
611 0.301966681  0.7544072286 0.5828257519
621 0.3657891145  0.7188887754 0.591098344
631 0.4264812599  0.6780988669 0.5985780331
641 0.4836138633  0.6323259956 0.6052119187
651 0.5367828458  0.5818938971 0.6109530825
661 0.5856121621  0.5271592598 0.6157609198
671 0.6297564598  0.4685092025 0.6196014271
681 0.6689035218  0.4063585364 0.6224474422
691 0.7027764749  0.3411468313 0.6242788366
701 0.7311357475  0.2733353064 0.6250826577
711 0.7537807647  0.2034035689 0.6248532203
721 0.7705513661  0.1318462211 0.6235921473
731 0.7813289393  0.05916936301 0.6213083575
741 0.7860372582  -0.01411298775 0.6180180032
751 0.7846430225  -0.08748253094 0.6137443556
761 0.7771560931  -0.1604203497 0.6085176402
771 0.7636294223  -0.2324105805 0.602374823
781 0.7441586795  -0.302944062 0.5953593495
791 0.7188815741  -0.3715219356 0.5875208368
801 0.6879768823  -0.4376591742 0.5789147232
811 0.6516631817  -0.5008880125 0.5696018755
821 0.6101973062  -0.560761255 0.5596481595
831 0.5638725292  -0.6168554394 0.5491239729
841 0.5130164893  -0.6687738312 0.5381037487
851 0.4579888732  -0.7161492298 0.5266654277
861 0.3991788714  -0.7586465655 0.5148899078
871 0.3370024263  -0.7959652696 0.502860472
881 0.2718992896  -0.8278413997 0.4906621988
891 0.2043299125  -0.854049507 0.4783813609
901 0.1347721892  -0.8744042305 0.4661048151
911 0.06371807665  -0.8887616082 0.4539193878
921 -0.008329884782  -0.8970200949 0.4419112607
931 -0.08086212557  -0.8991212811 0.4301653618
941 -0.1533656511  -0.8950503053 0.4187647645
951 -0.2253276697  -0.8848359598 0.4077900999
961 -0.2962392199  -0.8685504864 0.3973189867
971 -0.3655987695  -0.8463090661 0.3874254823
981 -0.4329157632  -0.8182690042 0.3781795589
991 -0.497714092  -0.7846286175 0.3696466085
1001 -0.5595354605  -0.7456258321 0.3618869808
1011 -0.6179426282  -0.7015365004 0.3549555562
1021 -0.6725225023  -0.6526724499 0.3489013572
1031 -0.7228890587  -0.5993792783 0.3437672026
1041 -0.7686860729  -0.5420339087 0.3395894037
1051 -0.8095896391  -0.481041924 0.3363975082
1061 -0.8453104611  -0.4168346983 0.334214091
1071 -0.8755958983  -0.3498663461 0.3330545943
1081 -0.9002317528  -0.28061051 0.3329272187
1091 -0.9190437841  -0.2095570116 0.3338328651
1101 -0.9318989416  -0.1372083864 0.3357651283
1111 -0.9387063055  -0.06407632999 0.3387103422
1121 -0.93941773  0.009321921043 0.3426476768
1131 -0.9340281835  0.08246724749 0.347549285
1141 -0.9225757846  0.154842319 0.3533805001
1151 -0.9051415323  0.2259352528 0.3601000805
1161 -0.881848733  0.2952432344 0.3676605019
1171 -0.8528621285  0.3622760736 0.3760082928
1181 -0.818386731  0.4265596713 0.3850844131
1191 -0.778666373  0.4876393731 0.3948246717
1201 -0.7339819825  0.5450831843 0.4051601802
1211 -0.6846495965  0.5984848256 0.4160178403
1221 -0.6310181257  0.6474666067 0.4273208609
1231 -0.5734668866  0.6916820973 0.4389893008
1241 -0.5124029187  0.7308185773 0.4509406347
1251 -0.448258106  0.7645992486 0.4630903362
1261 -0.3814861221  0.792785193 0.4753524761
1271 -0.3125592216  0.8151770615 0.4876403299
1281 -0.2419649002  0.8316164849 0.4998669914
1291 -0.1702024465  0.8419871932 0.5119459871
1301 -0.09777941108  0.8462158384 0.5237918877
1311 -0.02520801633  0.844272513 0.5353209128
1321 0.04699846589  0.8361709619 0.5464515228
1331 0.1183293447  0.8219684845 0.557104996
1341 0.188280122  0.8017655304 0.5672059855
1351 0.2563560607  0.7757049879 0.5766830515
1361 0.3220756838  0.7439711743 0.5854691671
1371 0.3849741797  0.7067885318 0.5935021923
1381 0.4446066896  0.6644200402 0.6007253131
1391 0.5005514538  0.6171653569 0.6070874437
1401 0.5524127949  0.5653586977 0.6125435878
1411 0.5998239159  0.5093664729 0.6170551565
1421 0.6424494947  0.4495846958 0.6205902416
1431 0.6799880558  0.3864361818 0.6231238412
1441 0.7121741021  0.320367558 0.6246380361
1451 0.7387799931  0.2518461044 0.6251221172
1461 0.7596175548  0.1813564493 0.6245726609
1471 0.7745394104  0.1093971409 0.6229935531
1481 0.783440023  0.03647712205 0.6203959623
1491 0.7862564415  -0.03688786967 0.6167982598
1501 0.7829687464  -0.1101789496 0.6122258907
1511 0.7736001904  -0.1828777558 0.6067111931
1521 0.7582170338  -0.2544701153 0.6002931701
1531 0.7369280763  -0.3244496806 0.5930172132
1541 0.709883887  -0.3923215108 0.584934782
1551 0.6772757397  -0.4576055725 0.5761030398
1561 0.6393342603  -0.5198401344 0.5665844493
1571 0.5963277954  -0.5785850334 0.5564463313
1581 0.5485605142  -0.6334247874 0.5457603879
1591 0.4963702577  -0.6839715341 0.5346021958
1601 0.4401261491  -0.729867774 0.5230506718
1611 0.3802259827  -0.7707888991 0.5111875145
1621 0.3170934112  -0.8064454885 0.4990966266
1631 0.2511749487  -0.8365853554 0.4868635211
1641 0.1829368129  -0.8609953311 0.4745747174
1651 0.1128616279  -0.8795027719 0.4623171283
1661 0.04144501045  -0.8919767811 0.4501774462
1671 -0.03080793525  -0.898329134 0.4382415294
1681 -0.1033861899  -0.8985149023 0.4265937952
1691 -0.1757764333  -0.8925327717 0.4153166226
1701 -0.2474666752  -0.8804250512 0.4044897697
1711 -0.3179498761  -0.8622773741 0.39418981
1721 -0.3867275335  -0.838218092 0.3844895903
1731 -0.4533132077  -0.8084173671 0.3754577157
1741 -0.5172359619  -0.7730859689 0.3671580646
1751 -0.5780436933  -0.7324737834 0.3596493365
1761 -0.6353063307  -0.6868680456 0.3529846373
1771 -0.6886188759  -0.6365913082 0.3472111031
1781 -0.7376042684  -0.5819991601 0.3423695676
1791 -0.7819160521  -0.5234777118 0.3384942727
1801 -0.8212408257  -0.4614408641 0.3356126266
1811 -0.8553004591  -0.3963273811 0.3337450099
1821 -0.8838540609  -0.3285977868 0.3329046312
1831 -0.9066996818  -0.258731108 0.3330974343
1841 -0.923675743  -0.1872214863 0.3343220556
1851 -0.9346621791  -0.1145746834 0.3365698337
1861 -0.9395812869  -0.04130450381 0.3398248713
1871 -0.9383982758  0.03207083909 0.344064147
1881 -0.9311215128  0.1050323881 0.3492576784
1891 -0.9178024641  0.1770641125 0.3553687339
1901 -0.8985353307  0.2476565581 0.3623540929
1911 -0.8734563825  0.3163104502 0.3701643512
1921 -0.8427429942  0.3825402245 0.3787442705
1931 -0.8066123907  0.4458774619 0.388033169
1941 -0.7653201111  0.5058742011 0.3979653505
1951 -0.7191582014  0.5621061069 0.4084705693
1961 -0.6684531483  0.6141754714 0.419474527
1971 -0.613563571  0.6617140271 0.4308993975
1981 -0.554877684  0.7043855508 0.442664378
1991 -0.4928105519  0.7418882426 0.4546862604
2001 -0.4278011537  0.7739568596 0.4668800193
2011 -0.3603092779  0.8003645921 0.4791594139
2021 -0.2908122706  0.8209246681 0.4914375978
2031 -0.2198016597  0.8354916738 0.503627733
2041 -0.1477796781  0.8439625821 0.5156436044
2051 -0.07525571172  0.8462774817 0.5274002292
2061 -0.002742697051  0.8424200004 0.5388144583
2071 0.06924650706  0.8324174211 0.5498055641
2081 0.1402027464  0.8163404886 0.5602958116
2091 0.2096241727  0.7943029098 0.5702110081
2101 0.2770197927  0.7664605486 0.579481028
2111 0.3419129411  0.7330103246 0.5880403088
2121 0.4038446515  0.6941888194 0.5958283146
2131 0.462376903  0.6502706039 0.6027899645
2141 0.5170957176  0.6015662963 0.6088760218
2151 0.5676140885  0.5484203651 0.6140434428
2161 0.6135747172  0.4912086925 0.6182556807
2171 0.6546525404  0.4303359168 0.6214829443
2181 0.6905570293  0.3662325694 0.6237024085
2191 0.721034244  0.2993520308 0.6248983763
2201 0.7458686299  0.2301673235 0.6250623889
2211 0.7648845424  0.1591677664 0.6241932866
2221 0.7779474884  0.08685551426 0.6222972159
2231 0.7849650784  0.01374200619 0.619387587
2241 0.7858876795  -0.0596556518 0.6154849783
2251 0.7807087662  -0.132818344 0.6106169911
2261 0.7694649673  -0.2052286165 0.6048180546
2271 0.7522358059  -0.2763743371 0.5981291818
2281 0.7291431379  -0.345752317 0.59059768
2291 0.7003502895  -0.4128718703 0.5822768162
2301 0.666060902  -0.4772582842 0.57322544
2311 0.6265174922  -0.538456176 0.5635075674
2321 0.5819997364  -0.5960327146 0.5531919287
2331 0.5328224929  -0.6495806815 0.5423514814
2341 0.4793335747  -0.6987213505 0.5310628951
2351 0.4219112899  -0.7431071669 0.5194060087
2361 0.3609617659  -0.7824242054 0.5074632661
2371 0.2969160768  -0.8163943901 0.4953191326
2381 0.2302271951  -0.8447774618 0.4830594981
2391 0.1613667873  -0.8673726766 0.4707710694
2401 0.09082187852  -0.8840202264 0.4585407569
2411 0.01909140782  -0.8946023685 0.4464550599
2421 -0.05331730082  -0.8990442588 0.4345994549
2431 -0.1258921265  -0.897314481 0.4230577911
2441 -0.1981197732  -0.8894252689 0.4119116974
2451 -0.2694894008  -0.8754324195 0.4012400051
2461 -0.3394962373  -0.855434899 0.3911181899
2471 -0.4076451494  -0.8295741421 0.3816178389
2481 -0.4734541442  -0.7980330524 0.3728061436
2491 -0.5364577781  -0.7610347083 0.3647454251
2501 -0.5962104491  -0.7188407854 0.3574926931
2511 -0.6522895478  -0.671749706 0.3510992428
2521 -0.7042984469  -0.6200945279 0.3456102922
2531 -0.7518693061  -0.5642405894 0.3410646621
2541 -0.7946656738  -0.504582925 0.3374945016
2551 -0.8323848667  -0.4415434717 0.3349250607
2561 -0.8647601104  -0.3755680845 0.3333745121
2571 -0.8915624266  -0.3071233835 0.3328538219
2581 -0.9126022522  -0.2366934531 0.3333666728
2591 -0.9277307801  -0.1647764187 0.3349094376
2601 -0.9368410119  -0.09188092335 0.3374712051
2611 -0.9398685143  -0.01852253053 0.3410338571
2621 -0.936791875  0.05477992244 0.3455721965
2631 -0.9276328542  0.1275079939 0.3510541259
2641 -0.9124562306  0.1991473045 0.357440874
2651 -0.8913693432  0.2691911754 0.3646872703
2661 -0.8645213323  0.3371442117 0.3727420644
2671 -0.8321020844  0.4025258062 0.3815482885
2681 -0.7943408897  0.4648735384 0.3910436603
2691 -0.7515048197  0.5237464457 0.4011610233
2701 -0.703896839  0.5787281411 0.4118288221
2711 -0.651853662  0.6294297593 0.4229716083
2721 -0.5957433719  0.6754927059 0.4345105742
2731 -0.5359628168  0.7165911947 0.4463641099
2741 -0.4729348037  0.752434551 0.4584483809
2751 -0.4071051073  0.7827692677 0.4706779208
2761 -0.3389393179  0.8073807987 0.4829662356
2771 -0.2689195481  0.8260950755 0.4952264157
2781 -0.1975410228  0.8387797392 0.5073717506
2791 -0.1253085773  0.8453450759 0.519316342
2801 -0.05273308598  0.8457446516 0.5309757112
2811 0.01967215033  0.8399756405 0.542267397
2821 0.09139503501  0.828078845 0.5531115384
2831 0.1619282975  0.8101384073 0.5634314399
2841 0.2307730809  0.7862812138 0.5731541136
2851 0.2974424706  0.7566759982 0.5822107955
2861 0.3614649374  0.721532148 0.5905374318
2871 0.4223876732  0.6810982233 0.5980751322
2881 0.4797797931  0.635660199 0.6047705859
2891 0.5332353828  0.5855394424 0.6105764391
2901 0.5823763699  0.5310904399 0.6154516297
2911 0.6268551976  0.4726982901 0.6193616777
2921 0.6663572829  0.4107759802 0.6222789291
2931 0.7006032416  0.3457614647 0.6241827517
2941 0.729350864  0.2781145684 0.6250596804
2951 0.7523968284  0.2083137339 0.6249035133
2961 0.7695781388  0.1368526379 0.6237153548
2971 0.7807732779  0.06423669948 0.6215036082
2981 0.7859030664  -0.009020494516 0.6182839161
2991 0.784931223  -0.08240082179 0.61407905
3001 0.7778646213  -0.1553852892 0.608918749
3011 0.7647532406  -0.2274577034 0.6028395094
3021 0.7456898132  -0.2981083215 0.5958843269
3031 0.7208091678  -0.3668374568 0.5881023924
3041 0.6902872763  -0.4331590121 0.5795487437
3051 0.6543400092  -0.4966039187 0.570283877
3061 0.6132216086  -0.5567234528 0.5603733183
3071 0.5672228903  -0.6130924102 0.5498871605
3081 0.5166691868  -0.665312113 0.5388995673
3091 0.4619180465  -0.7130132296 0.5274882489
3101 0.4033567046  -0.7558583866 0.5157339122
3111 0.3413993447  -0.7935445552 0.5037196902
3121 0.276484169  -0.8258051942 0.491530554
3131 0.2090702993  -0.8524121352 0.4792527117
3141 0.1396345301  -0.8731771964 0.4669729989
3151 0.0686679556  -0.8879535136 0.4547782641
3161 -0.003327502829  -0.8966365788 0.4427547553
3171 -0.07584264703  -0.8991649793 0.430987509
3181 -0.1483646033  -0.8955208323 0.4195597495
3191 -0.2203804496  -0.8857299111 0.4085523003
3201 -0.2913808438  -0.8698614629 0.3980430117
3211 -0.3608636253  -0.8480277193 0.3881062112
3221 -0.4283373672  -0.8203831021 0.3788121772
3231 -0.4933248519  -0.7871231314 0.3702266421
3241 -0.5553664462  -0.7484830425 0.3624103274
3251 -0.6140233521  -0.7047361228 0.3554185143
3261 -0.6688807102  -0.6561917781 0.3493006526
3271 -0.7195505342  -0.6031933447 0.3441000112
3281 -0.7656744545  -0.5461156613 0.3398533717
3291 -0.8069262532  -0.4853624175 0.3365907688
3301 -0.8430141712  -0.4213632988 0.3343352772
3311 -0.8736829716  -0.3545709479 0.3331028491
3321 -0.8987157451  -0.2854577627 0.3329022008
3331 -0.9179354439  -0.2145125557 0.3337347514
3341 -0.9312061341  -0.1422370966 0.3355946127
3351 -0.9384339571  -0.06914256357 0.3384686307
3361 -0.9395677932  0.004254072326 0.3423364789
3371 -0.9345996234  0.07743370325 0.3471708017
3381 -0.9235645859  0.1498787562 0.3529374083
3391 -0.9065407278  0.2210768535 0.3595955139
3401 -0.8836484531  0.2905244369 0.3670980291
3411 -0.8550496707  0.3577303288 0.3753918918
3421 -0.82094665  0.4222192061 0.3844184436
3431 -0.7815805897  0.4835349626 0.3941138437
3441 -0.737229912  0.5412439341 0.404409521
3451 -0.6882082938  0.5949379659 0.4152326591
3461 -0.6348624476  0.6442372997 0.4265067108
3471 -0.5775696699  0.6887932592 0.43815194
3481 -0.5167351723  0.7282907163 0.4500859854
3491 -0.4527892157  0.76245032 0.4622244429
3501 -0.3861840673  0.7910304719 0.4744814629
3511 -0.3173908018  0.813829035 0.4867703572
3521 -0.2468959697  0.8306847636 0.499004212
3531 -0.1751981559  0.8414784434 0.511096503
3541 -0.1028044538  0.8461337349 0.522961707
3551 -0.03022687838  0.844617713 0.5345159069
3561 0.04202125477  0.8369411003 0.5456773852
3571 0.1134289602  0.8231581912 0.5563672018
3581 0.1834911965  0.8033664673 0.5665097528
3591 0.2517124382  0.7777059089 0.5760333044
3601 0.3176101807  0.746358004 0.584870501
3611 0.3807183526  0.7095444656 0.5929588412
3621 0.440590612  0.6675256629 0.6002411199
3631 0.4968035037  0.6205987801 0.606665833
3641 0.5489594539  0.5690957145 0.6121875413
3651 0.5966895818  0.5133807293 0.6167671924
3661 0.6396563094  0.4538478769 0.6203723966
3671 0.677555748  0.3909182122 0.6229776559
3681 0.7101198483  0.3250368144 0.6245645445
3691 0.7371182961  0.2566696395 0.6251218391
3701 0.7583601408  0.1863002244 0.6246455982
3711 0.7736951463  0.114426267 0.62313919
3721 0.7830148535  0.04155610645 0.6206132686
3731 0.7862533475  -0.03179487228 0.6170856988
3741 0.7833877234  -0.1051078836 0.6125814294
3751 0.7744382488  -0.1778644106 0.607132317
3761 0.75946822  -0.2495498719 0.6007769006
3771 0.7385835147  -0.3196572615 0.5935601293
3781 0.7119318429  -0.3876907346 0.5855330438
3791 0.6797017024  -0.4531691145 0.5767524161
3801 0.6421210454  -0.5156292956 0.5672803474
3811 0.5994556666  -0.574629519 0.5571838294
3821 0.5520073229  -0.6297524968 0.5465342699
3831 0.5001115996  -0.6806083636 0.5354069886
3841 0.4441355365  -0.7268374335 0.5238806834
3851 0.3844750324  -0.7681127447 0.5120368746
3861 0.3215520448  -0.804142371 0.4999593279
3871 0.2558116055  -0.8346714876 0.4877334624
3881 0.1877186732  -0.8594841723 0.4754457458
3891 0.117754845  -0.8784049337 0.4631830836
3901 0.04641494989  -0.8912999515 0.4510322038
3911 -0.02579645034  -0.8980780235 0.439079044
3921 -0.09836863027  -0.8986912103 0.4274081434
3931 -0.1707883128  -0.8931351748 0.4161020448
3941 -0.2425432993  -0.8814492123 0.4052407112
3951 -0.3131260925  -0.8637159731 0.3949009596
3961 -0.3820374854  -0.8400608777 0.3851559184
3971 -0.4487900924  -0.8106512296 0.3760745098
3981 -0.5129117962  -0.7756950324 0.3677209622
3991 -0.5739490869  -0.7354395183 0.3601543566
4001 -0.6314702695  -0.6901693999 0.353428208
4011 -0.6850685174  -0.640204856 0.3475900873
4021 -0.7343647494  -0.5858992676 0.342681285
4031 -0.7790103108  -0.5276367184 0.3387365186
4041 -0.8186894397  -0.4658292781 0.3357836877
4051 -0.8531214999  -0.4009140883 0.3338436763
4061 -0.8820629658  -0.3333502705 0.3329302053
4071 -0.9053091449  -0.263615679 0.333049735
4081 -0.9226956254  -0.1922035214 0.3342014203
4091 -0.934099439  -0.1196188698 0.3363771157
4101 -0.939439931  -0.04637508927 0.3395614335
4111 -0.93867933  0.02700979352 0.3437318526
4121 -0.9318230157  0.1000167539 0.3488588776
4131 -0.9189194805  0.17212944 0.3549062472
4141 -0.9000599867  0.2428378251 0.3618311913
4151 -0.8753779211  0.3116418142 0.3695847329
4161 -0.8450478513  0.3780547818 0.3781120349
4171 -0.8092842913  0.4416070129 0.3873527875
4181 -0.7683401841  0.5018490258 0.3972416352
4191 -0.7225051132  0.5583547503 0.4077086388
4201 -0.6721032538  0.6107245422 0.4186797699
4211 -0.6174910805  0.6585880089 0.4300774349
4221 -0.5590548461  0.7016066294 0.4418210233
4231 -0.4972078493  0.7394761489 0.4538274781
4241 -0.4323875122  0.7719287299 0.4660118832
4251 -0.3650522861  0.7987348473 0.478288064
4261 -0.2956784093  0.8197049112 0.4905691967
4271 -0.2247565387  0.8346906083 0.5027684226
4281 -0.1527882796  0.8435859503 0.5147994621
4291 -0.08028263812  0.8463280238 0.5265772252
4301 -0.007752420955  0.8428974355 0.5380184134
4311 0.0642893913  0.833318449 0.5490421083
4321 0.1353332724  0.8176588133 0.5595703445
4331 0.2048767541  0.7960292836 0.5695286606
4341 0.2724279801  0.7685828382 0.5788466261
4351 0.3375091843  0.7355135962 0.5874583392
4361 0.3996600704  0.6970554449 0.5953028934
4371 0.4584410673  0.6534803852 0.6023248077
4381 0.5134364378  0.6050966083 0.6084744193
4391 0.5642572191  0.5522463156 0.6137082349
4401 0.6105439737  0.4953032986 0.6179892382
4411 0.6519693319  0.4346702953 0.6212871515
4421 0.6882403067  0.3707761414 0.6235786503
4431 0.7191003665  0.3040727377 0.6248475279
4441 0.7443312488  0.2350318539 0.6250848101
4451 0.7637545045  0.1641417918 0.6242888186
4461 0.7772327599  0.09190393176 0.6224651832
4471 0.784670688  0.01882918664 0.6196268015
4481 0.7860156828  -0.05456561169 0.6157937483
4491 0.7812582317  -0.1277613677 0.6109931328
4501 0.7704319824  -0.2002403937 0.6052589075
4511 0.7536135051  -0.2714900711 0.5986316282
4521 0.7309217507  -0.3410064761 0.5911581663
4531 0.70251721  -0.4082979436 0.5828913783
4541 0.6686007782  -0.4728885447 0.5738897313
4551 0.629412334  -0.5343214529 0.5642168898
4561 0.5852290433  -0.5921621749 0.5539412654
4571 0.5363633989  -0.6460016234 0.5431355327
4581 0.4831610098  -0.695459011 0.5318761158
4591 0.4259981578  -0.7401845429 0.5202426473
4601 0.3652791351  -0.7798618909 0.5083174053
4611 0.3014333859  -0.814210431 0.4961847316
4621 0.2349124684  -0.8429872278 0.483930435
4631 0.1661868612  -0.865988753 0.4716411843
4641 0.09574263602  -0.8830523246 0.4594038959
4651 0.02407801981  -0.8940572577 0.4473051184
4661 -0.04830012922  -0.8989257178 0.4354304209
4671 -0.1208799062  -0.8976232717 0.4238637876
4681 -0.1931479804  -0.8901591307 0.4126870239
4691 -0.2645932254  -0.8765860856 0.401979178
4701 -0.3347103346  -0.8570001333 0.3918159815
4711 -0.4030033947  -0.8315397979 0.382269314
4721 -0.4689893932  -0.8003851507 0.3734066946
4731 -0.5322016349  -0.7637565371 0.3652908046
4741 -0.5921930421  -0.7219130176 0.3579790438
4751 -0.6485393171  -0.6751505363 0.3515231251
4761 -0.7008419429  -0.6237998269 0.3459687081
4771 -0.7487310018  -0.5682240743 0.3413550767
4781 -0.7918677915  -0.5088163455 0.3377148609
4791 -0.8299472212  -0.4459968098 0.3350738063
4801 -0.8626999687  -0.3802097669 0.3334505919
4811 -0.8898943856  -0.3119205046 0.3328566978
4821 -0.9113381357  -0.2416120081 0.3332963246
4831 -0.9268795552  -0.1697815438 0.3347663627
4841 -0.9364087252  -0.09693714268 0.3372564155
4851 -0.9398582495  -0.02359400669 0.3407488718
4861 -0.9372037311  0.04972913475 0.3452190312
4871 -0.9284639447  0.1225136936 0.3506352782
4881 -0.9137007037  0.1942448911 0.3569593063
4891 -0.8930184235  0.2644153984 0.3641463886
4901 -0.8665633828  0.332528925 0.372145694
4911 -0.8345226889  0.3981037285 0.3809006473
4921 -0.7971229542  0.4606760222 0.3903493287
4931 -0.7546286941  0.5198032549 0.4004249121
4941 -0.7073404556  0.5750672411 0.4110561374
4951 -0.6555926916  0.6260771188 0.422167815
4961 -0.599751396  0.6724721136 0.4336813571
4971 -0.5402115144  0.7139240906 0.4455153337
4981 -0.4773941516  0.7501398751 0.4575860486
4991 -0.4117435925  0.780863326 0.4698081312
5001 -0.3437241603  0.8058771478 0.4820951403
5011 -0.2738169325  0.8250044267 0.4943601757
5021 -0.2025163382  0.8381098828 0.5065164924
5031 -0.1303266613  0.8451008261 0.5184781144
5041 -0.05775847381  0.8459278124 0.5301604426
5051 0.01467497512  0.8405849931 0.5414808534
5061 0.08646138933  0.8291101561 0.5523592827
5071 0.1570930489  0.8115844593 0.5627187924
5081 0.2260704012  0.788131856 0.5724861145
5091 0.2929055936  0.7589182181 0.5815921693
5101 0.3571259247  0.7241501638 0.5899725538
5111 0.4182771867  0.6840735951 0.5975679974
5121 0.4759268784  0.6389719597 0.6043247812
5131 0.5296672639  0.5891642456 0.6101951173
5141 0.5791182566  0.5350027252 0.6151374878
5151 0.6239301069  0.4768704639 0.6191169375
5161 0.6637858767  0.4151786107 0.6221053216
5171 0.6984036801  0.3503634902 0.6240815046
5181 0.7275386777  0.282883517 0.6250315099
5191 0.7509848078  0.213215953 0.6249486185
5201 0.7685762444  0.1418535324 0.6238334167
5211 0.7801885694  0.06930097643 0.6216937919
5221 0.7857396528  -0.003928576429 0.6185448765
5231 0.7851902338  -0.07731719935 0.6144089415
5241 0.7785441983  -0.1503458405 0.6093152383
5251 0.765848551  -0.2224979941 0.6032997924
5261 0.747193084  -0.2932633534 0.5964051482
5271 0.7227097405  -0.36214142 0.5886800684
5281 0.6925716825  -0.4286450436 0.5801791889
5291 0.6569920657  -0.4923038675 0.5709626325
5301 0.6162225321  -0.5526676552 0.5610955836
5311 0.5705514299  -0.6093094748 0.5506478273
5321 0.5203017748  -0.6618287187 0.5396932558
5331 0.4658289644  -0.7098539366 0.5283093456
5341 0.4075182656  -0.753045463 0.51657661
5351 0.3457820891  -0.7910978192 0.504578029
5361 0.2810570729  -0.8237418741 0.4923984632
5371 0.213800994  -0.8507467476 0.480124053
5381 0.1444895306  -0.8719214436 0.4678416097
5391 0.07361289797  -0.8871162005 0.4556380011
5401 0.00167238122  -0.8962235508 0.4435995379
5411 -0.07082321004  -0.8991790812 0.4318113626
5421 -0.1433611404  -0.8959618878 0.4203568473
5431 -0.2154283749  -0.8865947242 0.4093170047
5441 -0.2865152077  -0.8711438406 0.3987699145
5451 -0.3561188672  -0.8497185153 0.3887901712
5461 -0.4237470714  -0.8224702814 0.3794483572
5471 -0.4889215103  -0.7895918556 0.3708105425
5481 -0.5511812283  -0.7513157747 0.3629378187
5491 -0.6100858848  -0.7079127516 0.3558858657
5501 -0.6652188682  -0.6596897597 0.3497045588
5511 -0.7161902426  -0.6069878627 0.3444376155
5521 -0.7626395059  -0.5501798019 0.3401222864
5531 -0.804238139  -0.4896673599 0.336789092
5541 -0.8406919298  -0.4258785192 0.3344616063
5551 -0.8717430537  -0.3592644352 0.3331562905
5561 -0.8971718974  -0.2902962451 0.3328823767
5571 -0.9167986118  -0.2194617357 0.3336418019
5581 -0.9304843844  -0.1472618939 0.3354291953
5591 -0.9381324207  -0.07420736307 0.3382319152
5601 -0.9396886291  -0.0008148313195 0.3420301395
5611 -0.9351420033  0.07239662254 0.3467970051
5621 -0.9245247001  0.1449092004 0.352498798
5631 -0.9079118121  0.2162100471 0.3590951922
5641 -0.8854208365  0.2857948776 0.3665395343
5651 -0.8572108443  0.3531715435 0.3747791741
5661 -0.8234813547  0.4178635142 0.3837558364
5671 -0.7844709248  0.4794132467 0.3934060332
5681 -0.7404554616  0.5373854222 0.4036615134
5691 -0.691746271  0.5913700244 0.4144497446
5701 -0.6386878559  0.64098524 0.4256944266
5711 -0.5816554799  0.6858801584 0.4373160311
5721 -0.5210525128  0.7257372544 0.4492323637
5731 -0.457307578  0.7602746331 0.4613591457
5741 -0.390871521  0.7892480245 0.4736106101
5751 -0.3222142204  0.8124525102 0.4859001078
5761 -0.2518212653  0.8297239736 0.498140721
5771 -0.18019052  0.8409402601 0.5102458775
5781 -0.1078286034  0.8460220411 0.522129963
5791 -0.03524730589  0.8449333753 0.5337089269
5801 0.03704003077  0.8376819628 0.5449008766
5811 0.1085221438  0.8243190904 0.5556266566
5821 0.1786934655  0.8049392692 0.5658104084
5831 0.247057699  0.7796795661 0.575380107
5841 0.3131313283  0.7487186342 0.5842680704
5851 0.3764470379  0.7122754493 0.5924114381
5861 0.4365570182  0.6706077614 0.5997526158
5871 0.4930361327  0.6240102714 0.6062396829
5881 0.5454849245  0.5728125469 0.6118267591
5891 0.593532442  0.5173766915 0.6164743299
5901 0.636838862  0.4580947834 0.6201495249
5911 0.6750978936  0.3953861027 0.6228263514
5921 0.7080389441  0.3296941656 0.6244858772
5931 0.7354290331  0.2614835882 0.6251163654
5941 0.7570744404  0.1912367998 0.6247133568
5951 0.7728220754  0.119450631 0.6232797017
5961 0.7825605607  0.04663280005 0.6208255397
5971 0.7862210195  -0.02670167817 0.6173682279
5981 0.7837775626  -0.1000341348 0.6129322183
5991 0.7752474715  -0.1728459153 0.6075488848
6001 0.7606910767  -0.2446220477 0.6012563011
6011 0.7402113301  -0.3148548846 0.5940989719
6021 0.7139530778  -0.383047694 0.5861275175
6031 0.682102035  -0.4487181721 0.5773983165
6041 0.6448834727  -0.5114018548 0.5679731063
6051 0.6025606245  -0.5706554025 0.5579185473
6061 0.5554328249  -0.6260597356 0.5473057505
6071 0.5038333919  -0.6772229987 0.5362097755
6081 0.4481272699  -0.7237833319 0.5247090988
6091 0.3887084485  -0.7654114303 0.5128850596
6101 0.3259971758  -0.8018128729 0.5008212837
6111 0.2604369862  -0.8327302048 0.4886030927
6121 0.1924915637  -0.8579447584 0.4763169002
6131 0.1226414619  -0.8772781998 0.4640496007
6141 0.0513807056  -0.8905937901 0.4518879552
6151 -0.02078670317  -0.8977973525 0.4399179774
6161 -0.09335035013  -0.8988379383 0.4282243253
6171 -0.1657970185  -0.8937081874 0.4168897029
6181 -0.2376143189  -0.8824443804 0.4059942746
6191 -0.3082943132  -0.8651261816 0.3956150988
6201 -0.3773371069  -0.8418760761 0.3858255826
6211 -0.4442543853  -0.8128585032 0.3766949627
6221 -0.5085728661  -0.7782786934 0.3682878157
6231 -0.5698376479  -0.738381217 0.3606636016
6241 -0.6276154267  -0.693448254 0.3538762428
6251 -0.6814975611  -0.6437975989 0.3479737432
6261 -0.7311029619  -0.5897804126 0.3429978485
6271 -0.776080788  -0.5317787389 0.3389837509
6281 -0.8161129273  -0.4702028026 0.3359598402
6291 -0.850916247  -0.4054881079 0.3339475032
6301 -0.8802445957  -0.3380923583 0.3329609722
6311 -0.9038905446  -0.2684922193 0.3330072244
6321 -0.9216868545  -0.1971799477 0.3340859327
6331 -0.9335076586  -0.1246599091 0.336189468
6341 -0.9392693527  -0.05144501153 0.3393029529
6351 -0.9389311866  0.02194692257 0.3434043671
6361 -0.9324955523  0.09499681866 0.3484647033
6371 -0.9200079667  0.1671880213 0.354448172
6381 -0.9015567505  0.2380099482 0.361312455
6391 -0.8772724027  0.3069617016 0.3690090043
6401 -0.8473266779  0.3735556108 0.3774833858
6411 -0.811931372  0.437320681 0.386675664
6421 -0.7713368233  0.4978059252 0.3965208264
6431 -0.7258301431  0.5545835531 0.4069492426
6441 -0.6757331839  0.6072519972 0.4178871571
6451 -0.621400264  0.6554387526 0.4292572113
6461 -0.563215661  0.6988030121 0.4409789899
6471 -0.501590894  0.7370380759 0.4529695903
6481 -0.4369618132  0.7698735215 0.4651442085
6491 -0.3697855174  0.7970771157 0.477416739
6501 -0.3005371208  0.8184564576 0.4897003839
6511 -0.2297063927  0.833860339 0.5019082667
6521 -0.1577942939  0.8431798141 0.5139540465
6531 -0.08530943331  0.8463489697 0.5257525293
6541 -0.0127644706  0.8433453919 0.5372202698
6551 0.05932750933  0.8341903241 0.5482761619
6561 0.1304566254  0.8189485173 0.5588420125
6571 0.2001198066  0.7977277714 0.5688430942
6581 0.2678243498  0.7706781735 0.5782086739
6591 0.3330914049  0.737991036 0.5868725132
6601 0.3954593609  0.6998975437 0.5947733368
6611 0.4544871115  0.6566671184 0.6018552658
6621 0.5097571743  0.6086055139 0.6080682131
6631 0.5608786436  0.5560526528 0.6133682373
6641 0.6074899555  0.4993802231 0.6177178537
6651 0.6492614445  0.4389890489 0.6210862996
6661 0.6858976758  0.3753062558 0.6234497515
6671 0.7171395343  0.3087822495 0.6247914938
6681 0.7427660573  0.239887531 0.625102037
6691 0.7625959974  0.1691093682 0.6243791847
6701 0.7764891046  0.09694835013 0.6226280493
6711 0.7843471177  0.02391484614 0.6198610159
6721 0.7861144598  -0.04947460356 0.6160976543
6731 0.781778631  -0.1227009413 0.6113645812
6741 0.7713702971  -0.1952462631 0.6056952712
6751 0.7549630724  -0.2665974814 0.5991298209
6761 0.7326729993  -0.3362499543 0.5917146646
6771 0.7046577277  -0.4037110544 0.5835022462
6781 0.6711153995  -0.468503653 0.5745506486
6791 0.6322832475  -0.5301694949 0.564923182
6801 0.5884359178  -0.5882724393 0.5546879373
6811 0.5398835269  -0.6424015445 0.5439173034
6821 0.4869694685  -0.6921739744 0.5326874562
6831 0.4300679848  -0.7372377058 0.5210778192
6841 0.3695815198  -0.7772740187 0.5091705019
6851 0.3059378727  -0.8119997504 0.4970497193
6861 0.2395871723  -0.8411692975 0.4848011961
6871 0.1709986933  -0.8645763541 0.4725115605
6881 0.1006575378  -0.8820553699 0.4602677313
6891 0.02906120345  -0.8934827218 0.4481563035
6901 -0.04328393429  -0.8987775876 0.4362629356
6911 -0.1158662041  -0.8979025184 0.424671744
6921 -0.1881722575  -0.8908637028 0.4134647077
6931 -0.2596906996  -0.8777109234 0.402721089
6941 -0.3299157061  -0.8585372046 0.3925168724
6951 -0.3983506004  -0.833478155 0.3829242278
6961 -0.4645113671  -0.8027110079 0.3740109994
6971 -0.5279300747  -0.7664533677 0.3658402264
6981 -0.5881581855  -0.7249616716 0.3584696969
6991 -0.6447697274  -0.6785293749 0.3519515392
7001 -0.6973643074  -0.6274848764 0.3463318533
7011 -0.7455699429  -0.5721891951 0.3416503846
7021 -0.7890456926  -0.5130334172 0.337940243
7031 -0.8274840683  -0.4504359299 0.3352276685
7041 -0.8606132091  -0.3848394627 0.333531846
7051 -0.8881988046  -0.3167079553 0.3328647693
7061 -0.9100457518  -0.2465232773 0.3332311562
7071 -0.9259995352  -0.1747818193 0.3346284154
7081 -0.9359473196  -0.1019909828 0.3370466649
7091 -0.939818748  -0.02866559082 0.3404688014
7101 -0.9375864394  0.0446757526 0.3448706218
7111 -0.9292661822  0.1175143307 0.3502209939
7121 -0.914916823  0.1893349827 0.3564820772
7131 -0.8946398496  0.2596297471 0.3636095899
7141 -0.8685786743  0.3279014545 0.3715531223
7151 -0.8369176186  0.3936672439 0.3802564935
7161 -0.79988061  0.4564619776 0.3896581486
7171 -0.7577295984  0.5158415313 0.399691594
7181 -0.710762703  0.5713859349 0.4102858679
7191 -0.6593121042  0.6227023431 0.4213660418
7201 -0.603741694  0.6694278134 0.4328537507
7211 -0.5444445022  0.7112318738 0.4446677475
7221 -0.4818399171  0.7478188593 0.4567244771
7231 -0.4163707186  0.7789300035 0.4689386679
7241 -0.3484999474  0.8043452688 0.4812239346
7251 -0.2787076295  0.8238849022 0.4934933892
7261 -0.2074873811  0.8374107073 0.5056602554
7271 -0.1353429181  0.8448270212 0.5176384827
7281 -0.06278449264  0.8460813912 0.5293433545
7291 0.009674715198  0.8411649458 0.5406920879
7301 0.08152222706  0.8301124576 0.5516044183
7311 0.1522498909  0.8130020971 0.5620031679
7321 0.221357475  0.7899548802 0.5718147913
7331 0.2883562059  0.7611338118 0.5809698952
7341 0.3527722253  0.7267427332 0.5894037299
7351 0.4141499414  0.6870248806 0.5970566468
7361 0.4720552515  0.6422611644 0.6038745203
7371 0.5260786117  0.5927681827 0.6098091307
7381 0.5758379339  0.5388959819 0.6148185054
7391 0.6209812882  0.481025581 0.6188672153
7401 0.6611893914  0.4195662771 0.6219266257
7411 0.696177866  0.3549527502 0.6239750989
7421 0.7256992508  0.2876419888 0.6249981469
7431 0.7495447515  0.2181100583 0.6249885343
7441 0.7675457173  0.1468487335 0.6239463289
7451 0.7795748336  0.07436202042 0.6218789019
7461 0.7855470229  0.001162592128 0.6188008752
7471 0.7854200459  -0.0722318377 0.6147340182
7481 0.7791948005  -0.1453021762 0.609707094
7491 0.7669153157  -0.2175316226 0.6037556556
7501 0.7486684399  -0.2884093236 0.5969217949
7511 0.7245832266  -0.3574339861 0.5892538445
7521 0.694830022  -0.4241174231 0.5808060364
7531 0.6596192599  -0.487988006 0.571638118
7541 0.6191999734  -0.5485940008 0.5618149296
7551 0.5738580337  -0.6055067625 0.5514059463
7561 0.5239141282  -0.6583237672 0.5404847859
7571 0.4697214923  -0.7066714586 0.5291286888
7581 0.4116634112  -0.7502078904 0.5174179714
7591 0.3501505089  -0.7886251447 0.5054354581
7601 0.2856178443  -0.8216515095 0.4932658957
7611 0.218521834  -0.8490534009 0.480995354
7621 0.149337024  -0.8706370145 0.4687106168
7631 0.07855273382  -0.8862496968 0.4564985683
7641 0.006669595542  -0.8957810246 0.4444455788
7651 -0.06580398708  -0.8991635856 0.4326368935
7661 -0.1383554343  -0.8963734559 0.4211560297
7671 -0.2104716155  -0.8874303687 0.4100841863
7681 -0.2816424789  -0.8723975747 0.3994996693
7691 -0.3513646582  -0.8513813952 0.3894773381
7701 -0.4191450334  -0.8245304696 0.3800880761
7711 -0.4845042182  -0.7920347047 0.371398289
7721 -0.5469799504  -0.7541239308 0.3634694359
7731 -0.6061303616  -0.7110662769 0.3563575938
7741 -0.6615371019  -0.663166274 0.3501130614
7751 -0.7128082995  -0.6107627014 0.3447800035
7761 -0.7595813314  -0.5542261902 0.3403961383
7771 -0.8015253889  -0.4939566028 0.3369924709
7781 -0.8383438167  -0.4303802039 0.3345930738
7791 -0.8697762114  -0.3639466462 0.3332149169
7801 -0.8956002628  -0.2951257903 0.3328677472
7811 -0.915633327  -0.224404381 0.33355402
7821 -0.9297337173  -0.1522826052 0.3352688818
7831 -0.9378017068  -0.07927055402 0.3380002041
7841 -0.9397802337  -0.005884615313 0.3417286695
7851 -0.9356553049  0.06735617881 0.3464279083
7861 -0.9254560945  0.1399338227 0.3520646849
7871 -0.9092547383  0.2113350011 0.358599133
7881 -0.8871658228  0.2810547192 0.3659850376
7891 -0.8593455752  0.3485998748 0.3741701614
7901 -0.8259907585  0.4134927454 0.383096615
7911 -0.7873372796  0.4752743673 0.3927012656
7921 -0.7436585209  0.5335077815 0.4029161839
7931 -0.6952634071  0.5877811242 0.4136691247
7941 -0.6424942197  0.6377105397 0.4248840373
7951 -0.5857241766  0.6829428955 0.4364816037
7961 -0.5253547923  0.7231582795 0.4483797999
7971 -0.4618130381  0.7580722631 0.4604944753
7981 -0.3955483225  0.7874379123 0.4727399484
7991 -0.3270293124  0.8110475348 0.4850296127
8001 -0.2567406185  0.8287341483 0.4972765491
8011 -0.1851793679  0.8403726621 0.5093941406
8021 -0.112851688  0.8458807615 0.5212966851
8031 -0.04026912702  0.8452194898 0.5329000014
8041 0.03205496436  0.8383935243 0.5441220246
8051 0.1036090634  0.8254511428 0.5548833866
8061 0.1738870933  0.8064838826 0.5651079772
8071 0.2423920024  0.7816258924 0.5747234826
8081 0.3086392797  0.7510529843 0.5836618968
8091 0.3721603818  0.7149813898 0.5918600024
8101 0.4325060462  0.6736662306 0.5992598182
8111 0.4892494696  0.6273997144 0.6058090085
8121 0.5419893257  0.576509068 0.6114612541
8131 0.5903526043  0.521354223 0.6161765792
8141 0.6339972489  0.4623252702 0.6199216344
8151 0.6726145765  0.3998397006 0.6226699328
8161 0.7059314604  0.3343394526 0.6244020369
8171 0.733712262  0.2662877862 0.6251056963
8181 0.7557604975  0.1961660069 0.6247759344
8191 0.7719202275  0.1244700614 0.6234150834
8201 0.78207716  0.05170702958 0.621032768
8211 0.7861594586  -0.02160846118 0.6176458371
8221 0.7841382504  -0.09495787634 0.6132782451
8231 0.7760278309  -0.1678224414 0.6079608818
8241 0.761885562  -0.2396868109 0.6017313546
8251 0.7418114669  -0.3100427137 0.5946337219
8261 0.7159475226  -0.3783925471 0.5867181821
8271 0.6844766554  -0.444252897 0.5780407181
8281 0.6476214475  -0.5071579562 0.5686627016
8291 0.6056425628  -0.5666628194 0.5586504589
8301 0.5588369028  -0.6223466296 0.5480748021
8311 0.5075355073  -0.6738155547 0.5370105279
8321 0.4521012128  -0.7207055731 0.5255358887
8331 0.3929260862  -0.762685048 0.5137320395
8341 0.3304286521  -0.7994570732 0.5016824633
8351 0.2650509327  -0.830761573 0.4894723812
8361 0.1972553211  -0.8563771414 0.4771881495
8371 0.1275213115  -0.8761226082 0.464916649
8381 0.0563421078  -0.8898583205 0.4527446701
8391 -0.015778865  -0.89748713 0.4407582999
8401 -0.08833152096  -0.8989550805 0.4290423122
8411 -0.1608027211  -0.8942517893 0.4176795688
8421 -0.2326799024  -0.8834105207 0.4067504333
8431 -0.3034547032  -0.8665079507 0.3963322022
8441 -0.3726265588  -0.8436636246 0.386498559
8451 -0.4397062412  -0.815039112 0.3773190525
8461 -0.5042193199  -0.7808368632 0.368858605
8471 -0.5657095169  -0.7412987782 0.3611770534
8481 -0.6237419341  -0.6967044953 0.3543287258
8491 -0.6779061289  -0.6473694135 0.3483620571
8501 -0.7278190175  -0.5936424618 0.343319247
8511 -0.7731275838  -0.5359036313 0.3392359609
8521 -0.8135113766  -0.4745612878 0.3361410779
8531 -0.848684776  -0.4100492833 0.3340564868
8541 -0.878399013  -0.3428238877 0.3329969308
8551 -0.9024439297  -0.273360562 0.3329699038
8561 -0.9206494651  -0.2021505949 0.3339755969
8571 -0.9328868581  -0.1296976287 0.3360068973
8581 -0.9390695582  -0.05651409705 0.3390494385
8591 -0.9391538374  0.01688239952 0.343081702
8601 -0.9331390999  0.08997275417 0.3480751696
8611 -0.921067886  0.1622400253 0.3539945247
8621 -0.9030255713  0.2331730927 0.3607979025
8631 -0.8791397628  0.3022702725 0.3684371858
8641 -0.8495793965  0.3690428653 0.3768583455
8651 -0.8145535427  0.4330186129 0.3860018226
8661 -0.7743099268  0.4937450378 0.3958029496
8671 -0.7291331779  0.5507926443 0.4061924075
8681 -0.6793428152  0.6037579551 0.4170967166
8691 -0.6252909885  0.6522663661 0.4284387558
8701 -0.5673599871  0.6959747947 0.440138308
8711 -0.5059595368  0.7345741072 0.4521126277
8721 -0.4415239013  0.7677913048 0.464277026
8731 -0.3745088109  0.7953914544 0.4765454699
8741 -0.3053882398  0.8171793502 0.4888311902
8751 -0.2346510534  0.8330008946 0.5010472958
8761 -0.1627975508  0.8427441878 0.5131073878
8771 -0.09033592632  0.8463403191 0.5249261708
8781 -0.01777867551  0.8437638546 0.5364200558
8791 0.05436102989  0.8350330172 0.5475077521
8801 0.1255729713  0.8202095571 0.5581108414
8811 0.1953534918  0.7993983157 0.568154333
8821 0.2632090585  0.7727464836 0.577567194
8831 0.328659753  0.7404425601 0.5862828515
8841 0.3912426657  0.7027150195 0.5942396636
8851 0.4505151699  0.6598306955 0.6013813557
8861 0.506058052  0.6120928939 0.6076574176
8871 0.5574784769  0.5598392474 0.6130234619
8881 0.6044127663  0.5034393276 0.6174415369
8891 0.6465289703  0.4432920312 0.6208803956
8901 0.6835292162  0.3798227589 0.6233157165
8911 0.7151518141  0.3134804065 0.6247302758
8921 0.7411731087  0.2447341899 0.625114069
8931 0.7614090605  0.174070327 0.6244643816
8941 0.7757165477  0.1019885982 0.6227858086
8951 0.7839943787  0.02899881212 0.6200902217
8961 0.786184007  -0.04438280017 0.6163966857
8971 0.7822699463  -0.1176372365 0.6117313231
8981 0.7722798793  -0.190246394 0.6061271299
8991 0.756284462  -0.2616967339 0.5996237421
9001 0.7343968243  -0.331482913 0.592267155
9011 0.7067717697  -0.3991113583 0.5841093983
9021 0.6736046803  -0.4641037576 0.5752081682
9031 0.6351301351  -0.5260004426 0.5656264189
9041 0.5916202508  -0.5843636398 0.5554319177
9051 0.5433827573  -0.6387805668 0.5446967656
9061 0.4907588212  -0.6888663517 0.5334968874
9071 0.4341206328  -0.7342667553 0.5219114946
9081 0.3738687738  -0.7746606764 0.5100225253
9091 0.3104293842  -0.8097624229 0.4979140648
9101 0.244251148  -0.8393237322 0.4856717506
9111 0.1758021204  -0.8631355274 0.4733821668
9121 0.1055664169  -0.8810293957 0.4611322322
9131 0.03404078956  -0.8928787799 0.4490085847
9141 -0.03826888633  -0.898599873 0.4370969693
9151 -0.1108511903  -0.8981522114 0.4254816315
9161 -0.1831927735  -0.8915389609 0.414244721
9171 -0.2547819899  -0.8788068942 0.4034657114
9181 -0.3251125145  -0.8600460602 0.3932208377
9191 -0.3936869246  -0.8353891473 0.383582557
9201 -0.4600202178  -0.8050105445 0.3746190365
9211 -0.5236432426  -0.7691251083 0.366393671
9221 -0.5841060161  -0.7279866434 0.3589646348
9231 -0.6409809066  -0.6818861069 0.35238447
9241 -0.6938656584  -0.631149551 0.3466997149
9251 -0.7423862368  -0.5761358168 0.3419505754
9261 -0.7861994729  -0.5172339965 0.3381706398
9271 -0.8249954916  -0.4548606811 0.3353866419
9281 -0.8584999026  -0.3894570144 0.3336182717
9291 -0.8864757412  -0.3214855729 0.3328780359
9301 -0.9087251444  -0.2514270937 0.3331711699
9311 -0.9250907504  -0.1797770752 0.3344956006
9321 -0.9354568111  -0.1070422718 0.3368419608
9331 -0.9397500114  -0.03373711059 0.3401936558
9341 -0.9379399871  0.03961994771 0.3445269807
9351 -0.93003954  0.1125100752 0.3498112878
9361 -0.9161045474  0.1844177463 0.3560092036
9371 -0.8962335667  0.2548343843 0.3630768933
9381 -0.8705671386  0.3232619577 0.3709643702
9391 -0.8392867926  0.3892165031 0.3796158499
9401 -0.8026137638  0.4522315479 0.3889701444
9411 -0.7608074276  0.5118614095 0.3989610953
9421 -0.7141634656  0.5676843476 0.409518041
9431 -0.6630117741  0.6193055467 0.4205663172
9441 -0.607714131  0.666359909 0.4320277846
9451 -0.548661637  0.708514636 0.4438213815
9461 -0.4862719497  0.7454715827 0.4558636972
9471 -0.4209863291  0.7769693661 0.468069562
9481 -0.3532665176  0.802785214 0.4803526494
9491 -0.2835914734  0.8227365403 0.4926260869
9501 -0.2124539834  0.8366822368 0.5048030701
9511 -0.140357178  0.8445236708 0.5167974768
9521 -0.06781097236  0.8462053829 0.5285244762
9531 0.00467153982  0.8417154793 0.5399011286
9541 0.0765777154  0.8310857157 0.5508469721
9551 0.1473989874  0.8143912729 0.561284592
9561 0.2166344621  0.7917502249 0.5711401677
9571 0.2837944615  0.7633227042 0.5803439952
9581 0.3484039866  0.7293097687 0.5888309803
9591 0.4100060772  0.68995198 0.5965410983
9601 0.4681650434  0.6455277019 0.6034198192
9611 0.5224695476  0.5963511317 0.609418493
9621 0.5725355131  0.5427700781 0.6144946937
9631 0.6180088412  0.4851635009 0.6186125198
9641 0.658567915  0.4239388311 0.6217428478
9651 0.6939258745  0.3595290894 0.6238635384
9661 0.7238326456  0.2923898229 0.6249595928
9671 0.748076708  0.2229958842 0.6250232592
9681 0.7664865922  0.1518380719 0.6240540873
9691 0.7789320915  0.07941966015 0.6220589317
9701 0.7853251832  0.006252838837 0.619051903
9711 0.7856206513  -0.06714490897 0.6150542687
9721 0.7798164059  -0.1402544669 0.6100943022
9731 0.7679534985  -0.2125587569 0.6042070829
9741 0.7501158309  -0.2835463962 0.5974342486
9751 0.7264295628  -0.3527153142 0.5898237003
9761 0.6970622185  -0.4195763037 0.5814292639
9771 0.6622215029  -0.4836564803 0.5723103094
9781 0.6221538318  -0.5445026275 0.5625313309
9791 0.5771425896  -0.6016844019 0.5521614906
9801 0.5275061248  -0.6547973769 0.5412741297
9811 0.4735954984  -0.7034659031 0.5299462493
9821 0.4157920009  -0.7473457649 0.5182579664
9831 0.354504456  -0.7861266154 0.5062919467
9841 0.2901663285  -0.8195341711 0.4941328205
9851 0.2232326591  -0.8473321519 0.4818665835
9861 0.1541768458  -0.8693239522 0.4695799892
9871 0.08348729571  -0.8853540316 0.457359935
9881 0.01166397075  -0.8953090145 0.4452928478
9891 -0.06078514831  -0.8991184926 0.4334640723
