0 0  -0 1
1 2.22205e-05  -2.3004e-07 0.9999999998
1001 0.000143918699  0.0008197987405 0.9999996536
2001 -0.0002063764053  -0.0007533481161 0.9999996949
3001 0.0005265670248  0.0001255366805 0.9999998535
4001 -0.00126051421  -0.0005730996879 0.9999990413
5001 0.001738763196  0.0004618527769 0.9999983817
6001 -0.001364827633  0.0002275073083 0.9999990427
7001 0.001330289238  -0.0002936986455 0.999999072
8001 -0.0008809215156  0.0008218321412 0.9999992743
9001 0.0009485008142  -0.0008314349316 0.9999992045
10001 -0.000731257215  0.0003846909921 0.9999996586
11001 0.001108292501  -0.0006887705151 0.9999991486
12001 -0.001115286132  0.0006695012225 0.999999154
13001 0.000532801115  -0.0005224517393 0.9999997216
14001 -0.001051273026  -3.371263972e-05 0.9999994468
15001 0.0007316880216  -0.0002475386019 0.9999997017
16001 0.0002189374193  0.0001084541589 0.9999999702
17001 -0.0002941126123  7.622803887e-05 0.9999999538
18001 0.0004876468321  2.912245372e-05 0.9999998807
19001 -0.001002866797  3.669766887e-05 0.9999994965
20001 0.001265538574  -0.000414409232 0.9999991133
21001 -0.001569305281  0.0006907184564 0.9999985301
22001 0.00122995923  -0.001154321832 0.9999985774
23001 -0.001501068613  0.001428077918 0.9999978537
24001 0.001487437608  -0.0009944972493 0.9999983993
25001 -0.001767929887  0.0006868340964 0.9999982013
26001 0.002020802978  -0.00090927471 0.9999975448
27001 -0.001893031967  0.0007978646295 0.9999978899
28001 0.001768811986  -0.0004830503447 0.999998319
29001 -0.001389560985  0.0005733884169 0.9999988702
30001 0.0007008486186  -0.0008049947615 0.9999994304
31001 -0.0006760506668  0.0004435115521 0.9999996731
32001 0.0005214857668  -0.0004105598374 0.9999997797
33001 -0.001039520375  0.0002053440713 0.9999994386
34001 0.0006979668337  2.167159217e-05 0.9999997562
35001 2.422300209e-05  0.0006880122502 0.999999763
36001 -0.0004552841307  -0.001035801292 0.9999993599
37001 0.0003844953737  0.0009677598192 0.9999994578
38001 -0.001089471493  -0.001207363934 0.9999986777
39001 0.001250815068  0.00154031407 0.9999980314
40001 -0.001155330527  -0.001533164163 0.9999981573
41001 0.001446012363  0.001537229014 0.999997773
42001 -0.001469485087  -0.00104206784 0.9999983774
43001 0.002354209861  0.0006381451433 0.9999970252
44001 -0.002092443019  -0.0004876988547 0.9999976919
45001 0.002588988194  -0.0001463703078 0.9999966379
46001 -0.002952898516  0.000443956906 0.9999955416
47001 0.003280517661  -0.0007273743704 0.9999943545
48001 -0.004068957014  0.001731316156 0.999990223
49001 0.004099689999  -0.002018502883 0.999989559
50001 -0.004590271149  0.002791051711 0.9999855696
51001 0.004603631643  -0.003130723683 0.9999845025
52001 -0.004534915956  0.003400127546 0.9999839367
53001 0.004385998964  -0.0033310612 0.9999848334
54001 -0.003989276417  0.003922027678 0.9999843516
55001 0.003588554018  -0.003737376461 0.9999865771
56001 -0.003047219329  0.003741415537 0.9999883581
57001 0.002325151106  -0.003606805916 0.9999907923
58001 -0.001614559836  0.00316677455 0.9999936823
59001 0.001296203268  -0.003366866694 0.999993492
60001 -0.001086098202  0.003349763083 0.9999937997
61001 0.001299170861  -0.004042210173 0.9999909863
62001 -0.001281852289  0.004684309053 0.999988207
63001 0.0009874016835  -0.004608969481 0.9999888912
64001 -0.0008951163436  0.005636373559 0.9999837149
65001 0.0009850100716  -0.005981867838 0.9999816233
66001 0.0001951100049  0.005547067561 0.9999845959
67001 0.0002499907463  -0.005266323917 0.9999861016
68001 0.0004484253841  0.005087789781 0.9999869566
69001 -0.001032162966  -0.005535240484 0.9999841477
70001 0.001339089975  0.005604251651 0.9999833995
71001 -0.001009283647  -0.005887282593 0.9999821605
72001 0.0007629347766  0.00610443317 0.9999810767
73001 -0.001389272412  -0.005849195891 0.9999819282
74001 0.001853469795  0.006066260271 0.9999798824
75001 -0.001515150864  -0.005810902034 0.9999819687
76001 0.001606889628  0.006287955952 0.9999789395
77001 -0.001616539306  -0.005923341762 0.9999811502
78001 0.001965816276  0.006400281585 0.9999775857
79001 -0.001842721888  -0.00609163003 0.999979748
80001 0.002494341192  0.006228568325 0.9999774913
81001 -0.002781019047  -0.005272552578 0.9999822329
82001 0.003363104696  0.005810407168 0.9999774641
83001 -0.003532988143  -0.00552269695 0.9999785087
84001 0.003714394006  0.004788189748 0.9999816381
85001 -0.003994276219  -0.004507492152 0.999981864
86001 0.004150095534  0.004453475896 0.9999814715
87001 -0.004523924429  -0.003597325604 0.9999832965
88001 0.004667574947  0.003417479226 0.9999832671
89001 -0.004726277165  -0.00256384614 0.9999855444
90001 0.004004076388  0.002488054924 0.9999888884
91001 -0.004119975327  -0.002511415795 0.9999883592
92001 0.003989051637  0.003200631985 0.9999869216
93001 -0.003934228973  -0.003308537028 0.9999867876
94001 0.004567695261  0.003115310645 0.9999847154
95001 -0.004523873788  -0.002945937443 0.9999854279
96001 0.004827467253  0.002713899623 0.999984665
97001 -0.004926078486  -0.002167804983 0.9999855171
98001 0.005490648732  0.001966274208 0.9999829931
99001 -0.004823964702  -0.001620521941 0.9999870516
100001 0.004490539273  0.0009955425508 0.9999894219
101001 -0.00527522974  -0.0006374149495 0.9999858827
102001 0.005727674549  0.0004079854549 0.9999835135
103001 -0.005812085743  0.0004504958496 0.9999830082
104001 0.006175411795  -0.0006348465736 0.9999807304
105001 -0.006194902467  0.0005112695058 0.9999806807
106001 0.005878131331  -0.001293006207 0.9999818877
107001 -0.005864658466  0.0009307506663 0.9999823696
108001 0.005508703284  -0.001777809825 0.9999832466
109001 -0.005799343045  0.002031440625 0.9999811203
110001 0.005246740811  -0.001659266805 0.9999848592
111001 -0.004625092058  0.001801189541 0.999987682
112001 0.00458572702  -0.002337535033 0.9999867534
113001 -0.004707164  0.002551351227 0.9999856665
114001 0.004485652753  -0.003693896092 0.9999831169
115001 -0.004284264497  0.003779660664 0.9999836795
116001 0.004439039386  -0.003766370857 0.9999830545
117001 -0.004587973608  0.003619408053 0.999982925
118001 0.004096965741  -0.003298067197 0.9999861687
119001 -0.003769881826  0.003712806805 0.9999860014
120001 0.002735404565  -0.003455994456 0.9999902868
121001 -0.002678387842  0.003520612833 0.9999902157
122001 0.002229285524  -0.004071601813 0.9999892261
123001 -0.002004180735  0.004422318107 0.9999882131
124001 0.001603718397  -0.005239208006 0.9999849893
125001 -0.001160284123  0.005661935959 0.999983298
126001 0.001205377916  -0.006142337936 0.9999804092
127001 -0.0007014340057  0.006271400491 0.9999800886
128001 0.0006295090709  -0.006597001657 0.9999780414
129001 -0.0003969496819  0.006303830088 0.9999800519
130001 0.0002772066336  -0.006640530388 0.999977913
131001 0.0006805516753  0.006623144261 0.9999778352
132001 -0.0007196808556  -0.006890556796 0.9999760009
133001 0.001121226679  0.006387745748 0.9999789696
134001 -0.001180278725  -0.006339156758 0.9999792108
135001 0.001304326807  0.006709616978 0.9999766396
136001 -0.00215106418  -0.006533588412 0.9999763423
137001 0.002642014024  0.005443708354 0.9999816927
138001 -0.003525876554  -0.005260694019 0.9999799464
139001 0.00334081846  0.00521325262 0.9999808303
140001 -0.00293954625  -0.004884348446 0.999983751
141001 0.002615733168  0.003967475961 0.9999887085
142001 -0.00261372361  -0.00440618873 0.9999868769
143001 0.003187334467  0.003667475611 0.9999881952
144001 -0.003422944225  -0.003605678967 0.9999876412
145001 0.003075849513  0.003651379409 0.9999886032
146001 -0.003441053481  -0.004001849866 0.9999860721
147001 0.003615878672  0.004465137829 0.9999834938
148001 -0.002909955629  -0.004410199126 0.9999860411
149001 0.003080107273  0.004932648553 0.9999830908
150001 -0.003636674402  -0.004774556805 0.9999819889
151001 0.004126858859  0.005403702328 0.9999768842
152001 -0.00507968696  -0.005176351083 0.9999737007
153001 0.005441629178  0.004851555803 0.9999734252
154001 -0.00600609158  -0.004504933615 0.9999718158
155001 0.006533087282  0.004251525272 0.9999696212
156001 -0.006526399006  -0.003558960824 0.9999723696
157001 0.006393138791  0.003528375038 0.9999733388
158001 -0.007358756796  -0.003654994887 0.9999662443
159001 0.007528493063  0.003751230657 0.9999646244
160001 -0.007533087446  -0.002902441516 0.9999674137
161001 0.007257406677  0.002758149402 0.9999698609
162001 -0.007174113016  -0.001703101369 0.9999728154
163001 0.007046167738  0.001737383491 0.9999736662
164001 -0.007211387931  -0.001399971957 0.9999730176
165001 0.006480879259  0.000926753775 0.9999785694
166001 -0.007112224515  -0.0003879135549 0.9999746326
167001 0.00759636549  5.580889239e-05 0.9999711456
168001 -0.007086870058  -0.0002368205994 0.9999748598
169001 0.007163634239  -0.0009144001815 0.9999739228
170001 -0.007212168802  0.001278743352 0.9999731744
171001 0.007326200271  -0.001110562769 0.9999725463
172001 -0.007211847628  0.001538242413 0.9999728112
173001 0.007340278202  -0.002431386669 0.9999701039
174001 -0.007826077438  0.00252781567 0.9999661808
175001 0.007394085606  -0.002593753506 0.9999692995
176001 -0.007019727666  0.002252286754 0.9999728249
177001 0.007302002903  -0.002839134343 0.9999693096
178001 -0.007114494432  0.003102805866 0.9999698778
179001 0.007307554554  -0.003160609684 0.9999683046
180001 -0.006952711446  0.002797469848 0.9999719166
181001 0.006427382897  -0.003378725232 0.9999736361
182001 -0.006341940059  0.003496712939 0.999973776
183001 0.005955147662  -0.003451605093 0.999976311
184001 -0.006151669781  0.004197022222 0.9999722706
185001 0.006434537478  -0.004552590798 0.9999689348
186001 -0.006186749473  0.00461704368 0.9999702031
187001 0.006119906676  -0.004950991885 0.9999690167
188001 -0.005146662998  0.00492920738 0.9999746071
189001 0.005099720283  -0.005467349605 0.9999720501
190001 -0.004996485299  0.005052110647 0.9999747553
191001 0.004986870415  -0.005601762595 0.9999718753
192001 -0.004794128719  0.005523105299 0.9999732555
193001 0.003748103033  -0.005870865662 0.999975742
194001 -0.003259045532  0.006403898827 0.999974184
195001 0.003768979984  -0.006740748804 0.9999701781
196001 -0.003927992283  0.007077669504 0.9999672382
197001 0.004520472593  -0.006797007963 0.9999666824
198001 -0.004096317929  0.007064660711 0.9999666548
199001 0.004421288464  -0.00693803258 0.9999661574
200001 -0.004175924021  0.007270688821 0.9999648487
201001 0.003823101852  -0.00815314546 0.9999594542
202001 -0.004028309  0.007574428961 0.9999631997
203001 0.003784951966  -0.007060494917 0.9999679113
204001 -0.003173772978  0.00711854979 0.9999696262
205001 0.002431408073  -0.006990137046 0.9999726127
206001 -0.00194232577  0.007399180648 0.9999707393
207001 0.001918065401  -0.007294366538 0.9999715562
208001 -0.001209993073  0.007431045166 0.9999716573
209001 0.0008959667876  -0.007063333088 0.999974653
210001 -0.0003105584607  0.007034784035 0.9999752074
211001 0.0001009462376  -0.006989834339 0.9999755657
212001 -0.0001031015238  0.006472580963 0.9999790473
213001 -0.0003123085593  -0.005953386726 0.9999822297
214001 0.0005210456529  0.005547840084 0.9999844749
215001 -0.000857423231  -0.00454385644 0.999989309
216001 0.0008724044751  0.004712230832 0.9999885168
217001 -0.0008408726956  -0.004357255926 0.9999901536
218001 0.001006913648  0.004341661521 0.999990068
219001 -0.001944482731  -0.004277788794 0.9999889597
220001 0.002314182302  0.00449013928 0.9999872415
221001 -0.002722925347  -0.003959392437 0.9999884544
222001 0.002732159925  0.003490500921 0.9999901758
223001 -0.002126133003  -0.003284486261 0.9999923458
224001 0.002086964338  0.003602721102 0.9999913324
225001 -0.001313843048  -0.003488081382 0.9999930535
226001 0.001615197666  0.002939202547 0.9999943761
227001 -0.001515265029  -0.002707076013 0.9999951878
228001 0.001244438159  0.002432100345 0.9999962681
229001 -0.001929948588  -0.002859935847 0.999994048
230001 0.001805726617  0.002648143019 0.9999948633
231001 -0.001716849627  -0.003316825295 0.9999930255
232001 0.002154369516  0.003396052966 0.9999919127
233001 -0.001527064789  -0.002761686679 0.9999950206
234001 0.001921132871  0.00325882661 0.9999928446
235001 -0.002406447604  -0.003027918751 0.9999925203
236001 0.002510990706  0.002978146931 0.9999924127
237001 -0.002726756304  -0.002852257913 0.9999922147
238001 0.002817268993  0.002631700193 0.9999925685
239001 -0.003511653581  -0.002793457314 0.9999899324
240001 0.003511021593  0.003212661352 0.9999886757
241001 -0.003576066255  -0.002480991487 0.9999905282
242001 0.004366633539  0.002711987201 0.9999867887
243001 -0.004285285718  -0.003185930726 0.999985743
244001 0.004618592147  0.002281714342 0.9999867311
245001 -0.004951737858  -0.002965942478 0.9999833416
246001 0.004959353524  0.002857983787 0.9999836182
247001 -0.005468322593  -0.003096563968 0.9999802542
248001 0.005194063501  0.003160934461 0.9999815149
249001 -0.005167869328  -0.003333559664 0.9999810901
250001 0.005478227878  0.00286025032 0.9999809038
251001 -0.005882952394  -0.002105583252 0.9999804785
252001 0.0046667094  0.001938251974 0.9999872324
253001 -0.004233450345  -0.001677091242 0.9999896326
254001 0.004698531137  0.001197089789 0.9999882453
255001 -0.004766940447  -0.0005574838151 0.9999884827
256001 0.004725831063  0.00136873189 0.9999878965
257001 -0.004881167502  -0.001222088548 0.9999873403
258001 0.00472720144  0.001545207427 0.9999876329
259001 -0.004960107671  -0.001014045796 0.9999871844
260001 0.004798085272  0.0004138903501 0.9999884035
261001 -0.005623186237  -0.0003929572769 0.9999841125
262001 0.005600364193  0.00063484343 0.9999841163
263001 -0.006062011893  0.0006457025632 0.9999814174
264001 0.006087819061  -0.001656566363 0.9999800969
265001 -0.005748574526  0.001560411529 0.9999822593
266001 0.005422918046  -0.001659620101 0.9999839187
267001 -0.00568266062  0.001243864392 0.9999830799
268001 0.005800321983  -0.001442342171 0.9999821378
269001 -0.005690132648  0.00156294205 0.9999825896
270001 0.006077023846  -0.001746367104 0.9999800098
271001 -0.005807766913  0.001716235516 0.999981662
272001 0.005644736011  -0.002276432628 0.9999814772
273001 -0.005856432075  0.003027309133 0.9999782686
274001 0.006265889411  -0.002954355079 0.9999760049
275001 -0.006275433963  0.003812602979 0.9999730411
276001 0.006740194672  -0.004422651865 0.9999675044
277001 -0.006931786673  0.005027066434 0.9999633388
278001 0.006553771706  -0.005469628753 0.9999635649
279001 -0.006017199794  0.00582106531 0.9999649536
280001 0.005547842758  -0.006505384032 0.99996345
281001 -0.005624343611  0.006476574935 0.9999632097
282001 0.004906073314  -0.007294713919 0.999961358
283001 -0.00459357138  0.007008921669 0.9999648864
284001 0.004181921506  -0.007254849938 0.9999649387
285001 -0.004079829783  0.006332356994 0.9999716277
286001 0.003306666107  -0.005997379487 0.9999765484
287001 -0.003211213002  0.005808884767 0.9999779722
288001 0.003690063559  -0.006590317243 0.9999714752
289001 -0.003502023822  0.006613252559 0.999972
290001 0.003244289336  -0.00704403867 0.9999699276
291001 -0.003071588857  0.007863008489 0.9999643686
292001 0.002207431196  -0.007538458141 0.999969149
293001 -0.001468663156  0.007536158339 0.9999705242
294001 0.00144297155  -0.007496737644 0.9999708579
295001 -0.0008667503305  0.007802961104 0.9999691808
296001 0.0007054031406  -0.008059409287 0.9999672736
297001 -0.000350581629  0.008147840305 0.9999667443
298001 0.0003085818148  -0.007739894769 0.9999699989
299001 -0.00014896071  0.008001252239 0.9999679784
300001 -0.0002975941443  -0.008082221315 0.999967294
301001 0.001310423085  0.007709796541 0.9999694204
302001 -0.001991213148  -0.007647767876 0.9999687729
303001 0.003054238325  0.007470812129 0.9999674288
304001 -0.004187653871  -0.007189204607 0.9999653888
305001 0.00470107473  0.007307587881 0.9999622488
306001 -0.005181404943  -0.00698913768 0.9999621518
307001 0.005674504226  0.006713897243 0.999961361
308001 -0.005904932395  -0.006982709694 0.9999581859
309001 0.006076778939  0.006339980102 0.999961438
310001 -0.006441294496  -0.006323916288 0.9999592581
311001 0.007066513458  0.005351159638 0.999960714
312001 -0.007271485064  -0.005351941922 0.9999592403
313001 0.008149008929  0.005623537979 0.9999509835
314001 -0.009001783594  -0.005992632575 0.9999415264
315001 0.009121521495  0.00543188943 0.9999436446
316001 -0.009367696212  -0.005135567764 0.9999429345
317001 0.009692477292  0.004594414675 0.999942472
318001 -0.009795460548  -0.00397850071 0.9999441087
319001 0.01033295938  0.003643470581 0.9999399757
320001 -0.01092957735  -0.002632192527 0.9999368059
321001 0.01110349632  0.00241886375 0.9999354286
322001 -0.0114172149  -0.001504318344 0.9999336899
323001 0.0110633331  0.0007918490693 0.9999384859
324001 -0.01101421015  -0.0003354341236 0.9999392855
325001 0.01158017984  -0.0006908866376 0.9999327088
326001 -0.0114469555  0.001350706715 0.9999335692
327001 0.01145477326  -0.001770948987 0.9999328237
328001 -0.01088669981  0.002299569385 0.999938094
329001 0.01089748376  -0.002299155092 0.9999379774
330001 -0.01048341826  0.002512287625 0.9999418915
331001 0.01013969134  -0.002562668219 0.9999453082
332001 -0.01017676985  0.00356592363 0.9999418571
333001 0.009838040716  -0.003945307734 0.9999438222
334001 -0.01024165756  0.004455283288 0.9999376275
335001 0.009748039212  -0.004976732467 0.9999401021
336001 -0.009347334046  0.005144845766 0.9999430773
337001 0.009092635634  -0.005107001244 0.9999456198
338001 -0.009325103632  0.00635926929 0.999936299
339001 0.009200061447  -0.00701629578 0.999933063
340001 -0.009083580257  0.007804659555 0.9999282854
341001 0.008822923184  -0.008170970259 0.999927693
342001 -0.008289905143  0.008204449629 0.9999319799
343001 0.00801302547  -0.008019166332 0.9999357401
344001 -0.00744493055  0.008306854138 0.9999377826
345001 0.007160283526  -0.008485536987 0.9999383611
346001 -0.006654860799  0.009149915386 0.9999359939
347001 0.006000391012  -0.009375002783 0.9999380504
348001 -0.005575118245  0.009826213123 0.9999361798
349001 0.004501465631  -0.01011017367 0.9999387587
350001 -0.003544085632  0.01028973316 0.9999407787
351001 0.002421787104  -0.01122453838 0.9999340702
352001 -0.002332260639  0.01162110693 0.9999297527
353001 0.001587878269  -0.01120685726 0.9999359404
354001 -0.001329992197  0.01144363691 0.9999336349
355001 0.0008480073785  -0.01208729864 0.9999265863
356001 -7.611939948e-05  0.01286965955 0.9999171796
357001 -0.0006139920337  -0.01266221438 0.9999196424
358001 0.0009965606896  0.01246552635 0.9999218057
359001 -0.001581155473  -0.01254943098 0.9999200027
360001 0.001814062334  0.01242530866 0.9999211573
361001 -0.002772219969  -0.01205436422 0.9999235006
362001 0.003043948922  0.01130831089 0.9999314259
363001 -0.003166079172  -0.01043941138 0.9999404955
364001 0.004256868522  0.01040797385 0.9999367746
365001 -0.005413747807  -0.01000453835 0.9999352982
366001 0.006180905726  0.01037318485 0.9999270941
367001 -0.005990802761  -0.01016628219 0.9999303761
368001 0.005941913835  0.009417835486 0.9999379971
369001 -0.006844708722  -0.008971887124 0.9999363256
370001 0.008009376339  0.009045248782 0.999927014
371001 -0.008346274455  -0.009189273961 0.9999229455
372001 0.008671706992  0.009024924843 0.999921673
373001 -0.009209668489  -0.008764694486 0.9999191778
374001 0.01026200116  0.008584898015 0.9999104914
375001 -0.01085067515  -0.007872186391 0.9999101417
376001 0.01146775785  0.007456539938 0.9999064409
377001 -0.012043482  -0.006945675233 0.9999033514
378001 0.01285705366  0.00640934056 0.9998968029
379001 -0.01360084481  -0.006194294298 0.9998883176
380001 0.01382712754  0.005457969003 0.9998895044
381001 -0.01428246672  -0.00472358065 0.9998868431
382001 0.01435499233  0.004153766082 0.999888334
383001 -0.01459401375  -0.003602860261 0.9998870107
384001 0.01515903316  0.003258004021 0.9998797873
385001 -0.01572295699  -0.002144063031 0.9998740879
386001 0.01609063564  0.001016605564 0.9998700205
387001 -0.01617650372  -0.0008963001037 0.9998687501
388001 0.01652571584  0.0004377765902 0.9998633452
389001 -0.01645809843  0.000314995368 0.9998645067
390001 0.01599065691  -0.001187940398 0.9998714356
391001 -0.01635719237  0.002158598688 0.9998638821
392001 0.01604396723  -0.003023290899 0.9998667165
393001 -0.01607904129  0.00335690797 0.9998650887
394001 0.01578576172  -0.004134745174 0.9998668479
395001 -0.0160456302  0.00509837665 0.9998582621
396001 0.01608846151  -0.006087377228 0.9998520417
397001 -0.01583626296  0.007343625979 0.9998476303
398001 0.01590767844  -0.008377407195 0.9998383693
399001 -0.01610456047  0.00901696124 0.9998296543
400001 0.016397361  -0.009775095009 0.9998177704
401001 -0.01547732832  0.01043829223 0.999825732
402001 0.01511187607  -0.01108544914 0.9998243566
403001 -0.01424870405  0.01175809729 0.9998293462
404001 0.01341094989  -0.01245521533 0.999832493
405001 -0.01262065953  0.01293613977 0.9998366743
406001 0.01202782951  -0.01258408674 0.9998484746
407001 -0.01165767675  0.01313549765 0.9998457667
408001 0.01109015255  -0.01364280183 0.9998454293
409001 -0.0105773408  0.01384431102 0.9998482159
410001 0.01067445879  -0.01377733747 0.9998481089
411001 -0.009866102008  0.0147151489 0.9998430499
412001 0.009224930644  -0.01535123604 0.9998396072
413001 -0.008724959372  0.01559763022 0.9998402817
414001 0.00768243967  -0.01591108295 0.9998438966
415001 -0.006596929108  0.0158793238 0.9998521529
416001 0.006001269297  -0.01639563077 0.9998475724
417001 -0.00467329776  0.01663503847 0.9998507067
418001 0.003729590707  -0.01730565448 0.99984329
419001 -0.002992027527  0.01748117684 0.9998427157
420001 0.002525109513  -0.01782308474 0.9998379676
421001 -0.001926405823  0.01738108232 0.9998470818
422001 0.0009950097004  -0.01711503678 0.9998530319
423001 -0.0002053575966  0.01749411778 0.9998469451
424001 -0.0009338219647  -0.01777813332 0.9998415204
425001 0.0009355692843  0.01771163879 0.9998426989
426001 -0.001786577449  -0.01770987656 0.9998415716
427001 0.002548222914  0.01808994623 0.9998331163
428001 -0.003325807758  -0.01803350538 0.9998318517
429001 0.003316309832  0.01763692924 0.9998389574
430001 -0.004531027928  -0.01801932631 0.9998273719
431001 0.005253156417  0.0168904619 0.9998435461
432001 -0.005206897146  -0.0161858013 0.9998554436
433001 0.00598920211  0.01637627414 0.999847962
434001 -0.006719791131  -0.01658854887 0.9998398194
435001 0.007905037524  0.01674462986 0.9998285492
436001 -0.008555504019  -0.0164673908 0.9998277994
437001 0.008713139772  0.01535892176 0.9998440802
438001 -0.008554381347  -0.01465697464 0.9998559874
439001 0.009129974886  0.01438659979 0.9998548241
440001 -0.01011205459  -0.01435630961 0.9998458095
441001 0.01078260707  0.01433642947 0.9998390881
442001 -0.01138503878  -0.01376807942 0.9998403977
443001 0.01176301014  0.01345082334 0.9998403407
444001 -0.01252150983  -0.01313473994 0.9998353316
445001 0.01286821841  0.01248505304 0.9998392533
446001 -0.01370899306  -0.01201988202 0.9998337791
447001 0.01423747841  0.01188994858 0.9998279469
448001 -0.01494630116  -0.01123717336 0.9998251517
449001 0.01502238092  0.01070769448 0.9998298222
450001 -0.01576707551  -0.01063761603 0.9998191039
451001 0.01631559431  0.009744743077 0.9998194044
452001 -0.01623476599  -0.009535974712 0.9998227331
453001 0.01606336847  0.00866354691 0.9998334417
454001 -0.01614716506  -0.007199772271 0.9998437039
455001 0.01642898128  0.005783530458 0.9998483082
456001 -0.01697897376  -0.005352923267 0.9998415178
457001 0.01726924271  0.003870402374 0.9998433843
458001 -0.01756196405  -0.002701374038 0.9998421275
459001 0.01726890794  0.002580590378 0.9998475511
460001 -0.01801208096  -0.002402612528 0.9998348826
461001 0.01866365211  0.001895217052 0.9998240226
462001 -0.01869487032  -0.0006540684362 0.9998250217
463001 0.01913520759  -0.0004583769867 0.9998168001
464001 -0.01893471577  0.001073630683 0.9998201457
465001 0.01909954521  -0.001922543122 0.9998157386
466001 -0.01934614913  0.002873517649 0.9998087164
467001 0.01920067106  -0.004073553492 0.9998073516
468001 -0.01970680349  0.004109326282 0.9997973571
469001 0.01950444026  -0.005167526045 0.999796416
470001 -0.01937072627  0.006319167007 0.9997924
471001 0.01896840619  -0.007166505347 0.9997943992
472001 -0.01893849406  0.008061460803 0.9997881507
473001 0.01834455021  -0.009038010391 0.999790874
474001 -0.01744427268  0.009947977081 0.9997983472
475001 0.01672048991  -0.01101913933 0.9997994818
476001 -0.01575098757  0.01167525892 0.9998077789
477001 0.01552042905  -0.01229684921 0.9998039327
478001 -0.0153116714  0.01236328761 0.9998063322
479001 0.01456319231  -0.01294559945 0.9998101444
480001 -0.01368004484  0.01366388493 0.9998130598
481001 0.01243097628  -0.01441394372 0.9998188381
482001 -0.01178385566  0.01488489843 0.999819774
483001 0.01173278977  -0.0154737445 0.9998114346
484001 -0.01034513599  0.01564696607 0.9998240598
485001 0.009611927017  -0.0161462412 0.9998234393
486001 -0.008751765903  0.01649508645 0.9998256441
487001 0.008086805773  -0.01678480291 0.9998264219
488001 -0.006953421479  0.01756539629 0.9998215375
489001 0.005400655675  -0.01693019807 0.9998420882
490001 -0.004362690867  0.01675567241 0.9998500959
491001 0.004268185209  -0.01658800047 0.9998532996
492001 -0.003789480581  0.016856805 0.9998507328
493001 0.0023997977  -0.01691670744 0.9998540223
494001 -0.002087423669  0.01697046253 0.9998538123
495001 0.001409290166  -0.01641681556 0.9998642418
496001 -0.001026155379  0.01680441272 0.9998582693
497001 0.0003902046528  -0.01698037758 0.9998557468
498001 0.0001852798383  0.01704078082 0.9998547782
499001 -0.0004102001963  -0.01651272348 0.9998635715
500001 0.0005944114899  0.01690307619 0.9998569561
501001 -0.001378364742  -0.01705391711 0.9998536213
502001 0.002508861041  0.01637778317 0.9998627275
503001 -0.002675005505  -0.01670916596 0.9998568138
504001 0.004137927719  0.01643566617 0.9998563629
505001 -0.004891777109  -0.01612089379 0.9998580836
506001 0.005460521555  0.01620217034 0.9998538255
507001 -0.00743483714  -0.01697083529 0.9998283422
508001 0.008656704765  0.01614947653 0.9998321138
509001 -0.009442278353  -0.01561500452 0.9998334936
510001 0.01082433423  0.01465304706 0.9998340472
511001 -0.01134736949  -0.01375122573 0.9998410579
512001 0.01218520944  0.01340869969 0.9998358502
513001 -0.01308113605  -0.01260070654 0.9998350394
514001 0.01314747308  0.01141544708 0.9998484043
515001 -0.01378034595  -0.01063757193 0.9998484606
516001 0.01400603859  0.01019283306 0.9998499573
517001 -0.01437767853  -0.009987208728 0.9998467573
518001 0.01467990862  0.009373579165 0.9998483066
519001 -0.01577750444  -0.00890476129 0.9998358743
520001 0.01622068387  0.00741353431 0.9998409518
521001 -0.01591745491  -0.006344961685 0.9998531773
522001 0.01589333767  0.00570267494 0.9998574305
523001 -0.01564254763  -0.00490232005 0.9998656299
524001 0.01567726145  0.003852803346 0.9998696812
525001 -0.01586118491  -0.002433674819 0.9998712417
526001 0.0167018348  0.001674868932 0.9998591118
527001 -0.01643923196  -0.0004450960244 0.9998647676
528001 0.01675939432  0.001105766413 0.99985894
529001 -0.01668396397  -0.001197825871 0.9998600955
530001 0.01677545615  -9.306776631e-05 0.9998592778
531001 -0.01732601626  0.0006636358046 0.9998496731
532001 0.01748615694  -0.001539736687 0.9998459199
533001 -0.01720594261  0.002482325596 0.9998488854
534001 0.01695448398  -0.003285035492 0.9998508659
535001 -0.01574591032  0.004547612527 0.9998656837
536001 0.0155100545  -0.005013713257 0.9998671416
537001 -0.01523436415  0.006063782506 0.9998655633
538001 0.01509946694  -0.00604212071 0.9998677407
539001 -0.01476084729  0.007258527773 0.9998647064
540001 0.01443198983  -0.007954577248 0.999864212
541001 -0.0138530915  0.008525891167 0.9998676918
542001 0.01384462832  -0.009480484004 0.9998592134
543001 -0.01378900129  0.01016080216 0.9998533
544001 0.01325597106  -0.01060146321 0.9998559337
545001 -0.0119263401  0.01172576363 0.9998601246
546001 0.01158007552  -0.01261086387 0.9998534232
547001 -0.01017873436  0.01435923259 0.9998450909
548001 0.009473493594  -0.01456482812 0.9998490479
549001 -0.008182715579  0.01451499629 0.9998611694
550001 0.007476989227  -0.0147850612 0.9998627389
551001 -0.006706092451  0.01519545498 0.9998620537
552001 0.006353960188  -0.0149323404 0.9998683175
553001 -0.005469078907  0.01513991983 0.9998704276
554001 0.00495189025  -0.01592170046 0.9998609794
555001 -0.004513216293  0.01636093796 0.9998559649
556001 0.004519679869  -0.0169116746 0.9998467721
557001 -0.003854350871  0.01731757673 0.9998426104
558001 0.003468323377  -0.01731679708 0.9998440375
559001 -0.002012467995  0.01779602343 0.9998396129
560001 0.002255045444  -0.01798288716 0.9998357518
561001 -0.002039540258  0.01826958295 0.999831017
562001 0.0007570510399  -0.01821853707 0.9998337421
563001 -0.0003401633051  0.01820336846 0.9998342471
564001 -0.0004916376575  -0.0179605009 0.9998385763
565001 0.001331130814  0.01787186624 0.9998393993
566001 -0.001613868424  -0.01753254444 0.9998449906
567001 0.00181827569  0.0174142824 0.9998467066
568001 -0.001879172633  -0.01804172091 0.999835469
569001 0.002437291754  0.01755243266 0.9998429735
570001 -0.003322448291  -0.01708771221 0.9998484742
571001 0.004187776226  0.01696289543 0.9998473497
572001 -0.005708283997  -0.01640838479 0.9998490788
573001 0.006670480176  0.01665438842 0.9998390551
574001 -0.007235426954  -0.01645034337 0.9998385043
575001 0.008309118243  0.01613217609 0.9998353422
576001 -0.009176611917  -0.01578329196 0.9998333248
577001 0.01012868211  0.01550057379 0.9998285563
578001 -0.01081539334  -0.01448681645 0.9998365663
579001 0.01135308309  0.01427917996 0.9998335924
580001 -0.01216507581  -0.01331702189 0.9998373207
581001 0.01226610852  0.01235494603 0.9998484374
582001 -0.01240102668  -0.01238667994 0.9998463805
583001 0.01288765929  0.01182619802 0.9998470129
584001 -0.01289287278  -0.0115382715 0.9998503098
585001 0.01324088293  0.01056322907 0.9998565383
586001 -0.01432701467  -0.009876487951 0.9998485843
587001 0.01450593223  0.009651779982 0.999848199
588001 -0.01514227301  -0.009286857931 0.9998422205
589001 0.01601152182  0.008012739013 0.9998397007
590001 -0.01708556621  -0.00817417152 0.9998206171
591001 0.0174446582  0.007452097262 0.9998200589
592001 -0.01777046514  -0.006403398563 0.9998215876
593001 0.0187493733  0.00589967495 0.9998068087
594001 -0.01896578137  -0.004598482682 0.9998095584
595001 0.01903059504  0.003919868062 0.9998112177
596001 -0.01874992597  -0.003588116172 0.9998177662
597001 0.01852739236  0.002086514832 0.999826176
598001 -0.01836523836  -0.00176880589 0.9998297802
599001 0.0182523384  -0.0001346940707 0.9998334031
600001 -0.01845429426  0.0006412051819 0.9998294994
601001 0.01858323084  -0.0003006272899 0.9998272716
602001 -0.01855403838  0.001179336155 0.9998271635
603001 0.01844288107  -0.001949393834 0.9998280152
604001 -0.01786591019  0.00222696738 0.9998379118
605001 0.01738049378  -0.002981074776 0.9998445037
606001 -0.01768055053  0.003716861049 0.9998367782
607001 0.0175444861  -0.004665712561 0.9998351975
608001 -0.0174086245  0.004997733788 0.9998359678
609001 0.01722900152  -0.00530358622 0.9998375035
610001 -0.01713760345  0.005547646008 0.9998377499
611001 0.01690854637  -0.006721480045 0.9998344477
612001 -0.01730247787  0.007467796771 0.9998224124
613001 0.01661365572  -0.008249335706 0.9998279526
614001 -0.01614252416  0.008566707628 0.9998330013
615001 0.01581169022  -0.009368511403 0.9998310964
616001 -0.01522955405  0.0102035571 0.9998319599
617001 0.01467544585  -0.01074337866 0.9998345919
618001 -0.01412165739  0.01099431913 0.999839839
619001 0.01342779234  -0.01118238447 0.9998473127
620001 -0.01330886654  0.01199783548 0.9998394501
621001 0.01303085633  -0.0121987207 0.9998406813
622001 -0.01202853118  0.01267832077 0.9998472756
623001 0.01143559355  -0.01324275114 0.9998469166
624001 -0.01109634759  0.01324972584 0.9998506468
625001 0.009548912551  -0.01446969089 0.9998497119
626001 -0.009325124522  0.01522956145 0.9998405385
627001 0.009228111863  -0.01497593209 0.9998452697
628001 -0.008233248522  0.01567008531 0.9998433187
629001 0.007508869994  -0.01669251256 0.9998324744
630001 -0.006938952353  0.01722870472 0.9998274964
631001 0.006262598074  -0.0182491102 0.9998138576
632001 -0.005423484989  0.01882418413 0.9998080995
633001 0.004397135884  -0.01912251164 0.9998074788
634001 -0.003293684578  0.01920453728 0.9998101507
635001 0.002212934364  -0.01948457121 0.9998077087
636001 -0.001614987508  0.0196020687 0.9998065566
637001 0.001070009885  -0.01979733149 0.999803441
638001 3.57219127e-05  0.0205716065 0.9997883815
639001 -0.001155993461  -0.02003523239 0.9997986063
640001 0.001719865647  0.01979235041 0.999802633
641001 -0.002701659231  -0.01997806086 0.9997967684
642001 0.003434267266  0.01930107411 0.9998078187
643001 -0.004246325689  -0.01938696064 0.9998030378
644001 0.004521219835  0.01903747541 0.9998085482
645001 -0.005877777108  -0.01855904462 0.9998104888
646001 0.006963880456  0.01881581207 0.9997987145
647001 -0.007927026578  -0.0187160334 0.9997934148
648001 0.008530701046  0.01826526742 0.9997967829
649001 -0.009328114004  -0.01738246825 0.9998053991
650001 0.009694888676  0.01693097117 0.9998096575
651001 -0.01093207355  -0.01645715149 0.9998048069
652001 0.01218337817  0.01572841126 0.9998020716
653001 -0.01224255248  -0.01461141061 0.9998182968
654001 0.0129279168  0.01406437916 0.9998175144
655001 -0.01362198336  -0.01345874887 0.999816635
656001 0.01429518582  0.01235359191 0.9998215023
657001 -0.01508081364  -0.01148432343 0.9998203235
658001 0.01572867026  0.01129315816 0.9998125192
659001 -0.01643903604  -0.01099082248 0.9998044608
660001 0.01657681612  0.01072457992 0.9998050773
661001 -0.01684360971  -0.0100289759 0.9998078377
662001 0.01676504871  0.009525703214 0.9998140798
663001 -0.01727410155  -0.008526583877 0.9998144342
664001 0.01781582776  0.007840493309 0.9998105435
665001 -0.01767006793  -0.00733388413 0.9998169747
666001 0.01772661597  0.006899583845 0.999819065
667001 -0.01827762977  -0.006599125464 0.9998111721
668001 0.01825383279  0.006665000487 0.9998111698
669001 -0.01856327411  -0.005454962643 0.9998128066
670001 0.0188123534  0.005037381575 0.9998103421
671001 -0.01919144259  -0.004100988788 0.9998074167
672001 0.01941084736  0.003752529997 0.9998045496
673001 -0.01913528544  -0.003164658496 0.9998118952
674001 0.01952921595  0.002228584134 0.9998068029
675001 -0.01957535029  -0.001735485135 0.9998068782
676001 0.01960499926  0.0009554674247 0.999807347
677001 -0.02046932041  -8.3754231e-05 0.999790478
678001 0.020322124  -0.001270198038 0.9997926774
679001 -0.02025263904  0.002132311463 0.9997926204
680001 0.02001282425  -0.002954236785 0.9997953587
681001 -0.01976360666  0.003753979975 0.9997976333
682001 0.01974558073  -0.003762823509 0.9997979562
683001 -0.01954190465  0.004555861002 0.9997986588
684001 0.01903025558  -0.004812430797 0.9998073264
685001 -0.01922149544  0.005192876103 0.9998017644
686001 0.0193229107  -0.006037018455 0.9997950688
687001 -0.01891824978  0.006838580806 0.9997976463
688001 0.01848720442  -0.006726947949 0.999806467
689001 -0.0178005538  0.007781150862 0.9998112792
690001 0.01681622074  -0.00875584726 0.9998202588
691001 -0.01667806772  0.009581425835 0.999815002
692001 0.01575159694  -0.01031967432 0.99982268
693001 -0.01484739371  0.01104952065 0.9998287168
694001 0.01454751332  -0.01182680908 0.9998242328
695001 -0.01409955112  0.01275760877 0.9998192067
696001 0.01379707372  -0.01367102371 0.9998113541
697001 -0.01323880633  0.01481938917 0.9998025403
698001 0.01308877779  -0.01550064917 0.9997941857
699001 -0.01224804203  0.01576142295 0.9998007616
700001 0.01144819942  -0.01589202982 0.9998081726
701001 -0.01076860556  0.01688540423 0.99979944
702001 0.009698318526  -0.01679329142 0.9998119463
703001 -0.00894943882  0.01740607439 0.9998084497
704001 0.008275694725  -0.01824246166 0.9997993426
705001 -0.007042301359  0.01875233815 0.9997993578
706001 0.006134039104  -0.01975426341 0.9997860484
707001 -0.004920321858  0.0209746527 0.9997679002
708001 0.003595822951  -0.02176568824 0.9997566328
709001 -0.002493649059  0.02217679644 0.9997509547
710001 0.001709182196  -0.0226064237 0.9997429811
711001 -0.0010286615  0.02288657123 0.9997375389
712001 -0.0001624352677  -0.02252510972 0.9997462643
713001 0.001240087328  0.02249328195 0.999746225
714001 -0.001920786823  -0.02246862713 0.9997457033
715001 0.002539361199  0.02267545318 0.9997396538
716001 -0.003307918658  -0.02209860982 0.9997503234
717001 0.004099725627  0.02171559973 0.9997557827
718001 -0.004889441677  -0.02165539405 0.9997535382
719001 0.005740542526  0.02070257084 0.9997691982
720001 -0.006137083756  -0.01996920828 0.9997817596
721001 0.006919291978  0.02008625432 0.9997743074
722001 -0.008698426132  -0.01923186933 0.9997772115
723001 0.009221575694  0.01878867592 0.9997809501
724001 -0.01048632007  -0.01876382695 0.9997689512
725001 0.01133947991  0.01850972369 0.9997643754
726001 -0.01209410376  -0.0175070583 0.9997735921
727001 0.01253540201  0.01738868469 0.9997702223
728001 -0.01361679348  -0.01621144635 0.9997758608
729001 0.01458070689  0.01581093733 0.9997686819
730001 -0.01533214148  -0.01533812021 0.9997648061
731001 0.01604793821  0.01424142296 0.9997697963
732001 -0.0167743331  -0.01382267352 0.9997637498
733001 0.01760223734  0.01316720305 0.9997583638
734001 -0.01797487206  -0.01255912562 0.9997595572
735001 0.01889078756  0.01172861168 0.9997527583
736001 -0.02000042019  -0.01080494401 0.9997415848
737001 0.02019991217  0.009852428154 0.9997474147
738001 -0.02017366404  -0.009060321443 0.999755437
739001 0.0200492834  0.008150868512 0.9997657673
740001 -0.02044060849  -0.007421750637 0.9997635216
741001 0.0205489555  0.00685866285 0.999765322
742001 -0.02069412767  -0.005953961945 0.9997681248
743001 0.02032717791  0.005164025005 0.9997800451
744001 -0.02088564869  -0.00432112405 0.9997725329
745001 0.02147876948  0.003402635053 0.9997635143
746001 -0.02201251305  -0.001820339829 0.999756038
747001 0.02184855725  -8.088322143e-05 0.9997612885
748001 -0.02179060569  0.0006503642843 0.999762345
749001 0.02190627392  -0.0005636191991 0.9997598699
750001 -0.02157912004  0.0009487047005 0.9997666935
751001 0.02211451933  -0.001388359156 0.9997544801
752001 -0.02196131121  0.002597139483 0.9997554479
753001 0.02232683525  -0.003263449555 0.9997453987
754001 -0.02263809979  0.004258869936 0.999734654
755001 0.02254541018  -0.004911272471 0.9997337565
756001 -0.02261375159  0.005628789534 0.9997284306
757001 0.02282438984  -0.007443572877 0.9997117787
758001 -0.02233053828  0.008734071802 0.9997124902
759001 0.02166460568  -0.009711605377 0.999718125
760001 -0.02080339417  0.01042679894 0.9997292136
761001 0.02006805942  -0.0108394707 0.9997398556
762001 -0.01872445475  0.01245188561 0.9997471407
763001 0.01767344134  -0.01307875456 0.9997582686
764001 -0.01732165972  0.01353518819 0.9997583502
765001 0.01704924803  -0.01366854368 0.9997612185
766001 -0.01611296734  0.0145209218 0.9997647299
767001 0.01511334063  -0.01514311736 0.9997711103
768001 -0.01457049122  0.01574003578 0.9997699496
769001 0.01433328436  -0.01587765991 0.9997712022
770001 -0.01376527074  0.0160620795 0.9997762384
771001 0.01291806653  -0.01676979197 0.9997759237
772001 -0.0117277836  0.01778640335 0.9997730257
773001 0.009895086544  -0.01855044801 0.9997789596
774001 -0.008996375836  0.01862675111 0.9997860318
775001 0.008557144455  -0.0193930834 0.9997753165
776001 -0.007514923881  0.02010351787 0.9997696607
777001 0.006759491893  -0.02006822744 0.9997757626
778001 -0.005999026018  0.02035544132 0.9997748085
779001 0.004586015974  -0.02124795057 0.9997637186
780001 -0.002964425285  0.02176430228 0.9997587345
781001 0.00206814856  -0.02226025545 0.9997500706
782001 -0.001104371757  0.0226272617 0.9997433607
783001 7.257686813e-05  -0.02236394193 0.9997498931
784001 0.0008722921226  0.02240060379 0.9997486944
785001 -0.001098545909  -0.02243708532 0.9997476533
786001 0.002657265121  0.02283250386 0.9997357729
787001 -0.003160115145  -0.02268492393 0.9997376695
788001 0.003613926345  0.02275900632 0.9997344483
789001 -0.004693748709  -0.02248051845 0.9997362627
790001 0.005440374112  0.02273436188 0.9997267382
791001 -0.006857154284  -0.02240318242 0.9997255007
792001 0.008231240628  0.02200554068 0.9997239633
793001 -0.0093809281  -0.02196650674 0.9997146947
794001 0.01041448944  0.02158861974 0.9997126937
795001 -0.0119277237  -0.02099734877 0.9997083778
796001 0.01263436427  0.02020871091 0.9997159501
797001 -0.01289044642  -0.01939525818 0.9997287934
798001 0.01393471729  0.0195117019 0.9997125172
799001 -0.01437531169  -0.019064313 0.9997149105
800001 0.01583460449  0.01803575014 0.999711947
801001 -0.01695306904  -0.01687053203 0.9997139484
802001 0.01752265643  0.01606501333 0.999717396
803001 -0.0183112533  -0.01533727899 0.9997146922
804001 0.01854160362  0.01544144127 0.999708843
805001 -0.01927677174  -0.01417230369 0.9997137349
806001 0.01997303675  0.01297094422 0.999716376
807001 -0.02099223929  -0.01230219263 0.9997039471
808001 0.02226246706  0.01133791744 0.9996878684
809001 -0.02290942135  -0.01012706812 0.9996862512
810001 0.02348753878  0.008580804337 0.9996873038
811001 -0.02357377521  -0.007869520929 0.9996911262
812001 0.02347020302  0.006427535354 0.9997038743
813001 -0.02405019104  -0.005511512859 0.9996955594
814001 0.02403139609  0.004733226619 0.9996999993
815001 -0.02402436635  -0.003840872644 0.9997039949
816001 0.02393249471  0.002621355596 0.9997101401
817001 -0.02408122299  -0.001432987895 0.9997089783
818001 0.02404303541  0.0002904763948 0.9997108822
819001 -0.02401929845  0.001118149255 0.9997108697
820001 0.02358571827  -0.001972412062 0.9997198725
821001 -0.02379287935  0.003702788021 0.9997100521
822001 0.02313376329  -0.004162921429 0.9997237114
823001 -0.02247649685  0.004993247694 0.9997349021
824001 0.02130582069  -0.005558316568 0.9997575542
825001 -0.02104991589  0.006012007652 0.9997603497
826001 0.02069151116  -0.006589034176 0.9997641952
827001 -0.02000848946  0.007149083669 0.99977425
828001 0.01914735259  -0.008014335197 0.9997845514
829001 -0.01924323968  0.008554364831 0.9997782357
830001 0.01893249934  -0.01000511062 0.9997707028
831001 -0.01856674831  0.01129029094 0.9997638747
832001 0.01811990203  -0.01258229548 0.9997566479
833001 -0.01808906247  0.01431999379 0.9997338264
834001 0.01762198273  -0.01523477916 0.9997286468
835001 -0.01709630616  0.01613454814 0.9997236581
836001 0.01635108178  -0.01650950709 0.9997300027
837001 -0.01571462464  0.01721515505 0.9997283076
838001 0.01481391905  -0.01783016755 0.9997312803
839001 -0.01460551463  0.01811919843 0.9997291501
840001 0.01400598601  -0.01899382134 0.9997214948
841001 -0.01270414017  0.0199843102 0.9997195767
842001 0.01134150503  -0.0199120187 0.9997374064
843001 -0.01035760073  0.02004487099 0.9997454292
844001 0.009286136526  -0.02080199994 0.9997404885
845001 -0.007489584015  0.02104779427 0.9997504171
846001 0.006244907227  -0.02084163504 0.9997632857
847001 -0.005548043028  0.02122876009 0.9997592505
848001 0.004378296692  -0.02153985485 0.9997584034
849001 -0.003458211924  0.02172132695 0.9997580831
850001 0.00247074378  -0.02174170834 0.9997605681
851001 -0.0008792018425  0.02194965305 0.9997586907
852001 0.0003661564323  -0.02157525259 0.9997671601
853001 0.0004426800978  0.0208912453 0.9997816561
854001 -0.001558483595  -0.02120555833 0.9997739221
855001 0.001906553455  0.0204417649 0.9997892274
856001 -0.002786551821  -0.02109341213 0.9997736259
857001 0.003453621935  0.02102815078 0.9997729189
858001 -0.004427360923  -0.02090777993 0.9997716055
859001 0.005426548  0.02064559552 0.99977213
860001 -0.005603154027  -0.0200283039 0.9997837124
861001 0.006888823995  0.0202419667 0.9997713773
862001 -0.007731896814  -0.01973122285 0.9997754231
863001 0.008316482445  0.01873078091 0.9997899749
864001 -0.009270240457  -0.01867554179 0.9997826197
865001 0.009653917301  0.01837077566 0.999784635
866001 -0.01002333832  -0.01778425209 0.9997916048
867001 0.01067518491  0.01707057878 0.9997972973
868001 -0.01103731979  -0.01653636934 0.9998023435
869001 0.01129986767  0.0163401238 0.9998026372
870001 -0.01190736615  -0.01576423573 0.9998048327
871001 0.01264830516  0.01516940678 0.9998049357
872001 -0.0138160988  -0.01458381634 0.9997981935
873001 0.01433090279  0.01417263861 0.9997968601
874001 -0.01467930034  -0.01344473395 0.999801859
875001 0.01517484731  0.01286775905 0.9998020528
876001 -0.01523954517  -0.01195381328 0.9998124137
877001 0.0155140455  0.01082407885 0.9998210608
878001 -0.01613004274  -0.009855443389 0.99982133
879001 0.01666806137  0.009607610953 0.9998149176
880001 -0.01708191081  -0.009372304492 0.9998101661
881001 0.0171367829  0.008705322404 0.9998152569
882001 -0.01713290106  -0.008254952908 0.9998191434
883001 0.01704988158  0.008216475623 0.9998208795
884001 -0.01749656534  -0.007974306206 0.9998151232
885001 0.01712907164  0.007395675875 0.9998259343
886001 -0.01748189001  -0.006859541439 0.9998236495
887001 0.01782623494  0.00579992521 0.9998242776
888001 -0.01838763397  -0.005351837568 0.9998166095
889001 0.01847469238  0.004797757451 0.999817817
890001 -0.01891837521  -0.003494787997 0.9998149236
891001 0.01875777238  0.003186931143 0.9998189783
892001 -0.01903343017  -0.002493119323 0.9998157395
893001 0.019176292  0.001949343136 0.9998142177
894001 -0.01886250488  -0.001065240533 0.9998215196
895001 0.01956025547  -0.0004551175998 0.9998085763
896001 -0.0197437363  0.001244305826 0.9998042991
897001 0.01961629717  -0.001623810419 0.9998062633
898001 -0.01989730639  0.00276258518 0.9997982123
899001 0.01986836967  -0.00396405071 0.999794746
900001 -0.01955604024  0.005139934064 0.9997955503
901001 0.0188669277  -0.005931206626 0.9998044108
902001 -0.01894369983  0.006859563676 0.9997970207
903001 0.01852584974  -0.007734501126 0.9997984649
904001 -0.01824337396  0.008328350207 0.9997988887
905001 0.01792402566  -0.008903163418 0.9997997114
906001 -0.0175373034  0.009116641119 0.9998046458
907001 0.01705920796  -0.009924817202 0.9998052217
908001 -0.01629075743  0.0111734841 0.9998048632
909001 0.01605344013  -0.01170712657 0.9998025956
910001 -0.01590887355  0.01257412116 0.9997943785
911001 0.0155828507  -0.01345140543 0.9997880948
912001 -0.01515403211  0.01364617522 0.999792047
913001 0.01550341615  -0.01446720185 0.9997751468
914001 -0.01466010429  0.01507791787 0.9997788444
915001 0.01462453295  -0.01552918611 0.9997724578
916001 -0.01403169633  0.01658186379 0.9997640488
917001 0.01334691256  -0.01636780873 0.9997769525
918001 -0.01313714979  0.01697955266 0.9997695285
919001 0.01236309402  -0.01738948531 0.9997723539
920001 -0.01191430694  0.01815174973 0.9997642538
921001 0.01124674247  -0.01936376173 0.9997492463
922001 -0.01023771349  0.01987818708 0.9997499922
923001 0.009422446503  -0.01989532422 0.9997576674
924001 -0.008636539943  0.02068459206 0.9997487473
925001 0.007378747542  -0.02110752603 0.9997499819
926001 -0.006533242125  0.0215800954 0.9997457758
927001 0.005606977377  -0.02239284867 0.9997335255
928001 -0.004561078637  0.02309812399 0.9997227982
929001 0.003793526625  -0.02363532517 0.9997134492
930001 -0.002857530956  0.02452030935 0.999695248
931001 0.002005215422  -0.02472543066 0.9996922687
932001 -0.0009585161389  0.02432952952 0.9997035337
933001 -0.0005649428184  -0.02446779961 0.9997004589
934001 0.001073206106  0.02486875409 0.9996901486
935001 -0.001693093204  -0.02489953226 0.9996885248
936001 0.003182989254  0.02459132648 0.9996925203
937001 -0.004141333782  -0.02416848451 0.9996993216
938001 0.005561726809  0.02468936391 0.9996796999
939001 -0.006375382837  -0.02454920252 0.9996782938
940001 0.007202960085  0.02323033759 0.9997041906
941001 -0.008427115542  -0.02328041012 0.9996934561
942001 0.009574957928  0.02217048126 0.9997083524
943001 -0.01101599201  -0.0211644195 0.9997153171
944001 0.01166737958  0.02099233916 0.9997115554
945001 -0.01266546893  -0.02064025955 0.9997067398
946001 0.01350220161  0.01993347331 0.9997101316
947001 -0.01375992892  -0.01944179373 0.9997163002
948001 0.01445580427  0.01872544911 0.9997201545
949001 -0.01513655962  -0.01804905407 0.9997225196
950001 0.01567713795  0.01802422451 0.9997146366
951001 -0.0162061933  -0.01689575176 0.9997259089
952001 0.01617985826  0.01577688976 0.9997446183
953001 -0.0167903673  -0.01575338977 0.999734922
954001 0.01775993514  0.01570247959 0.9997189689
955001 -0.0182771908  -0.01492858598 0.999721502
956001 0.01859137971  0.01395620333 0.999729756
957001 -0.01947840554  -0.01250502674 0.9997320721
958001 0.02021614105  0.01118330675 0.999733085
959001 -0.02088493089  -0.01062898891 0.9997253844
960001 0.02087620997  0.01018236654 0.9997302152
961001 -0.02126927158  -0.008924585614 0.9997339495
962001 0.02170654951  0.007659249378 0.9997350457
963001 -0.02203557429  -0.006840444622 0.9997337854
964001 0.02253508772  0.006028601332 0.9997278758
965001 -0.02286178981  -0.005452343917 0.9997237671
966001 0.02337013331  0.003925190471 0.9997191754
967001 -0.02349424218  -0.002947168391 0.9997196281
968001 0.02335297771  0.001750175918 0.99972575
969001 -0.02308776012  -0.0004341807553 0.9997333478
970001 0.02277307706  -0.0005644716909 0.9997405005
971001 -0.02288121219  0.00107699477 0.9997376107
972001 0.02296605637  -0.001954651157 0.9997343345
973001 -0.02256360896  0.003367002606 0.9997397395
974001 0.02239372336  -0.004650748251 0.9997384116
975001 -0.02225742635  0.005084399365 0.9997393439
976001 0.0224008796  -0.006425434791 0.9997284203
977001 -0.02181239069  0.007957682369 0.9997304111
978001 0.021279125  -0.009341520645 0.9997299309
979001 -0.02066582792  0.01074463776 0.9997287013
980001 0.01999779725  -0.01152181133 0.9997336325
981001 -0.01965233761  0.01268038411 0.9997264593
982001 0.01921198601  -0.01294883846 0.9997315775
983001 -0.01885321768  0.0138239796 0.9997266895
984001 0.01786943125  -0.01494194553 0.999728674
985001 -0.01737886199  0.01588371634 0.9997228029
986001 0.01657590691  -0.01644772099 0.9997273187
987001 -0.01582095868  0.01729582464 0.9997252381
988001 0.01504464259  -0.0181130114 0.9997227503
989001 -0.01386846221  0.01889667863 0.9997252529
990001 0.01301137768  -0.0191873779 0.9997312382
991001 -0.01279123331  0.01990779399 0.9997199928
992001 0.01099137926  -0.02089877799 0.9997211764
993001 -0.01065891216  0.02137701439 0.9997146647
994001 0.009759263276  -0.02222192346 0.999705428
995001 -0.008923482345  0.02339742906 0.9996864167
996001 0.007738244862  -0.02350986083 0.9996936561
997001 -0.006749044241  0.02349852076 0.9997010903
998001 0.006226496636  -0.02368851695 0.9996999974
999001 -0.005603363247  0.02369528563 0.9997035239
1000001 0.004647980355  -0.02404079302 0.9997001733
1001001 -0.002855167004  0.02394741754 0.9997091423
1002001 0.001644990511  -0.02384617214 0.9997142862
1003001 -0.0005287778734  0.02379654957 0.9997166822
1004001 -0.000776131071  -0.0243310705 0.9997036544
1005001 0.00141563248  0.02458903696 0.9996966416
1006001 -0.002527688466  -0.02388190447 0.9997115911
1007001 0.003538023141  0.02334140663 0.9997212917
1008001 -0.004234567633  -0.02292963272 0.9997281132
1009001 0.005013798844  0.02309789171 0.9997206356
1010001 -0.005590327742  -0.02347819269 0.9997087189
1011001 0.006024416417  0.02303080619 0.999716604
1012001 -0.007425086212  -0.02213740979 0.9997273644
1013001 0.007745885505  0.02138992614 0.9997412026
1014001 -0.009226534115  -0.02148105079 0.9997266804
1015001 0.01049136595  0.02063579829 0.9997320116
1016001 -0.01140229132  -0.0200755658 0.9997334442
1017001 0.01207460802  0.0199065454 0.9997289299
1018001 -0.01318359392  -0.01926584462 0.9997274729
1019001 0.01436361308  0.01891882853 0.9997178424
1020001 -0.01534742817  -0.01829361923 0.9997148593
1021001 0.01612067152  0.0168063137 0.9997287991
1022001 -0.01675424916  -0.01588229703 0.9997334884
1023001 0.01716269733  0.01559610624 0.9997310655
1024001 -0.01806615321  -0.01477138616 0.999727673
1025001 0.01842821008  0.01366151345 0.9997368474
1026001 -0.0188407469  -0.01324944848 0.999734704
1027001 0.019842806  0.01258598573 0.9997238899
1028001 -0.02069699794  -0.01138591714 0.9997209586
1029001 0.02077005571  0.01008690404 0.999733394
1030001 -0.02069109171  -0.009291143997 0.9997427436
1031001 0.02112555023  0.008129398623 0.9997437792
1032001 -0.02146373033  -0.006952824887 0.9997454508
1033001 0.0214632293  0.006556812356 0.9997481373
1034001 -0.02225740649  -0.006075260622 0.9997338141
1035001 0.02234192449  0.00565742039 0.9997343807
1036001 -0.02282360427  -0.004665061282 0.9997286233
1037001 0.02280118226  0.003943244731 0.9997322426
1038001 -0.02262116621  -0.002707093438 0.9997404435
1039001 0.02263180002  0.001878960892 0.9997421023
1040001 -0.0225179532  -0.0003328895663 0.9997463833
1041001 0.0224618614  -0.0006264509134 0.9997475043
1042001 -0.02274876074  0.001777535932 0.9997396332
1043001 0.02308985785  -0.002439453813 0.9997304174
1044001 -0.02312289662  0.004066592793 0.9997243592
1045001 0.02329303406  -0.005252468944 0.9997148824
1046001 -0.02292577747  0.00606921028 0.9997187471
1047001 0.02180174105  -0.007854349744 0.9997314606
1048001 -0.02105227908  0.008611311138 0.9997412899
1049001 0.02117525235  -0.009710234703 0.9997286232
1050001 -0.02064128321  0.01046925688 0.9997321301
1051001 0.01987375091  -0.01078413789 0.9997443355
1052001 -0.01966963175  0.01183446431 0.9997364908
1053001 0.0187262543  -0.01394350557 0.9997274159
1054001 -0.01899269233  0.01506808202 0.9997060721
1055001 0.01803894397  -0.01597120379 0.9997097164
1056001 -0.01748794168  0.01730013272 0.9996973928
1057001 0.01724717159  -0.0175321542 0.9996975336
1058001 -0.01614758424  0.0180755917 0.9997062211
1059001 0.0149669127  -0.01842859436 0.9997181495
1060001 -0.01376746442  0.01943007145 0.9997164244
1061001 0.01306961411  -0.02109230803 0.9996921024
1062001 -0.01206886621  0.02157929308 0.9996942915
1063001 0.01069599721  -0.02212795611 0.999697929
1064001 -0.009970673497  0.02231642093 0.9997012369
1065001 0.009046665652  -0.02222732759 0.9997120104
1066001 -0.008024109712  0.02332438474 0.9996957471
1067001 0.007217478699  -0.0235518932 0.9996965621
1068001 -0.006512041022  0.02383872046 0.9996946077
1069001 0.005878924965  -0.02415431261 0.9996909559
1070001 -0.004320307067  0.02449895806 0.9996905201
1071001 0.003203639647  -0.02417874235 0.9997025183
1072001 -0.00208627084  0.02367403224 0.9997175539
1073001 0.0006161262541  -0.02408213696 0.9997097934
1074001 0.0007696329015  0.02380728259 0.9997162702
1075001 -0.001971048696  -0.02351353218 0.9997215756
1076001 0.002894748139  0.02328616886 0.9997246495
1077001 -0.003733221835  -0.02309825654 0.9997262293
1078001 0.004526976068  0.02358681836 0.9997115426
1079001 -0.006267796761  -0.02381499239 0.9996967344
1080001 0.00701482645  0.02374098397 0.999693532
1081001 -0.008395450765  -0.02349258798 0.9996887589
1082001 0.008869213289  0.02351259191 0.9996841977
1083001 -0.009460870399  -0.02363280562 0.9996759387
1084001 0.01014326512  0.02347290401 0.999673015
1085001 -0.01163963562  -0.0226147803 0.9996764929
1086001 0.01317314622  0.02183605115 0.9996747746
1087001 -0.01382481421  -0.02134291235 0.999676625
1088001 0.01433191162  0.02086961802 0.9996794763
1089001 -0.01536241385  -0.0202316225 0.9996772868
1090001 0.01611652493  0.01934012274 0.9996830584
1091001 -0.01707958923  -0.01845660543 0.9996837707
1092001 0.01763135174  0.0178524703 0.9996851628
1093001 -0.01749814155  -0.01684544466 0.9997049795
1094001 0.01795506525  0.01590951675 0.99971221
1095001 -0.01849811614  -0.01486470774 0.9997183904
1096001 0.0184339766  0.01417218349 0.9997296323
1097001 -0.01871848306  -0.01304144821 0.9997397356
1098001 0.01896753843  0.01228455024 0.9997446285
1099001 -0.01965937126  -0.01136054546 0.9997421903
1100001 0.02049008692  0.0104015341 0.9997359473
1101001 -0.0204227204  -0.00946840897 0.9997465987
1102001 0.02166433134  0.007772721792 0.9997350857
1103001 -0.02176147676  -0.006333903942 0.9997431269
1104001 0.02204676756  0.005876379103 0.9997396702
1105001 -0.02209919771  -0.005108405838 0.9997427317
1106001 0.02235774498  0.003542545715 0.999743758
1107001 -0.02214738407  -0.002057962353 0.9997525985
1108001 0.0219385714  0.001736219923 0.999757813
1109001 -0.02220494106  -0.0008229309585 0.9997531012
1110001 0.02322246184  -0.0002537660904 0.99973029
1111001 -0.02320241695  0.0006201553989 0.9997305953
1112001 0.02303819652  -0.00172105206 0.9997331041
1113001 -0.02290429327  0.002735694089 0.9997339192
1114001 0.02217652345  -0.004126949548 0.9997455527
1115001 -0.02171350172  0.004596059274 0.9997536697
1116001 0.02110197858  -0.006039435307 0.9997590868
1117001 -0.02116120527  0.007193909087 0.9997501943
1118001 0.02093931499  -0.008066954566 0.9997482029
1119001 -0.02092418672  0.00872352037 0.9997430063
1120001 0.02051363376  -0.009819756472 0.9997413481
1121001 -0.02030360564  0.01114578994 0.9997317315
1122001 0.01917276071  -0.01202818785 0.9997438311
1123001 -0.01851484122  0.01284729931 0.9997460415
1124001 0.01865253534  -0.01387803991 0.9997297049
1125001 -0.01711187873  0.01419874424 0.999752759
1126001 0.0172058249  -0.014517868 0.9997465634
1127001 -0.01671990586  0.01470767617 0.9997520337
1128001 0.01535695304  -0.01569534919 0.9997588809
1129001 -0.01432572213  0.01649056006 0.9997613891
1130001 0.01424224314  -0.01729145691 0.9997490505
1131001 -0.0129099242  0.0175369163 0.9997628671
1132001 0.01275062015  -0.01782508558 0.9997598151
1133001 -0.01251177447  0.01802806301 0.9997591932
1134001 0.01171279282  -0.0182529474 0.9997647925
1135001 -0.01094980006  0.01873250971 0.9997645697
1136001 0.01055097917  -0.01883743182 0.9997668868
1137001 -0.009872778835  0.019606498 0.9997590277
1138001 0.008952236428  -0.01950382581 0.9997697026
1139001 -0.007824178478  0.01961490702 0.9997769939
1140001 0.007480973435  -0.02010467024 0.9997698921
1141001 -0.00721226941  0.0206406712 0.9997609443
1142001 0.006053974174  -0.02132070808 0.9997543582
1143001 -0.004860213846  0.02205865182 0.9997448645
1144001 0.004176308318  -0.02222038762 0.9997443737
1145001 -0.003227148275  0.02245639455 0.9997426148
1146001 0.002117094392  -0.02263912466 0.9997414605
1147001 -0.001342812398  0.02282579604 0.9997385557
1148001 6.738329231e-05  -0.02343694205 0.9997253149
1149001 0.001173190968  0.02421443323 0.9997060992
1150001 -0.001999444822  -0.02417305368 0.9997057895
1151001 0.00311615681  0.02407448465 0.9997053109
1152001 -0.00380283402  -0.0237014708 0.9997118478
1153001 0.004751597811  0.02302856274 0.9997235156
1154001 -0.006053253994  -0.02235335664 0.9997318068
1155001 0.006768024191  0.02114384475 0.9997535354
1156001 -0.008274274884  -0.02084686743 0.9997484406
1157001 0.008683491019  0.02029263126 0.9997563733
1158001 -0.009324253528  -0.01991831915 0.9997581302
1159001 0.0108173616  0.01917744971 0.9997575756
1160001 -0.01157143655  -0.01902132652 0.9997521147
1161001 0.01331181932  0.01865730909 0.9997373156
1162001 -0.01500372797  -0.01831032794 0.9997197707
1163001 0.01569333844  0.01784373806 0.9997176202
1164001 -0.01671318924  -0.01639652809 0.999725874
1165001 0.01806373772  0.01563590172 0.9997145692
1166001 -0.01859543772  -0.01559205506 0.9997055054
1167001 0.0187134584  0.01437823528 0.9997214976
1168001 -0.01949993126  -0.01302398923 0.9997250264
1169001 0.01985049428  0.01254090649 0.9997243037
1170001 -0.02020146669  -0.01108375402 0.9997344903
1171001 0.02068004925  0.01041439282 0.999731902
1172001 -0.02093390797  -0.009642974432 0.999734357
1173001 0.02078704203  0.009455070155 0.9997392162
1174001 -0.02109367958  -0.008141266862 0.9997443555
1175001 0.02136487962  0.006710168396 0.9997492263
1176001 -0.02177767432  -0.005772294513 0.9997461745
1177001 0.02273307486  0.004300336027 0.9997323214
1178001 -0.02336906027  -0.003325075251 0.9997213766
1179001 0.02310417704  0.001836803606 0.9997313755
1180001 -0.02305238029  0.0003337008368 0.9997342029
1181001 0.02347920237  -0.001006029196 0.9997238193
1182001 -0.02279009859  0.002394468961 0.9997374045
1183001 0.02274086926  -0.003276154799 0.999736025
1184001 -0.02209757169  0.004368117733 0.9997462762
1185001 0.02176148937  -0.005084240784 0.9997502628
1186001 -0.02195307599  0.005626107446 0.9997431717
1187001 0.02174591999  -0.005808366392 0.9997466568
1188001 -0.02157215605  0.007096861632 0.999742105
1189001 0.02034867612  -0.007878080536 0.9997619052
1190001 -0.01992839071  0.008504598853 0.9997652379
1191001 0.01969103755  -0.009373357663 0.9997621733
1192001 -0.0196298183  0.01062995464 0.9997508061
1193001 0.01853875531  -0.01108629247 0.9997666771
1194001 -0.01744744528  0.01148428811 0.9997818251
1195001 0.01665562646  -0.01243651138 0.9997839383
1196001 -0.01622772395  0.01335437762 0.9997791364
1197001 0.0159874415  -0.01395652161 0.9997747832
1198001 -0.0152510886  0.01508908162 0.9997698354
1199001 0.01448876924  -0.015029098 0.9997820771
1200001 -0.01386288209  0.01534609625 0.999786136
1201001 0.01405095333  -0.0156887646 0.9997781921
1202001 -0.01335466234  0.01601289487 0.9997825964
1203001 0.01256200241  -0.01662795432 0.99978283
1204001 -0.01199360531  0.01686551363 0.999785831
1205001 0.01132315447  -0.0167938234 0.9997948558
1206001 -0.01010686843  0.01704915741 0.9998035694
1207001 0.008822605828  -0.01756404256 0.9998068143
1208001 -0.008064018029  0.01819479005 0.999801941
1209001 0.006793604861  -0.01787834512 0.9998170891
1210001 -0.007090803862  0.01789548531 0.9998147189
1211001 0.00626651026  -0.01894334304 0.9998009205
1212001 -0.005456990197  0.01940210495 0.9997968691
1213001 0.004918952777  -0.02017054609 0.9997844532
1214001 -0.004646547169  0.01952217428 0.9997986269
1215001 0.002630711587  -0.02035526807 0.999789349
1216001 -0.002173311392  0.02047616496 0.9997879792
1217001 0.0006159895864  -0.0203590782 0.9997925427
1218001 0.0005500401912  0.02051491568 0.9997893956
1219001 -0.001567038608  -0.02112104297 0.9997756978
1220001 0.002951228442  0.02090963131 0.9997770139
1221001 -0.003772546307  -0.0204526411 0.9997837053
1222001 0.004889098487  0.01965437245 0.9997948801
1223001 -0.005793875046  -0.01903800519 0.9998019731
1224001 0.006091808843  0.01912394792 0.9997985619
1225001 -0.006693227265  -0.01864904593 0.9998036876
1226001 0.007400291588  0.01868772266 0.9997979819
1227001 -0.008836247381  -0.01872911367 0.9997855475
1228001 0.009777620575  0.01766765821 0.9997961052
1229001 -0.01052074691  -0.0172772088 0.999795385
1230001 0.01089676156  0.01727176123 0.9997914517
1231001 -0.01165803271  -0.01689360576 0.999789326
1232001 0.01271607069  0.01634432323 0.9997855593
1233001 -0.01322112798  -0.01543671864 0.9997934334
1234001 0.0144243958  0.01474821066 0.9997871909
1235001 -0.01497272935  -0.01434404538 0.9997850097
1236001 0.01582884481  0.01330854005 0.9997861423
1237001 -0.01611783124  -0.01217990254 0.9997959119
1238001 0.01618841853  0.01125365934 0.9998056262
1239001 -0.01664618004  -0.01022370102 0.9998091721
1240001 0.01697753122  0.009957038772 0.9998062916
1241001 -0.01689616829  -0.009265982687 0.9998143133
1242001 0.01715981501  0.008460568682 0.999816963
1243001 -0.0173402909  -0.007323364962 0.9998228256
1244001 0.01786625658  0.006882840181 0.9998166949
1245001 -0.0179838336  -0.005832806364 0.999821264
1246001 0.01864252291  0.005039490278 0.9998135125
1247001 -0.01932699494  -0.004022879074 0.9998051228
1248001 0.01869898013  0.004041691077 0.9998169897
1249001 -0.01826530484  -0.003021087307 0.9998286111
1250001 0.01790423953  0.00166578605 0.9998383186
1251001 -0.01785290228  -0.000843584917 0.9998402683
1252001 0.01799950983  -0.0002745897745 0.999837958
1253001 -0.0179755745  0.00104487059 0.9998378803
1254001 0.01781695218  -0.00145767685 0.9998402029
1255001 -0.01750738212  0.002393913705 0.9998438682
1256001 0.01770078131  -0.002824534855 0.9998393392
1257001 -0.01683754402  0.003504321456 0.9998520975
1258001 0.01681472657  -0.004941135191 0.9998464133
1259001 -0.01668923938  0.005634487324 0.9998448489
1260001 0.01683047835  -0.005919594285 0.999840834
1261001 -0.01664551357  0.007051421938 0.9998365888
1262001 0.01619555655  -0.007648553059 0.9998395889
1263001 -0.01612579209  0.008603563259 0.9998329548
1264001 0.01549208667  -0.008555258632 0.9998433891
1265001 -0.01460659146  0.008928875736 0.9998534506
1266001 0.0140803968  -0.009509914837 0.9998556415
1267001 -0.0131143694  0.01012272599 0.9998627624
1268001 0.0125978838  -0.01016386819 0.9998689859
1269001 -0.01179656108  0.01024706363 0.9998779119
1270001 0.01148044969  -0.01073905748 0.9998764283
1271001 -0.01030427587  0.01140817758 0.9998818307
1272001 0.009962835425  -0.01248939179 0.9998723703
1273001 -0.009075319966  0.01303971202 0.9998737942
1274001 0.00858471961  -0.01338380141 0.9998735802
1275001 -0.008322712822  0.01344285943 0.9998750032
1276001 0.007789377483  -0.01345203881 0.9998791768
1277001 -0.007811908339  0.01422866865 0.9998682508
1278001 0.007193652309  -0.01428095089 0.9998721447
1279001 -0.006161793163  0.01417347207 0.9998805653
1280001 0.005864155247  -0.01476725537 0.9998737619
1281001 -0.006069867997  0.01531470871 0.999864299
1282001 0.005284252123  -0.01542997038 0.9998669875
1283001 -0.005160161941  0.01575882426 0.9998625066
1284001 0.004799664999  -0.01630453874 0.9998555522
1285001 -0.003973105779  0.01652164464 0.9998556144
1286001 0.002937796987  -0.01673120535 0.9998557076
1287001 -0.002607527459  0.01699083806 0.9998522452
1288001 0.002195964513  -0.01709439247 0.9998514687
1289001 -0.00166810977  0.01758028574 0.9998440633
1290001 0.001668707388  -0.01792575577 0.9998379282
1291001 -0.001134243376  0.01768791267 0.9998429133
1292001 0.0006293043351  -0.01741104786 0.9998482181
1293001 -0.0001152879944  0.01759586063 0.9998451742
1294001 -0.0004440297599  -0.01771150394 0.9998430404
1295001 0.0007141249369  0.01724464386 0.999851045
1296001 -0.001751355202  -0.01691135003 0.999855459
1297001 0.002207992907  0.01652255113 0.9998610554
1298001 -0.002761845085  -0.01712441427 0.999849552
1299001 0.003911948784  0.01727070288 0.9998431974
1300001 -0.004900681957  -0.017253912 0.99983913
1301001 0.006168503771  0.01706043154 0.999835432
1302001 -0.00663506917  -0.01722016875 0.9998297063
1303001 0.0077397341  0.01683470678 0.9998283298
1304001 -0.008143223793  -0.01669208361 0.9998275162
1305001 0.009629062525  0.01643474795 0.9998185736
1306001 -0.009968810575  -0.01556056431 0.9998292312
1307001 0.01092793967  0.01540057393 0.9998216853
1308001 -0.01168728415  -0.0144606032 0.9998271342
1309001 0.01152837436  0.01449312826 0.9998285082
1310001 -0.01186017112  -0.01350274876 0.999838493
1311001 0.01286399877  0.01270346878 0.9998365563
1312001 -0.01342572932  -0.01215445311 0.9998359961
1313001 0.01437635616  0.01153544481 0.9998301125
1314001 -0.01508880034  -0.01143887212 0.9998207241
1315001 0.0151872516  0.01114513133 0.9998225509
1316001 -0.01612950534  -0.01040782585 0.9998157411
1317001 0.01675172134  0.009811467511 0.9998115397
1318001 -0.01687802927  -0.008965956232 0.9998173552
1319001 0.0169724684  0.008286386594 0.9998216196
1320001 -0.01769059309  -0.006859054554 0.9998199819
1321001 0.01796652743  0.006219816479 0.9998192425
1322001 -0.01844715196  -0.00560211235 0.9998141422
1323001 0.01883833183  0.004772028928 0.9998111546
1324001 -0.01941151733  -0.004259085366 0.9998025071
1325001 0.01929091297  0.004007564713 0.9998058812
1326001 -0.01933591157  -0.003614511752 0.9998065102
1327001 0.01955737619  0.003456822054 0.9998027602
1328001 -0.01936913833  -0.002540615763 0.9998091726
1329001 0.0196016337  0.001572245577 0.9998066333
1330001 -0.02019533172  -0.001053235516 0.9997954987
1331001 0.02042738678  0.0004162099717 0.9997912525
1332001 -0.02042241749  0.0006696488894 0.9997912164
1333001 0.0207617927  -0.001430666976 0.9997834271
1334001 -0.02082226663  0.002180732486 0.9997808148
1335001 0.02076027592  -0.003240215861 0.9997792316
1336001 -0.0203845594  0.003621683168 0.9997856536
1337001 0.01981837761  -0.004272611373 0.9997944672
1338001 -0.02042387652  0.005124248288 0.9997782791
1339001 0.01984722232  -0.005688516777 0.9997868415
1340001 -0.02004131222  0.007163760478 0.9997734875
1341001 0.01914760255  -0.008438165064 0.9997810593
1342001 -0.01841361532  0.008975726471 0.9997901655
1343001 0.01724071116  -0.009834142452 0.9998030043
1344001 -0.01695405092  0.01057697473 0.9998003239
1345001 0.0166066976  -0.01210813467 0.999788783
1346001 -0.01649554201  0.01293728 0.9997802378
1347001 0.01574763772  -0.01274617201 0.9997947524
1348001 -0.01497580695  0.01295978717 0.9998038653
1349001 0.01398074452  -0.01304102205 0.9998172185
1350001 -0.01374316612  0.01327445533 0.9998174404
1351001 0.01290346543  -0.01347749384 0.9998259137
1352001 -0.01216674487  0.01427900374 0.9998240247
1353001 0.01166440841  -0.01472247574 0.9998235796
1354001 -0.01051029996  0.01574612977 0.9998207804
1355001 0.009925239228  -0.01598969222 0.999822894
1356001 -0.009053361924  0.01638061685 0.9998248406
1357001 0.008468939344  -0.016616558 0.9998260684
1358001 -0.007727659644  0.01769393104 0.9998135866
1359001 0.007051196432  -0.01816287988 0.9998101772
1360001 -0.006020879006  0.01870990611 0.9998068255
1361001 0.005275257308  -0.01888702195 0.9998077075
1362001 -0.004902897662  0.01916738151 0.9998042674
1363001 0.004118332444  -0.0188078556 0.9998146347
1364001 -0.003306762978  0.0188036224 0.9998177279
1365001 0.0024364975  -0.0189575536 0.9998173206
1366001 -0.001496382792  0.01909126143 0.9998166254
1367001 0.0005842146816  -0.02000767272 0.9997996558
1368001 0.0006669512344  0.01953481108 0.9998089549
1369001 -0.001589999908  -0.01946080537 0.9998093563
1370001 0.002400654192  0.02025981845 0.9997918666
1371001 -0.00301293292  -0.0199809846 0.9997958204
1372001 0.00450088979  0.02000512602 0.9997897463
1373001 -0.005315049227  -0.01935101149 0.999798624
1374001 0.00637631976  0.01924134641 0.9997945354
1375001 -0.007879674253  -0.01950076543 0.9997787909
1376001 0.008919526383  0.01975772266 0.9997650096
1377001 -0.010229053  -0.0194674098 0.9997581639
1378001 0.01118353427  0.01848014044 0.9997666792
1379001 -0.01228384793  -0.01775881826 0.9997668385
1380001 0.01316676908  0.0170765319 0.9997674871
1381001 -0.01399094372  -0.01690905294 0.9997591397
1382001 0.01461489527  0.01676071039 0.9997527111
1383001 -0.01526771743  -0.01652431801 0.9997468898
1384001 0.01590616491  0.01583213131 0.999748137
1385001 -0.01723386242  -0.01475222689 0.9997426497
1386001 0.01790477789  0.01350958397 0.9997484234
1387001 -0.01863471586  -0.01285754091 0.9997436826
1388001 0.01883683897  0.01231784269 0.99974669
1389001 -0.01951175747  -0.01123417109 0.9997465102
1390001 0.01973370774  0.01046671343 0.9997504832
1391001 -0.01943393814  -0.009723286246 0.999763862
1392001 0.01915839118  0.008809649865 0.9997776483
1393001 -0.01917991568  -0.008656069716 0.9997785771
1394001 0.01996493031  0.007617561526 0.9997716611
1395001 -0.02018993621  -0.006548993828 0.9997747132
1396001 0.01900340212  0.005679675684 0.9998032866
1397001 -0.01894862008  -0.004619122547 0.9998097886
1398001 0.01952157968  0.004216301183 0.9998005454
1399001 -0.02003399927  -0.003627075326 0.9997927201
1400001 0.02054354791  0.002994597188 0.9997844743
1401001 -0.01975439074  -0.00173972807 0.9998033493
1402001 0.01943402902  0.0004612530354 0.999811035
1403001 -0.02056975566  0.0003172250346 0.9997883698
1404001 0.02040676888  -0.002158241732 0.9997894307
1405001 -0.02017719836  0.003264018963 0.9997910916
1406001 0.02073846004  -0.004136676564 0.9997763771
1407001 -0.02074213737  0.004476679222 0.9997748362
1408001 0.02112131505  -0.00528156711 0.9997629694
1409001 -0.02136460256  0.006315153274 0.9997518055
1410001 0.02107897945  -0.007731953061 0.999747915
1411001 -0.02069356652  0.008338083641 0.9997510953
1412001 0.02072199465  -0.008588529752 0.9997483864
1413001 -0.0204768568  0.009680164422 0.9997434634
1414001 0.0193357479  -0.01090184004 0.999753609
1415001 -0.01862786405  0.01158332473 0.9997593857
1416001 0.01870613639  -0.01213590868 0.9997513692
1417001 -0.01762132448  0.01239099259 0.9997679492
1418001 0.01676988852  -0.0135715252 0.9997672652
1419001 -0.01615479768  0.01442414505 0.9997654557
1420001 0.01490294633  -0.01456312979 0.9997828851
1421001 -0.01498985844  0.01552730489 0.9997670763
1422001 0.01429622072  -0.01587960036 0.9997717021
1423001 -0.01383733559  0.01636522054 0.9997703274
1424001 0.01306893025  -0.0165246747 0.9997780444
1425001 -0.01182433889  0.01691303878 0.9997870444
1426001 0.01104348146  -0.0168456298 0.9997971125
1427001 -0.01075471554  0.0175602274 0.9997879647
1428001 0.01000287794  -0.01847689947 0.9997792489
1429001 -0.009367052128  0.01923130949 0.9997711813
1430001 0.009680471367  -0.01892644053 0.9997740136
1431001 -0.00949722018  0.01928397624 0.9997689388
1432001 0.008718740308  -0.019468078 0.9997724628
1433001 -0.007810601105  0.01934838672 0.9997822935
1434001 0.00634300728  -0.02017769782 0.9997762883
1435001 -0.005123004913  0.01917988658 0.9998029239
1436001 0.004128193804  -0.02000161543 0.9997914249
1437001 -0.003013291422  0.02030586435 0.9997892737
1438001 0.001910393724  -0.0206900034 0.9997841137
1439001 -0.000863468076  0.02079345249 0.9997834199
1440001 0.0001749468537  -0.02053084026 0.9997892047
1441001 0.0005423183745  0.02057746736 0.9997881144
1442001 -0.0009658428738  -0.02065925658 0.9997861082
1443001 0.001347049942  0.02038902114 0.9997912148
1444001 -0.002139194512  -0.02075440689 0.9997823155
1445001 0.002891340641  0.02130809006 0.999768776
1446001 -0.003825503961  -0.02127758214 0.9997662877
1447001 0.004921400921  0.02048148308 0.9997781197
1448001 -0.005921692189  -0.01995752487 0.9997832919
1449001 0.006198555601  0.02063524994 0.9997678552
1450001 -0.006481789247  -0.02057256014 0.999767351
1451001 0.007714838013  0.0203131969 0.9997638998
1452001 -0.009262391035  -0.0199112857 0.9997588453
1453001 0.009839226499  0.01945441192 0.9997623295
1454001 -0.01082365951  -0.01883630526 0.9997639931
1455001 0.01157305051  0.01793764045 0.9997721268
1456001 -0.01193501485  -0.01833393024 0.9997606825
1457001 0.01253397377  0.01775662496 0.999763773
1458001 -0.01334812486  -0.01706444259 0.9997652886
1459001 0.01445721713  0.01598629105 0.9997676867
1460001 -0.01538817505  -0.01615800862 0.9997510304
1461001 0.01633527968  0.01541019846 0.9997478104
1462001 -0.01681660478  -0.01468161305 0.9997507949
1463001 0.01644043575  0.01407698239 0.9997657479
1464001 -0.01664351647  -0.01368362092 0.999767849
1465001 0.01734412649  0.01291161861 0.9997662083
1466001 -0.01753411864  -0.01264468853 0.9997663059
1467001 0.01827008541  0.01190068579 0.9997622605
1468001 -0.01871719437  -0.01103078296 0.9997639663
1469001 0.01932332396  0.0108228465 0.9997547075
1470001 -0.01967031847  -0.01063568054 0.9997499491
1471001 0.01956835505  0.01002875067 0.9997582226
1472001 -0.02000099142  -0.00899398224 0.9997595054
1473001 0.02036079054  0.008018783866 0.99976054
1474001 -0.02092866269  -0.007172298614 0.9997552446
1475001 0.02153377109  0.006027091273 0.9997499541
1476001 -0.02138720347  -0.005160687859 0.9997579481
1477001 0.02155602882  0.004018328035 0.9997595664
1478001 -0.02190725311  -0.002654294176 0.9997564838
1479001 0.02211950201  0.001952466864 0.9997534273
1480001 -0.0225019306  -0.0009253305235 0.9997463712
1481001 0.02279415565  0.0004414627718 0.999740082
1482001 -0.022421395  0.0005390339929 0.9997484636
1483001 0.02222408744  -0.001416454577 0.999752011
1484001 -0.02198348899  0.002127378426 0.9997560705
1485001 0.02179109818  -0.002960211996 0.9997581633
1486001 -0.02131233557  0.004004648956 0.9997648459
1487001 0.02128846591  -0.005008517092 0.9997608294
1488001 -0.02071339938  0.006075186309 0.9997669964
1489001 0.02068270626  -0.006246695287 0.999766575
1490001 -0.02128066381  0.006849271134 0.9997500792
1491001 0.02098436943  -0.008150583567 0.99974658
1492001 -0.0210395866  0.009386685808 0.9997345777
1493001 0.02099614259  -0.01034029392 0.9997260826
1494001 -0.02061924703  0.01109251954 0.9997258637
1495001 0.01994362761  -0.01221742623 0.9997264557
1496001 -0.0198285132  0.01311224451 0.9997174096
1497001 0.01943678969  -0.01367705883 0.9997175347
1498001 -0.01898041254  0.01408452584 0.999720646
1499001 0.01838811272  -0.01467277803 0.9997232551
1500001 -0.01761283569  0.01520015527 0.999729335
