0 0  -0 1
1 2.22222e-05  2.85676e-15 0.9999999998
251 0.005577748855  1.555851793e-09 0.9999844442
501 0.01113310334  6.210235435e-09 0.9999380251
751 0.0166881142  1.396525528e-08 0.9998607437
1001 0.02224261001  2.481023143e-08 0.9997526025
1251 0.02779641931  3.874275018e-08 0.9996136049
1501 0.0333493707  5.576547213e-08 0.999443755
1751 0.0389012928  7.588523971e-08 0.9992430582
2001 0.04445201424  9.910047959e-08 0.9990115207
2251 0.05000136371  1.254090557e-07 0.9987491495
2501 0.05554916993  1.548085459e-07 0.9984559528
2751 0.06109526167  1.873157702e-07 0.9981319397
3001 0.06663946776  2.229446194e-07 0.9977771201
3251 0.07218161709  2.616831285e-07 0.997391505
3501 0.07772153859  3.035277176e-07 0.9969751062
3751 0.08325906128  3.484745209e-07 0.9965279367
4001 0.08879401426  3.965193864e-07 0.9960500103
4251 0.09432622669  4.476579265e-07 0.9955413417
4501 0.09985552782  5.018854786e-07 0.9950019465
4751 0.105381747  5.591969232e-07 0.9944318415
5001 0.1109047137  6.195869666e-07 0.9938310442
5251 0.1164242574  6.830499856e-07 0.9931995732
5501 0.1219402077  7.495798861e-07 0.992537448
5751 0.1274523945  8.191707972e-07 0.991844689
6001 0.1329606476  8.91816288e-07 0.9911213176
6251 0.1384647969  9.675096441e-07 0.9903673561
6501 0.1439646727  1.046243868e-06 0.9895828278
6751 0.1494601051  1.128011678e-06 0.9887677568
7001 0.1549509246  1.212805513e-06 0.9879221685
7251 0.1604369616  1.300617526e-06 0.9870460888
7501 0.1659180469  1.391439591e-06 0.9861395447
7751 0.1713940113  1.485263301e-06 0.9852025644
8001 0.1768646858  1.582079966e-06 0.9842351766
8251 0.1823299015  1.681880617e-06 0.9832374113
8501 0.1877894897  1.784656005e-06 0.9822092993
8751 0.193243282  1.890396601e-06 0.9811508722
9001 0.19869111  1.999092599e-06 0.9800621627
9251 0.2041328056  2.110733911e-06 0.9789432045
9501 0.2095682007  2.225310175e-06 0.9777940321
9751 0.2149971278  2.342810748e-06 0.9766146809
10001 0.2204194192  2.463224713e-06 0.9754051874
10251 0.2258349075  2.586540876e-06 0.9741655889
10501 0.2312434256  2.712747766e-06 0.9728959236
10751 0.2366448066  2.841833638e-06 0.9715962307
11001 0.2420388837  2.973786472e-06 0.9702665504
11251 0.2474254905  3.108593976e-06 0.9689069236
11501 0.2528044608  3.246243581e-06 0.9675173924
11751 0.2581756285  3.386722449e-06 0.9660979996
12001 0.2635388278  3.530017469e-06 0.9646487891
12251 0.2688938932  3.676115257e-06 0.9631698055
12501 0.2742406595  3.82500216e-06 0.9616610945
12751 0.2795789615  3.976664256e-06 0.9601227027
13001 0.2849086346  4.131087351e-06 0.9585546776
13251 0.2902295143  4.288256985e-06 0.9569570675
13501 0.2955414362  4.448158431e-06 0.9553299218
13751 0.3008442366  4.610776691e-06 0.9536732907
14001 0.3061377516  4.776096506e-06 0.9519872252
14251 0.311421818  4.944102347e-06 0.9502717776
14501 0.3166962726  5.114778425e-06 0.9485270006
14751 0.3219609527  5.288108683e-06 0.9467529482
15001 0.3272156957  5.464076804e-06 0.9449496751
15251 0.3324603395  5.642666207e-06 0.943117237
15501 0.3376947222  5.823860051e-06 0.9412556903
15751 0.3429186822  6.007641234e-06 0.9393650927
16001 0.3481320584  6.193992395e-06 0.9374455023
16251 0.3533346898  6.382895915e-06 0.9354969786
16501 0.3585264158  6.574333916e-06 0.9335195815
16751 0.3637070762  6.768288264e-06 0.9315133722
17001 0.3688765111  6.964740568e-06 0.9294784126
17251 0.374034561  7.163672185e-06 0.9274147654
17501 0.3791810666  7.365064214e-06 0.9253224944
17751 0.3843158692  7.568897506e-06 0.9232016641
18001 0.3894388101  7.775152655e-06 0.9210523401
18251 0.3945497314  7.983810009e-06 0.9188745885
18501 0.3996484752  8.194849661e-06 0.9166684767
18751 0.4047348843  8.40825146e-06 0.9144340727
19001 0.4098088016  8.623995004e-06 0.9121714456
19251 0.4148700704  8.842059645e-06 0.909880665
19501 0.4199185347  9.06242449e-06 0.9075618018
19751 0.4249540386  9.285068401e-06 0.9052149275
20001 0.4299764266  9.509969996e-06 0.9028401146
20251 0.4349855438  9.737107651e-06 0.9004374363
20501 0.4399812355  9.9664595e-06 0.8980069667
20751 0.4449633476  1.019800344e-05 0.895548781
21001 0.4499317263  1.043171712e-05 0.893062955
21251 0.4548862183  1.066757797e-05 0.8905495653
21501 0.4598266706  1.090556315e-05 0.8880086896
21751 0.4647529307  1.114564963e-05 0.8854404064
22001 0.4696648467  1.138781411e-05 0.8828447948
22251 0.4745622669  1.163203306e-05 0.8802219349
22501 0.4794450401  1.187828274e-05 0.8775719078
22751 0.4843130157  1.212653915e-05 0.8748947952
23001 0.4891660434  1.237677809e-05 0.8721906798
23251 0.4940039734  1.262897512e-05 0.8694596449
23501 0.4988266564  1.288310556e-05 0.866701775
23751 0.5036339435  1.313914452e-05 0.863917155
24001 0.5084256865  1.339706687e-05 0.861105871
24251 0.5132017373  1.365684729e-05 0.8582680098
24501 0.5179619486  1.391846021e-05 0.8554036588
24751 0.5227061735  1.418187983e-05 0.8525129066
25001 0.5274342655  1.444708017e-05 0.8495958423
25251 0.5321460787  1.471403499e-05 0.846652556
25501 0.5368414677  1.498271786e-05 0.8436831386
25751 0.5415202876  1.525310214e-05 0.8406876815
26001 0.5461823939  1.552516095e-05 0.8376662774
26251 0.5508276428  1.579886722e-05 0.8346190195
26501 0.5554558909  1.607419366e-05 0.8315460018
26751 0.5600669953  1.635111277e-05 0.8284473191
27001 0.5646608137  1.662959685e-05 0.8253230672
27251 0.5692372044  1.690961799e-05 0.8221733423
27501 0.5737960261  1.719114806e-05 0.8189982419
27751 0.578337138  1.747415876e-05 0.8157978637
28001 0.5828604001  1.775862156e-05 0.8125723067
28251 0.5873656727  1.804450773e-05 0.8093216704
28501 0.5918528168  1.833178836e-05 0.806046055
28751 0.5963216939  1.862043432e-05 0.8027455618
29001 0.6007721661  1.891041631e-05 0.7994202925
29251 0.6052040959  1.920170481e-05 0.7960703499
29501 0.6096173467  1.949427012e-05 0.7926958372
29751 0.6140117821  1.978808234e-05 0.7892968586
30001 0.6183872666  2.00831114e-05 0.7858735191
30251 0.6227436652  2.037932703e-05 0.7824259243
30501 0.6270808433  2.067669876e-05 0.7789541807
30751 0.6313986671  2.097519596e-05 0.7754583953
31001 0.6356970033  2.127478779e-05 0.771938676
31251 0.6399757193  2.157544325e-05 0.7683951316
31501 0.6442346831  2.187713115e-05 0.7648278713
31751 0.6484737631  2.217982012e-05 0.7612370052
32001 0.6526928285  2.248347862e-05 0.7576226443
32251 0.6568917491  2.278807494e-05 0.7539849
32501 0.6610703954  2.309357718e-05 0.7503238846
32751 0.6652286383  2.339995328e-05 0.7466397112
33001 0.6693663495  2.370717099e-05 0.7429324933
33251 0.6734834013  2.401519793e-05 0.7392023455
33501 0.6775796666  2.432400105e-05 0.7354493829
33751 0.681655019  2.46335476e-05 0.7316737213
34001 0.6857093328  2.494380518e-05 0.7278754772
34251 0.6897424827  2.525474072e-05 0.7240547679
34501 0.6937543443  2.556632101e-05 0.7202117113
34751 0.6977447938  2.587851267e-05 0.716346426
35001 0.7017137081  2.619128216e-05 0.7124590312
35251 0.7056609646  2.65045958e-05 0.7085496471
35501 0.7095864414  2.681841974e-05 0.7046183942
35751 0.7134900175  2.713272e-05 0.7006653939
36001 0.7173715724  2.744746244e-05 0.6966907681
36251 0.7212309862  2.776261276e-05 0.6926946396
36501 0.7250681399  2.807813654e-05 0.6886771317
36751 0.728882915  2.839399919e-05 0.6846383684
37001 0.7326751937  2.871016599e-05 0.6805784743
37251 0.7364448591  2.90266021e-05 0.6764975748
37501 0.7401917947  2.93432725e-05 0.6723957958
37751 0.743915885  2.966014207e-05 0.6682732638
38001 0.747617015  2.997717554e-05 0.6641301062
38251 0.7512950704  3.029433751e-05 0.6599664508
38501 0.7549499378  3.061159244e-05 0.6557824262
38751 0.7585815043  3.092890468e-05 0.6515781613
39001 0.7621896579  3.124623843e-05 0.6473537861
39251 0.7657742871  3.15635578e-05 0.6431094309
39501 0.7693352815  3.188082673e-05 0.6388452267
39751 0.7728725309  3.219800908e-05 0.6345613051
40001 0.7763859263  3.251506857e-05 0.6302577983
40251 0.7798753593  3.28319688e-05 0.6259348392
40501 0.7833407221  3.314867327e-05 0.6215925611
40751 0.7867819077  3.346514536e-05 0.6172310982
41001 0.7901988101  3.378134833e-05 0.6128505849
41251 0.7935913236  3.409724534e-05 0.6084511566
41501 0.7969593437  3.441279944e-05 0.6040329489
41751 0.8003027663  3.472729516e-05 0.5995960983
42001 0.8036214882  3.503592118e-05 0.5951407417
42251 0.8069154071  3.534359165e-05 0.5906670166
42501 0.8101844213  3.565027664e-05 0.5861750611
42751 0.8134284298  3.595594619e-05 0.5816650138
43001 0.8166473326  3.626057025e-05 0.5771370139
43251 0.8198410303  3.656411875e-05 0.5725912012
43501 0.8230094243  3.686656158e-05 0.568027716
43751 0.8261524169  3.716786856e-05 0.5634466991
44001 0.829269911  3.746800948e-05 0.5588482919
44251 0.8323618104  3.776695407e-05 0.5542326364
44501 0.8354280197  3.806467204e-05 0.5495998749
44751 0.8384684442  3.836113305e-05 0.5449501506
45001 0.8414829902  3.865630671e-05 0.5402836068
45251 0.8444715645  3.895016261e-05 0.5356003877
45501 0.8474340749  3.924267029e-05 0.5309006377
45751 0.8503704301  3.953379928e-05 0.5261845019
46001 0.8532805393  3.982351904e-05 0.521452126
46251 0.8561643128  4.011179904e-05 0.5167036558
46501 0.8590216615  4.039860869e-05 0.5119392381
46751 0.8618524972  4.06839174e-05 0.5071590198
47001 0.8646567327  4.096769452e-05 0.5023631485
47251 0.8674342813  4.12499094e-05 0.4975517722
47501 0.8701850572  4.153053137e-05 0.4927250394
47751 0.8729089757  4.180952973e-05 0.4878830991
48001 0.8756059526  4.208687375e-05 0.4830261007
48251 0.8782759048  4.23625327e-05 0.4781541941
48501 0.8809187497  4.263647582e-05 0.4732675297
48751 0.8835344058  4.290867237e-05 0.4683662583
49001 0.8861227924  4.317909154e-05 0.4634505313
49251 0.8886838296  4.344770256e-05 0.4585205002
49501 0.8912174384  4.371447462e-05 0.4535763173
49751 0.8937235405  4.397937692e-05 0.4486181351
50001 0.8962020587  4.424237863e-05 0.4436461068
50251 0.8986529163  4.450344894e-05 0.4386603857
50501 0.9010760379  4.476255704e-05 0.4336611258
50751 0.9034713485  4.50196721e-05 0.4286484812
51001 0.9058387742  4.527476329e-05 0.4236226069
51251 0.9081782421  4.552779979e-05 0.4185836578
51501 0.9104896798  4.577875079e-05 0.4135317894
51751 0.9127730161  4.602758549e-05 0.4084671578
52001 0.9150281804  4.627427306e-05 0.4033899192
52251 0.9172551032  4.651878272e-05 0.3983002303
52501 0.9194537157  4.676108368e-05 0.3931982483
52751 0.9216239501  4.700114518e-05 0.3880841305
53001 0.9237657394  4.723893644e-05 0.3829580348
53251 0.9258790175  4.747442673e-05 0.3778201195
53501 0.9279637191  4.770758532e-05 0.3726705431
53751 0.93001978  4.79383815e-05 0.3675094646
54001 0.9320471366  4.816678459e-05 0.3623370432
54251 0.9340457264  4.839276391e-05 0.3571534386
54501 0.9360154877  4.861628882e-05 0.3519588107
54751 0.9379563597  4.883732872e-05 0.34675332
55001 0.9398682825  4.905585301e-05 0.341537127
55251 0.9417511971  4.927183113e-05 0.3363103928
55501 0.9436050454  4.948523254e-05 0.3310732786
55751 0.9454297702  4.969602676e-05 0.3258259462
56001 0.9472253151  4.990418331e-05 0.3205685575
56251 0.9489916247  5.010967177e-05 0.3153012746
56501 0.9507286445  5.031246175e-05 0.3100242603
56751 0.9524363209  5.051252289e-05 0.3047376774
57001 0.9541146013  5.070982489e-05 0.299441689
57251 0.9557634337  5.090433746e-05 0.2941364586
57501 0.9573827673  5.109603039e-05 0.2888221499
57751 0.9589725521  5.12848735e-05 0.283498927
58001 0.9605327391  5.147083664e-05 0.2781669542
58251 0.9620632802  5.165388974e-05 0.2728263959
58501 0.9635641279  5.183400277e-05 0.2674774171
58751 0.9650352361  5.201114574e-05 0.2621201829
59001 0.9664765594  5.218528873e-05 0.2567548586
59251 0.9678880532  5.235640185e-05 0.2513816097
59501 0.969269674  5.252445531e-05 0.2460006022
59751 0.9706213792  5.268941934e-05 0.2406120021
60001 0.9719431269  5.285126425e-05 0.2352159757
60251 0.9732348765  5.300996041e-05 0.2298126896
60501 0.9744965881  5.316547824e-05 0.2244023105
60751 0.9757282227  5.331778825e-05 0.2189850054
61001 0.9769297423  5.3466861e-05 0.2135609416
61251 0.9781011098  5.361266712e-05 0.2081302863
61501 0.9792422891  5.375517732e-05 0.2026932074
61751 0.980353245  5.389436238e-05 0.1972498725
62001 0.9814339431  5.403019314e-05 0.1918004496
62251 0.9824843501  5.416264053e-05 0.186345107
62501 0.9835044336  5.429167557e-05 0.180884013
62751 0.9844941621  5.441726932e-05 0.1754173362
63001 0.9854535051  5.453939296e-05 0.1699452452
63251 0.9863824329  5.465801772e-05 0.1644679091
63501 0.9872809169  5.477311495e-05 0.1589854968
63751 0.9881489293  5.488465606e-05 0.1534981776
64001 0.9889864434  5.499261254e-05 0.1480061208
64251 0.9897934333  5.5096956e-05 0.1425094959
64501 0.9905698741  5.519765812e-05 0.1370084725
64751 0.9913157418  5.529469066e-05 0.1315032206
65001 0.9920310134  5.538802551e-05 0.1259939098
65251 0.9927156669  5.547763462e-05 0.1204807105
65501 0.9933696811  5.556349006e-05 0.1149637925
65751 0.9939930358  5.564556399e-05 0.1094433263
66001 0.9945857118  5.572382866e-05 0.1039194823
66251 0.9951476908  5.579825645e-05 0.09839243085
66501 0.9956789554  5.586881983e-05 0.09286234262
66751 0.9961794893  5.593549135e-05 0.08732938827
67001 0.9966492769  5.599824371e-05 0.08179373858
67251 0.9970883039  5.60570497e-05 0.0762555644
67501 0.9974965566  5.61118822e-05 0.07071503666
67751 0.9978740225  5.616271423e-05 0.06517232636
68001 0.9982206898  5.620951893e-05 0.05962760457
68251 0.998536548  5.625226951e-05 0.05408104243
68501 0.9988215872  5.629093935e-05 0.04853281113
68751 0.9990757987  5.632550192e-05 0.0429830819
69001 0.9992991745  5.63559308e-05 0.03743202604
69251 0.9994917079  5.638219972e-05 0.03187981487
69501 0.9996533929  5.640428252e-05 0.02632661977
69751 0.9997842244  5.642215315e-05 0.02077261211
70001 0.9998841985  5.643578572e-05 0.01521796333
70251 0.999953312  5.644515443e-05 0.009662844852
70501 0.9999915629  5.645023363e-05 0.004107428144
70751 0.9999989499  5.64509978e-05 -0.001448115336
71001 0.9999754728  5.644742156e-05 -0.007003614122
71251 0.9999211324  5.643947965e-05 -0.01255889675
71501 0.9998359302  5.642714695e-05 -0.01811379175
71751 0.999719869  5.641039847e-05 -0.02366812769
72001 0.9995729524  5.638920937e-05 -0.02922173313
72251 0.9993951848  5.636355496e-05 -0.03477443667
72501 0.9991865717  5.633341067e-05 -0.04032606693
72751 0.9989471197  5.629875208e-05 -0.04587645256
73001 0.998676836  5.625955492e-05 -0.05142542225
73251 0.998375729  5.621579507e-05 -0.05697280474
73501 0.9980438081  5.616744855e-05 -0.06251842882
73751 0.9976810834  5.611449152e-05 -0.06806212332
74001 0.9972875662  5.605690032e-05 -0.07360371714
74251 0.9968632686  5.599465142e-05 -0.07914303924
74501 0.9964082036  5.592772144e-05 -0.08467991867
74751 0.9959223854  5.585608718e-05 -0.09021418453
75001 0.995405829  5.577972558e-05 -0.095745666
75251 0.9948585502  5.569861373e-05 -0.1012741924
75501 0.994280566  5.56127289e-05 -0.106799593
75751 0.9936718941  5.552204851e-05 -0.1123216974
76001 0.9930325535  5.542655016e-05 -0.117840335
76251 0.9923625638  5.532621158e-05 -0.1233553356
76501 0.9916619458  5.522101069e-05 -0.128866529
76751 0.9909307209  5.511092558e-05 -0.134373745
77001 0.9901689118  5.499593451e-05 -0.1398768136
77251 0.9893765421  5.487601588e-05 -0.1453755651
77501 0.9885536361  5.475114831e-05 -0.1508698297
77751 0.9877002193  5.462131056e-05 -0.1563594379
78001 0.986816318  5.448648157e-05 -0.1618442201
78251 0.9859019595  5.434664045e-05 -0.1673240072
78501 0.9849571719  5.420176651e-05 -0.17279863
78751 0.9839819846  5.405183923e-05 -0.1782679194
79001 0.9829764275  5.389683825e-05 -0.1837317068
79251 0.9819405317  5.373674342e-05 -0.1891898235
79501 0.9808743292  5.357153475e-05 -0.194642101
79751 0.9797778528  5.340119245e-05 -0.2000883711
80001 0.9786511365  5.322569691e-05 -0.2055284656
80251 0.977494215  5.304502872e-05 -0.2109622166
80501 0.976307124  5.285916862e-05 -0.2163894565
80751 0.9750899001  5.266809759e-05 -0.2218100177
81001 0.9738425809  5.247179678e-05 -0.227223733
81251 0.972565205  5.227024751e-05 -0.2326304351
81501 0.9712578116  5.206343133e-05 -0.2380299574
81751 0.9699204413  5.185132996e-05 -0.243422133
82001 0.9685531352  5.163392534e-05 -0.2488067957
82251 0.9671559356  5.141119959e-05 -0.2541837791
82501 0.9657288856  5.118313502e-05 -0.2595529174
82751 0.9642720292  5.094971418e-05 -0.2649140448
83001 0.9627854114  5.071091978e-05 -0.2702669959
83251 0.961269078  5.046673474e-05 -0.2756116055
83501 0.959723076  5.021719198e-05 -0.2809477085
83751 0.9581474529  4.996200701e-05 -0.2862751403
84001 0.9565422575  4.970114471e-05 -0.2915937365
84251 0.9549075392  4.943458022e-05 -0.2969033329
84501 0.9532433486  4.916228896e-05 -0.3022037656
84751 0.9515497369  4.888424656e-05 -0.3074948711
85001 0.9498267565  4.860042888e-05 -0.312776486
85251 0.9480744606  4.831081203e-05 -0.3180484474
85501 0.9462929031  4.801537236e-05 -0.3233105924
85751 0.9444821392  4.771408644e-05 -0.3285627588
86001 0.9426422246  4.740693111e-05 -0.3338047844
86251 0.9407732163  4.709388344e-05 -0.3390365074
86501 0.9388751718  4.677492073e-05 -0.3442577663
86751 0.9369481497  4.645002057e-05 -0.3494684
87001 0.9349922096  4.611916075e-05 -0.3546682477
87251 0.9330074117  4.578231933e-05 -0.3598571488
87501 0.9309938174  4.543947465e-05 -0.3650349433
87751 0.9289514888  4.509060525e-05 -0.3702014713
88001 0.926880489  4.473568998e-05 -0.3753565734
88251 0.9247808818  4.43747079e-05 -0.3805000904
88501 0.922652732  4.400763837e-05 -0.3856318636
88751 0.9204961054  4.363446098e-05 -0.3907517346
89001 0.9183110685  4.325515559e-05 -0.3958595454
89251 0.9160976887  4.286970234e-05 -0.4009551383
89501 0.9138560343  4.247808161e-05 -0.4060383562
89751 0.9115861747  4.208027406e-05 -0.411109042
90001 0.9092881797  4.167626063e-05 -0.4161670393
90251 0.9069621203  4.12660225e-05 -0.4212121919
90501 0.9046080684  4.084954116e-05 -0.4262443442
90751 0.9022260965  4.042679833e-05 -0.4312633409
91001 0.8998162782  3.999777604e-05 -0.436269027
91251 0.8973786878  3.956245658e-05 -0.441261248
91501 0.8949134007  3.912082252e-05 -0.4462398499
91751 0.8924204929  3.867285671e-05 -0.451204679
92001 0.8899000413  3.821854229e-05 -0.4561555821
92251 0.8873521237  3.775786265e-05 -0.4610924063
92501 0.8847768187  3.72908015e-05 -0.4660149993
92751 0.882174206  3.681734283e-05 -0.4709232092
93001 0.8795443656  3.633747088e-05 -0.4758168845
93251 0.876887379  3.585117023e-05 -0.480695874
93501 0.8742033279  3.535842571e-05 -0.4855600273
93751 0.8714922954  3.485922247e-05 -0.4904091943
94001 0.868754365  3.435354592e-05 -0.4952432252
94251 0.8659896213  3.384138178e-05 -0.5000619708
94501 0.8631981496  3.332271608e-05 -0.5048652825
94751 0.860380036  3.279753512e-05 -0.5096530119
95001 0.8575353676  3.22658255e-05 -0.5144250114
95251 0.854664232  3.172757415e-05 -0.5191811336
95501 0.8517667181  3.118276826e-05 -0.5239212317
95751 0.8488429151  3.063139534e-05 -0.5286451594
96001 0.8458929133  3.007344321e-05 -0.533352771
96251 0.8429168038  2.950889998e-05 -0.5380439211
96501 0.8399146784  2.893775406e-05 -0.542718465
96751 0.8368866297  2.835999419e-05 -0.5473762583
97001 0.8338327513  2.777560941e-05 -0.5520171574
97251 0.8307531374  2.718458904e-05 -0.5566410189
97501 0.8276478831  2.658692276e-05 -0.5612477002
97751 0.8245170841  2.598260051e-05 -0.5658370591
98001 0.8213608371  2.537161259e-05 -0.5704089539
98251 0.8181792395  2.475394958e-05 -0.5749632435
98501 0.8149723896  2.412960238e-05 -0.5794997874
98751 0.8117403862  2.349856222e-05 -0.5840184456
99001 0.8084833292  2.286082064e-05 -0.5885190785
99251 0.8052013191  2.22163695e-05 -0.5930015474
99501 0.8018944572  2.156520097e-05 -0.5974657137
99751 0.7985628455  2.090730754e-05 -0.6019114398
100001 0.7952065868  2.024268205e-05 -0.6063385885
100251 0.7918257848  1.957131762e-05 -0.610747023
100501 0.7884205438  1.889320773e-05 -0.6151366073
100751 0.7849909689  1.820834617e-05 -0.6195072061
101001 0.781537166  1.751672704e-05 -0.6238586842
101251 0.7780592416  1.68183448e-05 -0.6281909075
101501 0.7745573031  1.611319421e-05 -0.6325037423
101751 0.7710314585  1.540127038e-05 -0.6367970554
102001 0.7674818168  1.468256872e-05 -0.6410707143
102251 0.7639084874  1.3957085e-05 -0.6453245871
102501 0.7603115806  1.322481532e-05 -0.6495585426
102751 0.7566912075  1.248575609e-05 -0.65377245
103001 0.7530474798  1.173990408e-05 -0.6579661793
103251 0.7493805099  1.098725636e-05 -0.662139601
103501 0.7456904111  1.022781038e-05 -0.6662925864
103751 0.7419772972  9.461563896e-06 -0.6704250072
104001 0.7382412828  8.688515003e-06 -0.674536736
104251 0.7344824833  7.908662143e-06 -0.6786276458
104501 0.7307010146  7.122004091e-06 -0.6826976104
104751 0.7268969935  6.328539965e-06 -0.686746504
105001 0.7230705373  5.52826922e-06 -0.6907742019
105251 0.7192217642  4.721191656e-06 -0.6947805796
105501 0.715350793  3.90730741e-06 -0.6987655136
105751 0.7114577431  3.086616966e-06 -0.7027288807
106001 0.7075427347  2.259121149e-06 -0.7066705588
106251 0.7036058885  1.424821129e-06 -0.710590426
106501 0.6996473263  5.837184212e-07 -0.7144883616
106751 0.69566717  -2.64185115e-07 -0.7183642451
107001 0.6916655426  -1.118887273e-06 -0.7222179569
107251 0.6876425675  -1.9803855e-06 -0.7260493781
107501 0.6835983689  -2.848676894e-06 -0.7298583904
107751 0.6795330717  -3.723758205e-06 -0.7336448762
108001 0.6754468013  -4.605625837e-06 -0.7374087188
108251 0.6713396838  -5.494275841e-06 -0.7411498019
108501 0.6672118461  -6.389703921e-06 -0.7448680101
108751 0.6630634154  -7.291905426e-06 -0.7485632285
109001 0.6588945198  -8.20087536e-06 -0.7522353433
109251 0.6547052881  -9.11660837e-06 -0.7558842409
109501 0.6504958495  -1.003909875e-05 -0.7595098088
109751 0.6462663338  -1.096834045e-05 -0.7631119352
110001 0.6420168718  -1.190432706e-05 -0.7666905087
110251 0.6377475944  -1.284705181e-05 -0.7702454191
110501 0.6334586336  -1.379650759e-05 -0.7737765565
110751 0.6291501216  -1.475268692e-05 -0.7772838119
111001 0.6248221914  -1.571558198e-05 -0.7807670772
111251 0.6204749767  -1.668518459e-05 -0.7842262448
111501 0.6161086115  -1.766148619e-05 -0.7876612079
111751 0.6117232307  -1.864447791e-05 -0.7910718606
112001 0.6073189696  -1.963415049e-05 -0.7944580975
112251 0.6028959642  -2.063049431e-05 -0.7978198142
112501 0.5984543508  -2.163349941e-05 -0.8011569069
112751 0.5939942668  -2.264315547e-05 -0.8044692726
113001 0.5895158496  -2.365945181e-05 -0.807756809
113251 0.5850192375  -2.468237737e-05 -0.8110194148
113501 0.5805045693  -2.571192077e-05 -0.8142569891
113751 0.5759719844  -2.674807024e-05 -0.8174694321
114001 0.5714216226  -2.779081367e-05 -0.8206566447
114251 0.5668536244  -2.884013857e-05 -0.8238185284
114501 0.5622681307  -2.989603211e-05 -0.8269549856
114751 0.5576652832  -3.095848109e-05 -0.8300659197
115001 0.5530452238  -3.202747195e-05 -0.8331512344
115251 0.5484080951  -3.310299079e-05 -0.8362108347
115501 0.5437540403  -3.41850233e-05 -0.8392446261
115751 0.539083203  -3.527355487e-05 -0.842252515
116001 0.5343957274  -3.636857049e-05 -0.8452344084
116251 0.5296917582  -3.747005479e-05 -0.8481902145
116501 0.5249714404  -3.857799206e-05 -0.8511198419
116751 0.5202349199  -3.969236621e-05 -0.8540232002
117001 0.5154823429  -4.081316081e-05 -0.8569001999
117251 0.5107138559  -4.194035903e-05 -0.8597507521
117501 0.5059296061  -4.307394373e-05 -0.8625747688
117751 0.5011297413  -4.421389737e-05 -0.8653721629
118001 0.4963144096  -4.536020207e-05 -0.8681428481
118251 0.4914837596  -4.651283956e-05 -0.8708867388
118501 0.4866379403  -4.767179126e-05 -0.8736037504
118751 0.4817771015  -4.883703817e-05 -0.876293799
119001 0.4769013929  -5.000856097e-05 -0.8789568015
119251 0.4720109653  -5.118633997e-05 -0.8815926758
119501 0.4671059694  -5.237035512e-05 -0.8842013405
119751 0.4621865568  -5.356058598e-05 -0.8867827151
120001 0.4572528791  -5.47570118e-05 -0.88933672
120251 0.4523050888  -5.595961144e-05 -0.8918632762
120501 0.4473433384  -5.716836339e-05 -0.8943623059
120751 0.4423677812  -5.83832458e-05 -0.8968337319
121001 0.4373785708  -5.960423646e-05 -0.8992774779
121251 0.432375861  -6.083131279e-05 -0.9016934685
121501 0.4273598063  -6.206445186e-05 -0.9040816291
121751 0.4223305615  -6.330363036e-05 -0.9064418861
122001 0.4172882819  -6.454882466e-05 -0.9087741665
122251 0.412233123  -6.580001072e-05 -0.9110783984
122501 0.407165241  -6.705716419e-05 -0.9133545106
122751 0.4020847921  -6.832026034e-05 -0.915602433
123001 0.3969919332  -6.958927407e-05 -0.9178220961
123251 0.3918868216  -7.086417995e-05 -0.9200134314
123501 0.3867696147  -7.214495218e-05 -0.9221763714
123751 0.3816404705  -7.343156459e-05 -0.9243108492
124001 0.3764995473  -7.472399068e-05 -0.9264167989
124251 0.3713470038  -7.602220358e-05 -0.9284941556
124501 0.366182999  -7.732617605e-05 -0.9305428552
124751 0.3610076922  -7.863588053e-05 -0.9325628343
125001 0.3558212433  -7.995128908e-05 -0.9345540308
125251 0.3506238123  -8.12723734e-05 -0.936516383
125501 0.3454155596  -8.259910486e-05 -0.9384498305
125751 0.3401966459  -8.393145447e-05 -0.9403543136
126001 0.3349672324  -8.526939287e-05 -0.9422297734
126251 0.3297274804  -8.661289037e-05 -0.9440761522
126501 0.3244775517  -8.796191691e-05 -0.9458933929
126751 0.3192176083  -8.931644211e-05 -0.9476814394
127001 0.3139478124  -9.067643519e-05 -0.9494402366
127251 0.3086683269  -9.204186507e-05 -0.9511697301
127501 0.3033793146  -9.34127003e-05 -0.9528698666
127751 0.2980809388  -9.478890907e-05 -0.9545405937
128001 0.2927733629  -9.617045923e-05 -0.9561818596
128251 0.2874567509  -9.755731831e-05 -0.9577936139
128501 0.2821312668  -9.894945345e-05 -0.9593758067
128751 0.2767970749  -0.0001003468315 -0.9609283892
129001 0.27145434  -0.0001017494189 -0.9624513135
129251 0.2661032268  -0.0001031571817 -0.9639445327
129501 0.2607439006  -0.0001045700858 -0.9654080005
129751 0.2553765268  -0.0001059880967 -0.9668416718
130001 0.250001271  -0.0001074111793 -0.9682455024
130251 0.2446182992  -0.0001088392985 -0.969619449
130501 0.2392277774  -0.0001102724186 -0.9709634691
130751 0.233829872  -0.0001117105038 -0.9722775213
131001 0.2284247498  -0.0001131535178 -0.973561565
131251 0.2230125774  -0.000114601424 -0.9748155606
131501 0.2175935219  -0.0001160541855 -0.9760394694
131751 0.2121677505  -0.0001175117649 -0.9772332535
132001 0.2067354308  -0.0001189741247 -0.9783968763
132251 0.2012967305  -0.0001204412269 -0.9795303016
132501 0.1958518172  -0.0001219130334 -0.9806334946
132751 0.1904008592  -0.0001233895053 -0.9817064213
133001 0.1849440246  -0.000124870604 -0.9827490484
133251 0.1794814819  -0.0001263562899 -0.9837613439
133501 0.1740133996  -0.0001278465236 -0.9847432764
133751 0.1685399466  -0.0001293412677 -0.9856948157
134001 0.1630612918  -0.0001308404794 -0.9866159324
134251 0.1575776042  -0.0001323441181 -0.987506598
134501 0.1520890531  -0.0001338521429 -0.9883667852
134751 0.1465958079  -0.0001353645126 -0.9891964672
135001 0.1410980382  -0.0001368811857 -0.9899956186
135251 0.1355959136  -0.0001384021202 -0.9907642147
135501 0.130089604  -0.000139927274 -0.9915022316
135751 0.1245792792  -0.0001414566046 -0.9922096468
136001 0.1190651095  -0.0001429900691 -0.9928864382
136251 0.1135472649  -0.0001445276244 -0.9935325851
136501 0.1080259157  -0.000146069227 -0.9941480675
136751 0.1025012325  -0.0001476148332 -0.9947328664
137001 0.09697338562  -0.0001491643989 -0.9952869638
137251 0.09144254576  -0.0001507178796 -0.9958103424
137501 0.08590888361  -0.0001522752307 -0.9963029863
137751 0.08037256996  -0.0001538364072 -0.9967648802
138001 0.07483377569  -0.0001554013636 -0.9971960097
138251 0.06929267174  -0.0001569700544 -0.9975963618
138501 0.06374942913  -0.0001585424337 -0.9979659238
138751 0.05820421896  -0.0001601184552 -0.9983046846
139001 0.05265721237  -0.0001616980723 -0.9986126335
139251 0.04710858056  -0.0001632812382 -0.9988897612
139501 0.04155849479  -0.0001648679057 -0.999136059
139751 0.03600712635  -0.0001664580274 -0.9993515193
140001 0.03045464659  -0.0001680515556 -0.9995361355
140251 0.02490122688  -0.0001696484422 -0.999689902
140501 0.01934703861  -0.0001712486388 -0.9998128139
140751 0.01379225322  -0.0001728520969 -0.9999048674
141001 0.008237042147  -0.0001744587676 -0.9999660598
141251 0.002681576845  -0.0001760686015 -0.9999963891
141501 -0.002873971219  -0.0001776815492 -0.9999958543
141751 -0.008429430578  -0.000179297561 -0.9999644556
142001 -0.01398462977  -0.0001809165868 -0.9999021939
142251 -0.01953939733  -0.0001825385761 -0.9998090711
142501 -0.02509356183  -0.0001841634784 -0.99968509
142751 -0.03064695183  -0.0001857912428 -0.9995302546
143001 -0.03619939594  -0.000187421818 -0.9993445695
143251 -0.04175072278  -0.0001890551525 -0.9991280405
143501 -0.04730076102  -0.0001906911948 -0.9988806744
143751 -0.05284933936  -0.0001923298926 -0.9986024786
144001 -0.05839628656  -0.0001939711937 -0.9982934619
144251 -0.0639414314  -0.0001956150455 -0.9979536337
144501 -0.06948460274  -0.0001972613953 -0.9975830046
144751 -0.07502562949  -0.0001989101899 -0.9971815859
145001 -0.08056434065  -0.0002005613758 -0.9967493902
145251 -0.08610056526  -0.0002022148996 -0.9962864306
145501 -0.09163413244  -0.0002038707073 -0.9957927215
145751 -0.09716487142  -0.0002055287447 -0.9952682782
146001 -0.1026926115  -0.0002071889574 -0.9947131167
146251 -0.108217182  -0.0002088512908 -0.9941272544
146501 -0.1137384125  -0.0002105156898 -0.9935107091
146751 -0.1192561326  -0.0002121820995 -0.9928635001
147001 -0.124770172  -0.0002138504642 -0.9921856472
147251 -0.1302803604  -0.0002155207283 -0.9914771713
147501 -0.1357865278  -0.000217192836 -0.9907380944
147751 -0.1412885043  -0.0002188667309 -0.9899684392
148001 -0.14678612  -0.0002205423568 -0.9891682295
148251 -0.1522792053  -0.0002222196568 -0.98833749
148501 -0.1577675907  -0.0002238985742 -0.9874762464
148751 -0.1632511067  -0.0002255790517 -0.9865845252
149001 -0.1687295841  -0.0002272610321 -0.9856623539
149251 -0.1742028538  -0.0002289444576 -0.984709761
149501 -0.1796707468  -0.0002306292705 -0.9837267759
149751 -0.1851330945  -0.0002323154126 -0.9827134289
150001 -0.1905897282  -0.0002340028257 -0.9816697514
150251 -0.1960404796  -0.0002356914512 -0.9805957754
150501 -0.2014851803  -0.0002373812303 -0.9794915343
150751 -0.2069236623  -0.0002390721041 -0.978357062
151001 -0.2123557579  -0.0002407640135 -0.9771923936
151251 -0.2177812992  -0.0002424568988 -0.975997565
151501 -0.2232001189  -0.0002441507006 -0.9747726131
151751 -0.2286120498  -0.000245845359 -0.9735175757
152001 -0.2340169247  -0.0002475408138 -0.9722324916
152251 -0.2394145769  -0.0002492370049 -0.9709174003
152501 -0.2448048398  -0.0002509338718 -0.9695723425
152751 -0.250187547  -0.0002526313537 -0.9681973598
153001 -0.2555625324  -0.0002543293898 -0.9667924945
153251 -0.26092963  -0.0002560279189 -0.9653577899
153501 -0.2662886743  -0.0002577268798 -0.9638932905
153751 -0.2716394998  -0.0002594262111 -0.9623990414
154001 -0.2769819415  -0.0002611258509 -0.9608750886
154251 -0.2823158343  -0.0002628257374 -0.9593214793
154501 -0.2876410136  -0.0002645258086 -0.9577382614
154751 -0.2929573152  -0.0002662260022 -0.9561254837
155001 -0.2982645749  -0.0002679262558 -0.9544831961
155251 -0.303562629  -0.0002696265066 -0.9528114491
155501 -0.3088513138  -0.000271326692 -0.9511102945
155751 -0.3141304662  -0.0002730267489 -0.9493797847
156001 -0.3193999233  -0.0002747266141 -0.9476199732
156251 -0.3246595223  -0.0002764262243 -0.9458309141
156501 -0.329909101  -0.000278125516 -0.9440126629
156751 -0.3351484974  -0.0002798244254 -0.9421652755
157001 -0.3403775497  -0.0002815228888 -0.940288809
157251 -0.3455960965  -0.0002832208422 -0.9383833214
157501 -0.3508039769  -0.0002849182212 -0.9364488713
157751 -0.3560010299  -0.0002866149616 -0.9344855186
158001 -0.3611870953  -0.0002883109989 -0.9324933239
158251 -0.366362013  -0.0002900062683 -0.9304723485
158501 -0.3715256232  -0.0002917007052 -0.9284226549
158751 -0.3766777666  -0.0002933942445 -0.9263443064
159001 -0.3818182842  -0.000295086821 -0.9242373671
159251 -0.3869470173  -0.0002967783696 -0.922101902
159501 -0.3920638077  -0.0002984688249 -0.919937977
159751 -0.3971684973  -0.0003001581211 -0.917745659
160001 -0.4022609286  -0.0003018461928 -0.9155250156
160251 -0.4073409446  -0.000303532974 -0.9132761153
160501 -0.4124083883  -0.0003052183988 -0.9109990275
160751 -0.4174631034  -0.000306902401 -0.9086938225
161001 -0.4225049338  -0.0003085849145 -0.9063605716
161251 -0.427533724  -0.0003102658729 -0.9039993465
161501 -0.4325493188  -0.0003119452097 -0.9016102204
161751 -0.4375515632  -0.0003136228583 -0.8991932668
162001 -0.4425403031  -0.000315298752 -0.8967485605
162251 -0.4475153843  -0.000316972824 -0.8942761767
162501 -0.4524766534  -0.0003186450073 -0.891776192
162751 -0.4574239571  -0.0003203152347 -0.8892486833
163001 -0.4623571429  -0.0003219834393 -0.8866937288
163251 -0.4672760584  -0.0003236495536 -0.8841114073
163501 -0.4721805519  -0.0003253135103 -0.8815017984
163751 -0.4770704719  -0.0003269752419 -0.8788649827
164001 -0.4819456676  -0.0003286346807 -0.8762010417
164251 -0.4868059884  -0.0003302917592 -0.8735100575
164501 -0.4916512844  -0.0003319464095 -0.8707921132
164751 -0.496481406  -0.0003335985638 -0.8680472926
165001 -0.5012962041  -0.0003352481541 -0.8652756805
165251 -0.5060955302  -0.0003368951123 -0.8624773625
165501 -0.5108792361  -0.0003385393703 -0.8596524248
165751 -0.5156471741  -0.0003401808599 -0.8568009548
166001 -0.5203991971  -0.0003418195128 -0.8539230403
166251 -0.5251351585  -0.0003434552607 -0.8510187702
166501 -0.5298549121  -0.0003450880351 -0.8480882342
166751 -0.5345583121  -0.0003467177674 -0.8451315228
167001 -0.5392452134  -0.0003483515297 -0.842148727
167251 -0.5439154715  -0.0003499907305 -0.8391399391
167501 -0.548568942  -0.000351626819 -0.8361052519
167751 -0.5532054814  -0.000353259726 -0.833044759
168001 -0.5578249467  -0.0003548893822 -0.8299585549
168251 -0.5624271951  -0.0003565157181 -0.8268467349
168501 -0.5670120848  -0.0003581386644 -0.823709395
168751 -0.5715794741  -0.0003597581516 -0.820546632
169001 -0.5761292221  -0.00036137411 -0.8173585436
169251 -0.5806611884  -0.0003629864702 -0.8141452282
169501 -0.5851752331  -0.0003645951625 -0.8109067848
169751 -0.5896712168  -0.0003662001172 -0.8076433135
170001 -0.5941490009  -0.0003678012646 -0.8043549151
170251 -0.5986084471  -0.0003693985351 -0.8010416909
170501 -0.6030494178  -0.0003709918586 -0.7977037433
170751 -0.6074717759  -0.0003725811656 -0.7943411752
171001 -0.6118753849  -0.0003741663861 -0.7909540906
171251 -0.6162601089  -0.0003757474502 -0.7875425938
171501 -0.6206258125  -0.0003773242881 -0.7841067902
171751 -0.6249723611  -0.0003788968299 -0.7806467858
172001 -0.6292996205  -0.0003804650056 -0.7771626875
172251 -0.6336074571  -0.0003820287453 -0.7736546027
172501 -0.637895738  -0.0003835879791 -0.7701226398
172751 -0.6421643307  -0.0003851426369 -0.7665669077
173001 -0.6464131037  -0.0003866926488 -0.7629875162
173251 -0.6506419256  -0.0003882379449 -0.7593845757
173501 -0.6548506661  -0.0003897784551 -0.7557581976
173751 -0.6590391952  -0.0003913141095 -0.7521084936
174001 -0.6632073836  -0.0003928448382 -0.7484355764
174251 -0.6673551027  -0.0003943705712 -0.7447395594
174501 -0.6714822244  -0.0003958912385 -0.7410205568
174751 -0.6755886215  -0.0003974067702 -0.7372786831
175001 -0.6796741671  -0.0003989170964 -0.733514054
175251 -0.6837387351  -0.0004004221473 -0.7297267857
175501 -0.6877822002  -0.0004019218529 -0.7259169949
175751 -0.6918044375  -0.0004034161435 -0.7220847994
176001 -0.6958053228  -0.0004049049491 -0.7182303174
176251 -0.6997847327  -0.0004063882 -0.7143536678
176501 -0.7037425444  -0.0004078658265 -0.7104549703
176751 -0.7076786357  -0.0004093377588 -0.7065343453
177001 -0.7115928851  -0.0004108039274 -0.7025919137
177251 -0.7154851718  -0.0004122642625 -0.6986277972
177501 -0.7193553757  -0.0004137186945 -0.6946421182
177751 -0.7232033773  -0.0004151671541 -0.6906349996
178001 -0.7270290579  -0.0004166095716 -0.6866065653
178251 -0.7308322993  -0.0004180458776 -0.6825569394
178501 -0.7346129843  -0.0004194760028 -0.678486247
178751 -0.7383709961  -0.0004208998779 -0.6743946137
179001 -0.7421062187  -0.0004223174336 -0.6702821658
179251 -0.7458185368  -0.0004237286008 -0.6661490303
179501 -0.7495078359  -0.0004251333102 -0.6619953346
179751 -0.7531740022  -0.000426531493 -0.6578212071
180001 -0.7568169223  -0.0004279230802 -0.6536267765
180251 -0.760436484  -0.0004293080028 -0.6494121722
180501 -0.7640325755  -0.000430686192 -0.6451775245
180751 -0.7676050858  -0.0004320575792 -0.6409229639
181001 -0.7711539046  -0.0004334220957 -0.6366486218
181251 -0.7746789224  -0.0004347796729 -0.63235463
181501 -0.7781800305  -0.0004361302425 -0.6280411212
181751 -0.7816571207  -0.000437473736 -0.6237082285
182001 -0.7851100857  -0.0004388100852 -0.6193560856
182251 -0.788538819  -0.000440139222 -0.6149848268
182501 -0.7919432148  -0.0004414610783 -0.610594587
182751 -0.7953231679  -0.0004427755862 -0.6061855017
183001 -0.7986785741  -0.0004440826778 -0.6017577071
183251 -0.8020093297  -0.0004453822854 -0.5973113398
183501 -0.8053153321  -0.0004466743415 -0.5928465369
183751 -0.8085964791  -0.0004479587784 -0.5883634364
184001 -0.8118526695  -0.000449235529 -0.5838621766
184251 -0.8150838027  -0.0004505045258 -0.5793428963
184501 -0.8182897791  -0.0004517657019 -0.5748057352
184751 -0.8214704998  -0.0004530189903 -0.5702508332
185001 -0.8246258664  -0.000454264324 -0.5656783309
185251 -0.8277557817  -0.0004555016365 -0.5610883694
185501 -0.8308601491  -0.0004567308611 -0.5564810905
185751 -0.8339388726  -0.0004579519314 -0.5518566362
186001 -0.8369918574  -0.0004591647812 -0.5472151494
186251 -0.8400190092  -0.0004603693442 -0.5425567732
186501 -0.8430202345  -0.0004615655546 -0.5378816516
186751 -0.8459954408  -0.0004627533464 -0.5331899287
187001 -0.8489445361  -0.0004639326541 -0.5284817493
187251 -0.8518674295  -0.0004651034122 -0.5237572588
187501 -0.8547640308  -0.0004662655552 -0.519016603
187751 -0.8576342505  -0.000467419018 -0.5142599282
188001 -0.8604780001  -0.0004685637356 -0.5094873813
188251 -0.8632951919  -0.0004696996431 -0.5046991094
188501 -0.8660857387  -0.0004708266759 -0.4998952605
188751 -0.8688495546  -0.0004719447696 -0.4950759828
189001 -0.8715865542  -0.0004730538597 -0.4902414249
189251 -0.8742966531  -0.0004741538822 -0.4853917362
189501 -0.8769797675  -0.0004752447732 -0.4805270663
189751 -0.8796358148  -0.0004763264689 -0.4756475654
190001 -0.8822647129  -0.0004773989057 -0.470753384
190251 -0.8848663806  -0.0004784620202 -0.4658446732
190501 -0.8874407377  -0.0004795157494 -0.4609215845
190751 -0.8899877047  -0.0004805600303 -0.4559842699
191001 -0.8925072031  -0.0004815948001 -0.4510328818
191251 -0.894999155  -0.0004826199962 -0.4460675729
191501 -0.8974634835  -0.0004836355564 -0.4410884965
191751 -0.8999001127  -0.0004846414184 -0.4360958064
192001 -0.9023089672  -0.0004856375204 -0.4310896565
192251 -0.9046899727  -0.0004866238007 -0.4260702014
192501 -0.9070430557  -0.0004876001978 -0.421037596
192751 -0.9093681437  -0.0004885666505 -0.4159919957
193001 -0.9116651648  -0.0004895230976 -0.4109335561
193251 -0.9139340482  -0.0004904694786 -0.4058624335
193501 -0.9161747238  -0.0004914057326 -0.4007787842
193751 -0.9183871225  -0.0004923317996 -0.3956827653
194001 -0.920571176  -0.0004932476193 -0.390574534
194251 -0.9227268169  -0.0004941531319 -0.3854542479
194501 -0.9248539786  -0.0004950482777 -0.3803220651
194751 -0.9269525955  -0.0004959329976 -0.3751781441
195001 -0.9290226028  -0.0004968072323 -0.3700226435
195251 -0.9310639366  -0.0004976709229 -0.3648557224
195501 -0.933076534  -0.000498524011 -0.3596775404
195751 -0.9350603328  -0.000499366438 -0.3544882573
196001 -0.9370152718  -0.000500198146 -0.3492880332
196251 -0.9389412907  -0.0005010190772 -0.3440770286
196501 -0.9408383299  -0.0005018291739 -0.3388554045
196751 -0.942706331  -0.0005026283789 -0.3336233218
197001 -0.9445452363  -0.0005034166351 -0.3283809421
197251 -0.946354989  -0.0005041938859 -0.3231284273
197501 -0.9481355333  -0.0005049600748 -0.3178659394
197751 -0.9498868143  -0.0005057151455 -0.3125936408
198001 -0.9516087778  -0.0005064590422 -0.3073116943
198251 -0.9533013708  -0.0005071917093 -0.3020202629
198501 -0.9549645409  -0.0005079130914 -0.2967195099
198751 -0.9565982369  -0.0005086231335 -0.2914095989
199001 -0.9582024084  -0.0005093217809 -0.2860906939
199251 -0.9597770058  -0.000510008979 -0.2807629588
199501 -0.9613219805  -0.0005106846739 -0.2754265583
199751 -0.9628372848  -0.0005113488115 -0.270081657
200001 -0.964322872  -0.0005120013384 -0.2647284199
200251 -0.9657786963  -0.0005126422013 -0.2593670121
200501 -0.9672047126  -0.0005132713473 -0.2539975992
200751 -0.968600877  -0.0005138887238 -0.2486203469
201001 -0.9699671464  -0.0005144942785 -0.2432354211
201251 -0.9713034787  -0.0005150879594 -0.2378429881
201501 -0.9726098324  -0.0005156697148 -0.2324432143
201751 -0.9738861675  -0.0005162394934 -0.2270362664
202001 -0.9751324444  -0.0005167972442 -0.2216223111
202251 -0.9763486247  -0.0005173429165 -0.2162015157
202501 -0.9775346709  -0.0005178764599 -0.2107740474
202751 -0.9786905463  -0.0005183978244 -0.2053400738
203001 -0.9798162153  -0.0005189069604 -0.1998997625
203251 -0.9809116431  -0.0005194038184 -0.1944532815
203501 -0.9819767959  -0.0005198883495 -0.1890007988
203751 -0.9830116409  -0.000520360505 -0.1835424828
204001 -0.9840161461  -0.0005208202366 -0.178078502
204251 -0.9849902806  -0.0005212674963 -0.1726090249
204501 -0.9859340141  -0.0005217022365 -0.1671342203
204751 -0.9868473177  -0.0005221244099 -0.1616542573
205001 -0.9877301631  -0.0005225339697 -0.1561693051
205251 -0.9885825231  -0.0005229308692 -0.1506795327
205501 -0.9894043713  -0.0005233150622 -0.1451851098
205751 -0.9901956825  -0.000523686503 -0.1396862059
206001 -0.9909564321  -0.0005240451461 -0.1341829907
206251 -0.9916865968  -0.0005243909464 -0.128675634
206501 -0.9923861539  -0.0005247238591 -0.1231643059
206751 -0.9930550818  -0.0005250438399 -0.1176491764
207001 -0.9936933601  -0.0005253508449 -0.1121304158
207251 -0.9943009688  -0.0005256448304 -0.1066081944
207501 -0.9948778893  -0.0005259257533 -0.1010826826
207751 -0.9954241038  -0.0005261935706 -0.09555405098
208001 -0.9959395954  -0.00052644824 -0.09002247017
208251 -0.9964243482  -0.0005266897194 -0.0844881109
208501 -0.9968783472  -0.0005269179671 -0.07895114397
208751 -0.9973015785  -0.0005271329418 -0.07341174029
209001 -0.9976940289  -0.0005273346027 -0.06787007082
209251 -0.9980556864  -0.0005275229092 -0.0623263066
209501 -0.9983865398  -0.0005276978214 -0.05678061873
209751 -0.9986865788  -0.0005278592994 -0.05123317838
210001 -0.9989557943  -0.000528007304 -0.04568415676
210251 -0.9991941779  -0.0005281417964 -0.04013372514
210501 -0.9994017222  -0.0005282627381 -0.03458205483
210751 -0.9995784209  -0.0005283700909 -0.02902931717
211001 -0.9997242685  -0.0005284638174 -0.02347568355
211251 -0.9998392604  -0.0005285438801 -0.01792132537
211501 -0.9999233932  -0.0005286102424 -0.01236641407
211751 -0.9999766643  -0.0005286628679 -0.006811121084
212001 -0.9999990719  -0.0005287017205 -0.001255617881
212251 -0.9999906155  -0.0005287267647 0.004299924076
212501 -0.9999512952  -0.0005287379654 0.009855333319
212751 -0.9998811123  -0.000528735288 0.01541043839
213001 -0.999780069  -0.000528718698 0.02096506782
213251 -0.9996481683  -0.0005286881618 0.02651905019
213501 -0.9994854144  -0.0005286436459 0.03207221408
213751 -0.9992918122  -0.0005285851173 0.03762438808
214001 -0.9990673678  -0.0005285125436 0.04317540084
214251 -0.998812088  -0.0005284258927 0.04872508103
214501 -0.9985259808  -0.0005283251328 0.05427325736
214751 -0.998209055  -0.0005282102329 0.0598197586
215001 -0.9978613203  -0.0005280811621 0.06536441355
215251 -0.9974827875  -0.0005279378903 0.07090705109
215501 -0.9970734683  -0.0005277803875 0.07644750014
215751 -0.9966333753  -0.0005276086243 0.08198558971
216001 -0.996162522  -0.0005274225718 0.08752114887
216251 -0.9956609231  -0.0005272222015 0.09305400677
216501 -0.995128594  -0.0005270074855 0.09858399263
216751 -0.9945655511  -0.000526778396 0.1041109358
217001 -0.9939718119  -0.0005265349062 0.1096346657
217251 -0.9933473946  -0.0005262769892 0.1151550117
217501 -0.9926923184  -0.0005260046189 0.1206718037
217751 -0.9920066037  -0.0005257177696 0.1261848712
218001 -0.9912902716  -0.0005254164162 0.1316940441
218251 -0.9905433442  -0.0005251005338 0.1371991524
218501 -0.9897658446  -0.0005247700981 0.1427000262
218751 -0.9889577967  -0.0005244250854 0.1481964956
219001 -0.9881192255  -0.0005240654722 0.1536883911
219251 -0.9872501568  -0.0005236912358 0.1591755432
219501 -0.9863506176  -0.0005233023538 0.1646577824
219751 -0.9854206355  -0.0005228988043 0.1701349396
220001 -0.9844602393  -0.0005224805658 0.1756068458
220251 -0.9834694585  -0.0005220476174 0.181073332
220501 -0.9824483239  -0.0005215999388 0.1865342295
220751 -0.9813968668  -0.00052113751 0.1919893698
221001 -0.9803151199  -0.0005206603114 0.1974385845
221251 -0.9792031163  -0.0005201683242 0.2028817055
221501 -0.9780608905  -0.0005196615299 0.2083185647
221751 -0.9768884777  -0.0005191399105 0.2137489943
222001 -0.9756859141  -0.0005186034485 0.2191728268
222251 -0.9744532368  -0.000518052127 0.2245898947
222501 -0.9731904839  -0.0005174859295 0.2300000308
222751 -0.9718976943  -0.00051690484 0.2354030682
223001 -0.970574908  -0.000516308843 0.24079884
223251 -0.9692221657  -0.0005156979235 0.2461871799
223501 -0.9678395092  -0.0005150720672 0.2515679213
223751 -0.9664269812  -0.0005144312601 0.2569408984
224001 -0.9649846253  -0.0005137754887 0.2623059452
224251 -0.963512486  -0.00051310474 0.2676628961
224501 -0.9620106088  -0.0005124190017 0.2730115859
224751 -0.9604790399  -0.0005117182619 0.2783518494
225001 -0.9589178267  -0.0005110025092 0.2836835218
225251 -0.9573270173  -0.0005102717327 0.2890064386
225501 -0.9557066609  -0.000509525922 0.2943204354
225751 -0.9540568074  -0.0005087650674 0.2996253484
226001 -0.9523775078  -0.0005079891594 0.3049210136
226251 -0.9506688139  -0.0005071981893 0.3102072677
226501 -0.9489307785  -0.0005063921489 0.3154839476
226751 -0.9471634551  -0.0005055710304 0.3207508903
227001 -0.9453668984  -0.0005047348265 0.3260079333
227251 -0.9435411638  -0.0005038835306 0.3312549144
227501 -0.9416863076  -0.0005030171365 0.3364916716
227751 -0.9398023871  -0.0005021356386 0.3417180432
228001 -0.9378894604  -0.0005012390318 0.3469338681
228251 -0.9359475866  -0.0005003273114 0.3521389851
228501 -0.9339768256  -0.0004994004735 0.3573332337
228751 -0.9319772382  -0.0004984585145 0.3625164535
229001 -0.9299488861  -0.0004975014315 0.3676884845
229251 -0.927891832  -0.000496529222 0.3728491672
229501 -0.9258061394  -0.0004955418842 0.3779983422
229751 -0.9236918725  -0.0004945394166 0.3831358506
230001 -0.9215490967  -0.0004935218184 0.3882615339
230251 -0.9193778782  -0.0004924890894 0.3933752338
230501 -0.9171782838  -0.0004914412299 0.3984767926
230751 -0.9149503815  -0.0004903782405 0.4035660527
231001 -0.9126942401  -0.0004893001227 0.4086428571
231251 -0.9104099292  -0.0004882068784 0.4137070491
231501 -0.9080975193  -0.0004870985099 0.4187584723
231751 -0.9057570817  -0.0004859750203 0.423796971
232001 -0.9033886888  -0.0004848364131 0.4288223896
232251 -0.9009924136  -0.0004836826923 0.4338345729
232501 -0.89856833  -0.0004825138626 0.4388333663
232751 -0.8961165129  -0.0004813299291 0.4438186156
233001 -0.893637038  -0.0004801308976 0.4487901667
233251 -0.8911299818  -0.0004789167744 0.4537478663
233501 -0.8885954216  -0.0004776875662 0.4586915614
233751 -0.8860334357  -0.0004764432803 0.4636210994
234001 -0.8834441031  -0.0004751839249 0.4685363281
234251 -0.8808275039  -0.0004739095083 0.4734370959
234501 -0.8781837186  -0.0004726200395 0.4783232515
234751 -0.875512829  -0.0004713155282 0.483194644
235001 -0.8728149175  -0.0004699959845 0.4880511232
235251 -0.8700900673  -0.0004686614191 0.492892539
235501 -0.8673383626  -0.0004673118433 0.4977187422
235751 -0.8645598882  -0.0004659472688 0.5025295838
236001 -0.8617547299  -0.000464567708 0.5073249152
236251 -0.8589229744  -0.0004631731739 0.5121045885
236501 -0.8560647089  -0.00046176368 0.5168684561
236751 -0.8531800218  -0.0004603392403 0.521616371
237001 -0.850269002  -0.0004588998695 0.5263481867
237251 -0.8473317394  -0.0004574455826 0.5310637571
237501 -0.8443683246  -0.0004559763954 0.5357629368
237751 -0.8413788492  -0.0004544923243 0.5404455805
238001 -0.8383634054  -0.000452993386 0.5451115439
238251 -0.8353220862  -0.000451479598 0.5497606829
238501 -0.8322549855  -0.0004499509783 0.554392854
238751 -0.829162198  -0.0004484075453 0.5590079143
239001 -0.8260438192  -0.0004468493183 0.5636057213
239251 -0.8228999452  -0.0004452763168 0.5681861331
239501 -0.8197306732  -0.0004436885611 0.5727490083
239751 -0.8165361009  -0.0004420860721 0.5772942061
240001 -0.8133163269  -0.0004404688709 0.5818215863
240251 -0.8100714507  -0.0004388369797 0.5863310091
240501 -0.8068015723  -0.0004371904208 0.5908223352
240751 -0.8035067927  -0.0004355292173 0.5952954262
241001 -0.8001872135  -0.0004338533929 0.5997501438
241251 -0.7968429373  -0.0004321629716 0.6041863508
241501 -0.7934740672  -0.0004304579784 0.60860391
241751 -0.7900807073  -0.0004287384383 0.6130026852
242001 -0.7866629622  -0.0004270043774 0.6173825407
242251 -0.7832209375  -0.0004252558221 0.6217433411
242501 -0.7797547393  -0.0004234927994 0.626084952
242751 -0.7762644747  -0.0004217153369 0.6304072394
243001 -0.7727502513  -0.0004199234626 0.6347100698
243251 -0.7692121778  -0.0004181172054 0.6389933104
243501 -0.7656503631  -0.0004162965944 0.643256829
243751 -0.7620649174  -0.0004144616595 0.6475004941
244001 -0.7584559511  -0.0004126124311 0.6517241747
244251 -0.7548235758  -0.0004107489401 0.6559277404
244501 -0.7511679036  -0.0004088712182 0.6601110614
244751 -0.7474890472  -0.0004069792972 0.6642740087
245001 -0.7437871202  -0.0004050732101 0.6684164538
245251 -0.7400622369  -0.0004031529898 0.6725382688
245501 -0.7363145122  -0.0004012186703 0.6766393264
245751 -0.7325440618  -0.0003992702859 0.6807195003
246001 -0.7287510021  -0.0003973078714 0.6847786643
246251 -0.7249354502  -0.0003953314624 0.6888166932
246501 -0.7210975237  -0.0003933410949 0.6928334623
246751 -0.7172373412  -0.0003913368054 0.6968288478
247001 -0.7133550218  -0.0003893186312 0.7008027263
247251 -0.7094506854  -0.00038728661 0.7047549752
247501 -0.7055244523  -0.00038524078 0.7086854723
247751 -0.7015764439  -0.0003831811801 0.7125940966
248001 -0.697606782  -0.0003811078496 0.7164807272
248251 -0.693615589  -0.0003790208286 0.7203452443
248501 -0.6896029882  -0.0003769201576 0.7241875286
248751 -0.6855691034  -0.0003748058776 0.7280074615
249001 -0.6815140591  -0.0003726780304 0.731804925
249251 -0.6774379805  -0.0003705366579 0.7355798021
249501 -0.6733409934  -0.0003683818032 0.7393319761
249751 -0.6692232241  -0.0003662135093 0.7430613313
250001 -0.6650848  -0.0003640318203 0.7467677526
250251 -0.6609258485  -0.0003618367805 0.7504511255
250501 -0.6567464982  -0.0003596284349 0.7541113364
250751 -0.6525468779  -0.0003574068291 0.7577482724
251001 -0.6483271174  -0.000355172009 0.7613618211
251251 -0.6440873468  -0.0003529240214 0.7649518711
251501 -0.6398276971  -0.0003506629135 0.7685183114
251751 -0.6355482996  -0.0003483887329 0.7720610322
252001 -0.6312492865  -0.0003461015279 0.7755799239
252251 -0.6269307905  -0.0003438013475 0.7790748781
252501 -0.6225929447  -0.000341488241 0.7825457868
252751 -0.6182358832  -0.0003391622582 0.785992543
253001 -0.6138597404  -0.0003368234498 0.7894150401
253251 -0.6094646514  -0.0003344718666 0.7928131727
253501 -0.6050507518  -0.0003321075604 0.7961868358
253751 -0.6006181778  -0.0003297305831 0.7995359252
254001 -0.5961670662  -0.0003273409875 0.8028603378
254251 -0.5916975545  -0.0003249388268 0.8061599707
254501 -0.5872097806  -0.0003225241547 0.8094347222
254751 -0.582703883  -0.0003200970254 0.8126844912
255001 -0.5781800007  -0.0003176574938 0.8159091775
255251 -0.5736382734  -0.0003152056153 0.8191086814
255501 -0.5690788413  -0.0003127414458 0.8222829042
255751 -0.564501845  -0.0003102650415 0.825431748
256001 -0.5599074259  -0.0003077764597 0.8285551156
256251 -0.5552957258  -0.0003052757577 0.8316529106
256501 -0.5506668869  -0.0003027629935 0.8347250373
256751 -0.5460210522  -0.0003002382258 0.837771401
257001 -0.541358365  -0.0002977015136 0.8407919076
257251 -0.5366789693  -0.0002951529165 0.8437864639
257501 -0.5319830095  -0.0002925924947 0.8467549775
257751 -0.5272706305  -0.0002900203089 0.8496973567
258001 -0.5225419777  -0.0002874364202 0.8526135108
258251 -0.5177971972  -0.0002848408904 0.8555033497
258501 -0.5130364353  -0.0002822337817 0.8583667843
258751 -0.508259839  -0.0002796151568 0.8612037261
259001 -0.5034675557  -0.0002769850792 0.8640140876
259251 -0.4986597333  -0.0002743436124 0.8667977821
259501 -0.4938365202  -0.000271690821 0.8695547237
259751 -0.4889980653  -0.0002690267696 0.8722848272
260001 -0.4841445179  -0.0002663515237 0.8749880084
260251 -0.4792760278  -0.0002636651491 0.8776641839
260501 -0.4743927453  -0.0002609677121 0.880313271
260751 -0.469494821  -0.0002582592797 0.882935188
261001 -0.4645824063  -0.0002555399193 0.8855298541
261251 -0.4596556526  -0.0002528096986 0.888097189
261501 -0.454714712  -0.0002500686861 0.8906371136
261751 -0.4497597371  -0.0002473169508 0.8931495495
262001 -0.4447908807  -0.000244554562 0.8956344191
262251 -0.4398082962  -0.0002417815895 0.8980916457
262501 -0.4348121375  -0.0002389981038 0.9005211535
262751 -0.4298025587  -0.0002362041758 0.9029228675
263001 -0.4247797144  -0.0002333998769 0.9052967136
263251 -0.4197437596  -0.0002305852789 0.9076426186
263501 -0.4146948498  -0.0002277604542 0.9099605099
263751 -0.4096331409  -0.0002249254757 0.9122503161
264001 -0.4045587889  -0.0002220804167 0.9145119665
264251 -0.3994719507  -0.000219225351 0.9167453913
264501 -0.394372783  -0.0002163603529 0.9189505216
264751 -0.3892614435  -0.0002134854973 0.9211272893
265001 -0.3841380897  -0.0002106008593 0.9232756271
265251 -0.3790028798  -0.0002077065148 0.9253954689
265501 -0.3738559723  -0.00020480254 0.9274867492
265751 -0.3686975261  -0.0002018890116 0.9295494034
266001 -0.3635277004  -0.0001989660067 0.9315833679
266251 -0.3583466547  -0.000196033603 0.9335885799
266501 -0.353154549  -0.0001930918786 0.9355649775
266751 -0.3479515434  -0.000190140912 0.9375124998
267001 -0.3427377987  -0.0001871807824 0.9394310865
267251 -0.3375134756  -0.0001842115691 0.9413206785
267501 -0.3322787355  -0.0001812333523 0.9431812175
267751 -0.3270337399  -0.0001782462122 0.945012646
268001 -0.3217786507  -0.0001752502298 0.9468149076
268251 -0.3165136301  -0.0001722454863 0.9485879465
268501 -0.3112388406  -0.0001692320636 0.9503317081
268751 -0.305954445  -0.0001662100439 0.9520461386
269001 -0.3006606063  -0.0001631795099 0.9537311849
269251 -0.295357488  -0.0001601405446 0.9553867953
269501 -0.2900452538  -0.0001570932316 0.9570129184
269751 -0.2847240676  -0.000154037655 0.9586095042
270001 -0.2793940937  -0.0001509738992 0.9601765033
270251 -0.2740554964  -0.0001479020489 0.9617138675
270501 -0.2687084408  -0.0001448221896 0.9632215492
270751 -0.2633530916  -0.0001417344071 0.9646995019
271001 -0.2579896143  -0.0001386387873 0.96614768
271251 -0.2526181744  -0.0001355354169 0.9675660389
271501 -0.2472389377  -0.0001324243831 0.9689545346
271751 -0.2418520701  -0.0001293057731 0.9703131244
272001 -0.236457738  -0.0001261796749 0.9716417664
272251 -0.2310561078  -0.0001230461765 0.9729404195
272501 -0.2256473463  -0.000119905367 0.9742090436
272751 -0.2202316204  -0.0001167573352 0.9754475997
273001 -0.2148090972  -0.0001136021707 0.9766560494
273251 -0.2093799442  -0.0001104399634 0.9778343555
273501 -0.2039443288  -0.0001072708036 0.9789824816
273751 -0.1985024189  -0.000104094782 0.9801003922
274001 -0.1930543823  -0.0001009119898 0.9811880529
274251 -0.1876003873  -9.772251834e-05 0.9822454302
274501 -0.1821406022  -9.452645972e-05 0.9832724912
274751 -0.1766751955  -9.132390614e-05 0.9842692045
275001 -0.1712043359  -8.811495028e-05 0.9852355391
275251 -0.1657281922  -8.489968514e-05 0.9861714653
275501 -0.1602469334  -8.167820432e-05 0.9870769543
275751 -0.1547607288  -7.845060157e-05 0.9879519779
276001 -0.1492697476  -7.52169711e-05 0.9887965093
276251 -0.1437741593  -7.197740741e-05 0.9896105223
276501 -0.1382741336  -6.873200561e-05 0.9903939919
276751 -0.1327698401  -6.548086095e-05 0.9911468939
277001 -0.1272614489  -6.222406912e-05 0.9918692049
277251 -0.1217491298  -5.896172608e-05 0.9925609028
277501 -0.1162330531  -5.569392841e-05 0.9932219662
277751 -0.1107133889  -5.242077281e-05 0.9938523747
278001 -0.1051903077  -4.914235639e-05 0.9944521088
278251 -0.09966397981  -4.585877655e-05 0.99502115
278501 -0.09413457593  -4.257013129e-05 0.9955594808
278751 -0.08860226666  -3.927651869e-05 0.9960670845
279001 -0.08306722277  -3.597803726e-05 0.9965439454
279251 -0.07752961509  -3.267478579e-05 0.9969900489
279501 -0.07198961452  -2.936686364e-05 0.9974053812
279751 -0.06644739206  -2.605437024e-05 0.9977899295
280001 -0.06090311876  -2.273740546e-05 0.9981436818
280251 -0.05535696574  -1.94160694e-05 0.9984666273
280501 -0.04980910418  -1.609046274e-05 0.9987587561
280751 -0.04425970531  -1.276068624e-05 0.999020059
281001 -0.03870894041  -9.426841047e-06 0.999250528
281251 -0.03315698079  -6.089028553e-06 0.9994501561
281501 -0.02760399781  -2.747350708e-06 0.999618937
281751 -0.02205016286  5.980904778e-07 0.9997568656
282001 -0.01649564735  3.947192602e-06 0.9998639375
282251 -0.01094062272  7.299853043e-06 0.9999401495
282501 -0.005385260423  1.065596863e-05 0.9999854993
282751 0.0001702680845  1.401543614e-05 0.9999999854
283001 0.005725791335  1.737815198e-05 0.9999836073
283251 0.01128113786  2.074401234e-05 0.9999363657
283501 0.0168361362  2.411291288e-05 0.9998582619
283751 0.02239061491  2.748474922e-05 0.9997492984
284001 0.02794440255  3.085941662e-05 0.9996094784
284251 0.03349732771  3.423681014e-05 0.9994388064
284501 0.039049219  3.761682432e-05 0.9992372876
284751 0.04459990506  4.099935367e-05 0.9990049283
285001 0.05014921459  4.438429237e-05 0.9987417355
285251 0.05569697631  4.777153439e-05 0.9984477175
285501 0.06124301898  5.11609732e-05 0.9981228832
285751 0.06678717144  5.455250228e-05 0.9977672427
286001 0.07232926257  5.794601473e-05 0.9973808071
286251 0.07786912132  6.134140352e-05 0.9969635882
286501 0.08340657671  6.473856111e-05 0.9965155988
286751 0.08894145782  6.813737996e-05 0.9960368529
287001 0.09447359383  7.153775221e-05 0.9955273652
287251 0.100002814  7.493956984e-05 0.9949871514
287501 0.1055289477  7.834272435e-05 0.9944162283
287751 0.1110518243  8.174710726e-05 0.9938146133
288001 0.1165712733  8.515260978e-05 0.9931823251
288251 0.1220871246  8.855912297e-05 0.9925193832
288501 0.1275992077  9.196653743e-05 0.9918258081
288751 0.1331073525  9.537474379e-05 0.9911016212
289001 0.1386113891  9.878363238e-05 0.9903468448
289251 0.1441111476  0.0001021930934 0.9895615022
289501 0.1496064583  0.0001056030166 0.9887456177
289751 0.1550971514  0.0001090132918 0.9878992164
290001 0.1605830576  0.0001124238084 0.9870223244
290251 0.1660640076  0.000115834456 0.9861149689
290501 0.1715398321  0.0001192451234 0.9851771778
290751 0.1770103623  0.0001226556996 0.9842089801
291001 0.1824754291  0.0001260660735 0.9832104057
291251 0.187934864  0.0001294761336 0.9821814853
291501 0.1933884984  0.0001328857682 0.9811222508
291751 0.1988361641  0.0001362948656 0.9800327348
292001 0.2042776929  0.0001397033138 0.9789129709
292251 0.2097129168  0.0001431110009 0.9777629938
292501 0.2151416681  0.0001465178142 0.9765828388
292751 0.2205637793  0.0001499236415 0.9753725425
293001 0.2259790829  0.0001533283703 0.9741321422
293251 0.2313874119  0.0001567318877 0.9728616762
293501 0.2367885994  0.0001601340807 0.9715611836
293751 0.2421824785  0.0001635348365 0.9702307047
294001 0.2475688829  0.0001669340417 0.9688702804
294251 0.2529476463  0.0001703315832 0.9674799528
294501 0.2583186027  0.0001737273472 0.9660597648
294751 0.2636815864  0.0001771212205 0.9646097603
295001 0.2690364317  0.0001805130891 0.9631299838
295251 0.2743829734  0.0001839028393 0.9616204813
295501 0.2797210466  0.0001872903571 0.9600812991
295751 0.2850504864  0.0001906755285 0.9585124849
296001 0.2903711284  0.0001940582392 0.9569140871
296251 0.2956828083  0.0001974383751 0.9552861549
296501 0.3009853622  0.0002008158216 0.9536287387
296751 0.3062786265  0.0002041904642 0.9519418896
297001 0.3115624378  0.0002075621885 0.9502256596
297251 0.3168366329  0.0002109308799 0.9484801018
297501 0.3221010492  0.0002142964233 0.9467052699
297751 0.3273555241  0.000217658704 0.9449012189
298001 0.3325998955  0.0002210176071 0.9430680042
298251 0.3378340014  0.0002243730178 0.9412056827
298501 0.3430576805  0.0002277248206 0.9393143116
298751 0.3482707713  0.0002310729006 0.9373939494
299001 0.3534731131  0.0002344171426 0.9354446554
299251 0.3586645452  0.0002377574314 0.9334664897
299501 0.3638449074  0.0002410936515 0.9314595134
299751 0.3690140399  0.0002444256876 0.9294237884
